CMTE_ID,TRANSACTION_DT,TRANSACTION_AMT,Year,Date,Month
C00492785,2052018.0,25,2018,05,2
C00492785,2052018.0,25,2018,05,2
C00492785,2052018.0,25,2018,05,2
C00492785,2052018.0,25,2018,05,2
C00492785,2052018.0,25,2018,05,2
C00492785,2052018.0,100,2018,05,2
C00492785,2052018.0,25,2018,05,2
C00492785,2082018.0,50,2018,08,2
C00492785,2082018.0,50,2018,08,2
C00492785,2082018.0,50,2018,08,2
C00492785,2082018.0,25,2018,08,2
C00492785,2082018.0,50,2018,08,2
C00492785,2082018.0,250,2018,08,2
C00492785,2082018.0,25,2018,08,2
C00492785,2082018.0,25,2018,08,2
C00492785,2082018.0,35,2018,08,2
C00492785,2082018.0,35,2018,08,2
C00492785,2062018.0,100,2018,06,2
C00492785,2062018.0,-100,2018,06,2
C00492785,2092018.0,100,2018,09,2
C00492785,2092018.0,50,2018,09,2
C00492785,2092018.0,25,2018,09,2
C00492785,2092018.0,50,2018,09,2
C00492785,2092018.0,100,2018,09,2
C00492785,2142018.0,100,2018,14,2
C00492785,2142018.0,50,2018,14,2
C00492785,2142018.0,50,2018,14,2
C00492785,2142018.0,50,2018,14,2
C00492785,2142018.0,450,2018,14,2
C00492785,2142018.0,15,2018,14,2
C00492785,2142018.0,100,2018,14,2
C00492785,2142018.0,25,2018,14,2
C00492785,2142018.0,25,2018,14,2
C00492785,2142018.0,55,2018,14,2
C00492785,2142018.0,20,2018,14,2
C00492785,2142018.0,50,2018,14,2
C00492785,2142018.0,100,2018,14,2
C00492785,2142018.0,250,2018,14,2
C00492785,2062018.0,-100,2018,06,2
C00492785,2012018.0,25,2018,01,2
C00492785,2012018.0,5,2018,01,2
C00492785,2012018.0,10,2018,01,2
C00492785,2012018.0,2500,2018,01,2
C00492785,2012018.0,50,2018,01,2
C00492785,2012018.0,100,2018,01,2
C00492785,2012018.0,100,2018,01,2
C00492785,2012018.0,50,2018,01,2
C00492785,2142018.0,100,2018,14,2
C00492785,2142018.0,30,2018,14,2
C00492785,2142018.0,35,2018,14,2
C00492785,2142018.0,150,2018,14,2
C00492785,2142018.0,200,2018,14,2
C00492785,2062018.0,13,2018,06,2
C00492785,2062018.0,50,2018,06,2
C00492785,2062018.0,100,2018,06,2
C00492785,2092018.0,50,2018,09,2
C00492785,2092018.0,20,2018,09,2
C00492785,2092018.0,50,2018,09,2
C00492785,2092018.0,100,2018,09,2
C00492785,2092018.0,100,2018,09,2
C00492785,2092018.0,100,2018,09,2
C00492785,2092018.0,100,2018,09,2
C00492785,2092018.0,75,2018,09,2
C00492785,2092018.0,10,2018,09,2
C00492785,2092018.0,50,2018,09,2
C00492785,2092018.0,50,2018,09,2
C00492785,2092018.0,200,2018,09,2
C00492785,2092018.0,100,2018,09,2
C00492785,2092018.0,50,2018,09,2
C00492785,2092018.0,50,2018,09,2
C00492785,2132018.0,25,2018,13,2
C00492785,2132018.0,35,2018,13,2
C00492785,2132018.0,1000,2018,13,2
C00492785,2132018.0,-50,2018,13,2
C00492785,2012018.0,500,2018,01,2
C00492785,2012018.0,500,2018,01,2
C00492785,2092018.0,25,2018,09,2
C00492785,2092018.0,2700,2018,09,2
C00492785,2092018.0,50,2018,09,2
C00492785,2092018.0,25,2018,09,2
C00492785,2092018.0,50,2018,09,2
C00492785,2092018.0,25,2018,09,2
C00492785,2092018.0,300,2018,09,2
C00492785,2092018.0,27,2018,09,2
C00492785,2092018.0,25,2018,09,2
C00492785,2092018.0,50,2018,09,2
C00492785,2092018.0,25,2018,09,2
C00492785,2092018.0,100,2018,09,2
C00492785,2092018.0,50,2018,09,2
C00492785,2092018.0,25,2018,09,2
C00492785,2092018.0,25,2018,09,2
C00492785,2052018.0,50,2018,05,2
C00492785,2052018.0,100,2018,05,2
C00492785,2052018.0,100,2018,05,2
C00492785,2142018.0,100,2018,14,2
C00492785,2142018.0,-100,2018,14,2
C00492785,2052018.0,25,2018,05,2
C00492785,2052018.0,25,2018,05,2
C00492785,2052018.0,25,2018,05,2
C00492785,2052018.0,100,2018,05,2
C00492785,2052018.0,50,2018,05,2
C00492785,2052018.0,25,2018,05,2
C00492785,2052018.0,25,2018,05,2
C00492785,2052018.0,50,2018,05,2
C00492785,2052018.0,50,2018,05,2
C00492785,2052018.0,25,2018,05,2
C00492785,2052018.0,25,2018,05,2
C00492785,2052018.0,25,2018,05,2
C00492785,2082018.0,300,2018,08,2
C00492785,2142018.0,300,2018,14,2
C00492785,2122018.0,1000,2018,12,2
C00492785,2122018.0,25,2018,12,2
C00492785,2122018.0,150,2018,12,2
C00492785,2122018.0,150,2018,12,2
C00492785,2142018.0,200,2018,14,2
C00492785,2142018.0,25,2018,14,2
C00492785,2142018.0,15,2018,14,2
C00492785,2142018.0,75,2018,14,2
C00492785,2142018.0,50,2018,14,2
C00492785,2142018.0,30,2018,14,2
C00492785,2142018.0,25,2018,14,2
C00492785,2142018.0,1000,2018,14,2
C00492785,2142018.0,20,2018,14,2
C00492785,2142018.0,50,2018,14,2
C00492785,2142018.0,100,2018,14,2
C00492785,2142018.0,200,2018,14,2
C00492785,2142018.0,25,2018,14,2
C00492785,2142018.0,75,2018,14,2
C00492785,2142018.0,50,2018,14,2
C00492785,2052018.0,25,2018,05,2
C00492785,2052018.0,25,2018,05,2
C00492785,2052018.0,25,2018,05,2
C00492785,2052018.0,25,2018,05,2
C00492785,2082018.0,25,2018,08,2
C00492785,2082018.0,100,2018,08,2
C00492785,2062018.0,50,2018,06,2
C00492785,2062018.0,-50,2018,06,2
C00492785,2012018.0,15,2018,01,2
C00492785,2012018.0,25,2018,01,2
C00492785,2012018.0,25,2018,01,2
C00492785,2012018.0,10,2018,01,2
C00492785,2012018.0,10,2018,01,2
C00492785,2012018.0,50,2018,01,2
C00492785,2012018.0,1000,2018,01,2
C00492785,2012018.0,25,2018,01,2
C00492785,2012018.0,50,2018,01,2
C00492785,2012018.0,25,2018,01,2
C00492785,2012018.0,25,2018,01,2
C00492785,2012018.0,25,2018,01,2
C00492785,2012018.0,10,2018,01,2
C00492785,2012018.0,250,2018,01,2
C00492785,2012018.0,25,2018,01,2
C00492785,2012018.0,25,2018,01,2
C00492785,2012018.0,25,2018,01,2
C00492785,2132018.0,50,2018,13,2
C00492785,2132018.0,35,2018,13,2
C00492785,2132018.0,50,2018,13,2
C00492785,2132018.0,200,2018,13,2
C00492785,2132018.0,100,2018,13,2
C00492785,2132018.0,25,2018,13,2
C00492785,2132018.0,250,2018,13,2
C00492785,2132018.0,50,2018,13,2
C00492785,2132018.0,50,2018,13,2
C00492785,2132018.0,100,2018,13,2
C00492785,2142018.0,35,2018,14,2
C00492785,2142018.0,25,2018,14,2
C00492785,2142018.0,25,2018,14,2
C00492785,2142018.0,50,2018,14,2
C00492785,2012018.0,250,2018,01,2
C00492785,2012018.0,15,2018,01,2
C00492785,2012018.0,25,2018,01,2
C00492785,2012018.0,100,2018,01,2
C00492785,2012018.0,25,2018,01,2
C00492785,2012018.0,25,2018,01,2
C00492785,2142018.0,100,2018,14,2
C00492785,2142018.0,-100,2018,14,2
C00492785,2062018.0,10,2018,06,2
C00492785,2062018.0,150,2018,06,2
C00492785,2062018.0,25,2018,06,2
C00492785,2092018.0,100,2018,09,2
C00492785,2092018.0,100,2018,09,2
C00492785,2092018.0,100,2018,09,2
C00492785,2092018.0,100,2018,09,2
C00492785,2092018.0,100,2018,09,2
C00492785,2092018.0,50,2018,09,2
C00492785,2092018.0,35,2018,09,2
C00492785,2092018.0,100,2018,09,2
C00492785,2092018.0,150,2018,09,2
C00492785,2092018.0,50,2018,09,2
C00492785,2092018.0,75,2018,09,2
C00492785,2092018.0,25,2018,09,2
C00492785,2092018.0,100,2018,09,2
C00492785,2092018.0,50,2018,09,2
C00492785,2122018.0,500,2018,12,2
C00492785,2122018.0,25,2018,12,2
C00492785,2122018.0,50,2018,12,2
C00492785,2122018.0,1000,2018,12,2
C00492785,2122018.0,100,2018,12,2
C00492785,2122018.0,50,2018,12,2
C00492785,2122018.0,25,2018,12,2
C00492785,2122018.0,25,2018,12,2
C00492785,2122018.0,80,2018,12,2
C00492785,2122018.0,50,2018,12,2
C00492785,2122018.0,100,2018,12,2
C00492785,2122018.0,200,2018,12,2
C00492785,2142018.0,200,2018,14,2
C00492785,2142018.0,-200,2018,14,2
C00492785,2122018.0,225,2018,12,2
C00492785,2122018.0,500,2018,12,2
C00492785,2142018.0,-300,2018,14,2
C00492785,2082018.0,25,2018,08,2
C00492785,2082018.0,15,2018,08,2
C00492785,2082018.0,250,2018,08,2
C00492785,2082018.0,70,2018,08,2
C00492785,2082018.0,100,2018,08,2
C00492785,2082018.0,100,2018,08,2
C00492785,2082018.0,50,2018,08,2
C00492785,2082018.0,50,2018,08,2
C00492785,2082018.0,250,2018,08,2
C00492785,2082018.0,50,2018,08,2
C00492785,2142018.0,50,2018,14,2
C00492785,2142018.0,20,2018,14,2
C00492785,2142018.0,75,2018,14,2
C00492785,2142018.0,100,2018,14,2
C00492785,2052018.0,25,2018,05,2
C00492785,2052018.0,25,2018,05,2
C00492785,2052018.0,100,2018,05,2
C00492785,2052018.0,2700,2018,05,2
C00492785,2052018.0,-500,2018,05,2
C00492785,2052018.0,500,2018,05,2
C00492785,2052018.0,2700,2018,05,2
C00492785,2052018.0,50,2018,05,2
C00492785,2052018.0,25,2018,05,2
C00492785,2052018.0,25,2018,05,2
C00492785,2052018.0,25,2018,05,2
C00492785,2052018.0,50,2018,05,2
C00492785,2052018.0,25,2018,05,2
C00492785,2052018.0,25,2018,05,2
C00492785,2052018.0,75,2018,05,2
C00492785,2072018.0,100,2018,07,2
C00492785,2072018.0,200,2018,07,2
C00492785,2072018.0,100,2018,07,2
C00492785,2072018.0,500,2018,07,2
C00492785,2072018.0,35,2018,07,2
C00492785,2072018.0,55,2018,07,2
C00492785,2072018.0,200,2018,07,2
C00492785,2142018.0,100,2018,14,2
C00492785,2142018.0,-100,2018,14,2
C00492785,2072018.0,25,2018,07,2
C00492785,2072018.0,25,2018,07,2
C00492785,2072018.0,250,2018,07,2
C00492785,2072018.0,50,2018,07,2
C00492785,2072018.0,50,2018,07,2
C00492785,2072018.0,30,2018,07,2
C00492785,2012018.0,25,2018,01,2
C00492785,2072018.0,900,2018,07,2
C00492785,2142018.0,100,2018,14,2
C00492785,2142018.0,40,2018,14,2
C00492785,2142018.0,15,2018,14,2
C00492785,2142018.0,50,2018,14,2
C00492785,2142018.0,35,2018,14,2
C00492785,2142018.0,150,2018,14,2
C00492785,2142018.0,100,2018,14,2
C00492785,2142018.0,50,2018,14,2
C00492785,2142018.0,75,2018,14,2
C00492785,2142018.0,25,2018,14,2
C00492785,2142018.0,30,2018,14,2
C00492785,2142018.0,100,2018,14,2
C00492785,2142018.0,50,2018,14,2
C00492785,2142018.0,100,2018,14,2
C00492785,2142018.0,50,2018,14,2
C00492785,2092018.0,50,2018,09,2
C00492785,2092018.0,25,2018,09,2
C00492785,2092018.0,25,2018,09,2
C00492785,2092018.0,75,2018,09,2
C00492785,2092018.0,100,2018,09,2
C00492785,2092018.0,50,2018,09,2
C00492785,2092018.0,25,2018,09,2
C00492785,2092018.0,75,2018,09,2
C00492785,2092018.0,25,2018,09,2
C00492785,2092018.0,250,2018,09,2
C00492785,2142018.0,250,2018,14,2
C00492785,2142018.0,-250,2018,14,2
C00492785,2092018.0,200,2018,09,2
C00492785,2062018.0,250,2018,06,2
C00492785,2062018.0,50,2018,06,2
C00492785,2062018.0,200,2018,06,2
C00492785,2062018.0,100,2018,06,2
C00492785,2062018.0,25,2018,06,2
C00492785,2062018.0,250,2018,06,2
C00492785,2062018.0,225,2018,06,2
C00492785,2062018.0,100,2018,06,2
C00492785,2062018.0,75,2018,06,2
C00492785,2062018.0,25,2018,06,2
C00492785,2062018.0,50,2018,06,2
C00492785,2062018.0,25,2018,06,2
C00492785,2062018.0,25,2018,06,2
C00492785,2062018.0,1000,2018,06,2
C00492785,2142018.0,50,2018,14,2
C00492785,2142018.0,100,2018,14,2
C00492785,2142018.0,100,2018,14,2
C00492785,2092018.0,25,2018,09,2
C00492785,2092018.0,40,2018,09,2
C00492785,2062018.0,100,2018,06,2
C00492785,2062018.0,-100,2018,06,2
C00492785,2142018.0,60,2018,14,2
C00492785,2142018.0,50,2018,14,2
C00492785,2142018.0,25,2018,14,2
C00492785,2082018.0,25,2018,08,2
C00492785,2082018.0,50,2018,08,2
C00492785,2082018.0,25,2018,08,2
C00492785,2082018.0,35,2018,08,2
C00492785,2082018.0,100,2018,08,2
C00492785,2082018.0,50,2018,08,2
C00492785,2082018.0,200,2018,08,2
C00492785,2142018.0,100,2018,14,2
C00492785,2142018.0,50,2018,14,2
C00492785,2142018.0,100,2018,14,2
C00492785,2142018.0,50,2018,14,2
C00492785,2142018.0,100,2018,14,2
C00492785,2142018.0,25,2018,14,2
C00492785,2142018.0,50,2018,14,2
C00492785,2022018.0,250,2018,02,2
C00492785,2022018.0,25,2018,02,2
C00492785,2072018.0,150,2018,07,2
C00492785,2072018.0,25,2018,07,2
C00492785,2072018.0,150,2018,07,2
C00492785,2072018.0,100,2018,07,2
C00492785,2092018.0,100,2018,09,2
C00492785,2092018.0,50,2018,09,2
C00492785,2092018.0,25,2018,09,2
C00492785,2092018.0,100,2018,09,2
C00492785,2092018.0,25,2018,09,2
C00492785,2092018.0,40,2018,09,2
C00492785,2092018.0,35,2018,09,2
C00492785,2092018.0,250,2018,09,2
C00492785,2092018.0,25,2018,09,2
C00492785,2092018.0,50,2018,09,2
C00492785,2092018.0,10,2018,09,2
C00492785,2092018.0,100,2018,09,2
C00492785,2012018.0,25,2018,01,2
C00492785,2012018.0,25,2018,01,2
C00492785,2012018.0,25,2018,01,2
C00492785,2012018.0,10,2018,01,2
C00492785,2012018.0,25,2018,01,2
C00492785,2012018.0,10,2018,01,2
C00492785,2022018.0,100,2018,02,2
C00492785,2022018.0,10,2018,02,2
C00492785,2022018.0,50,2018,02,2
C00492785,2062018.0,100,2018,06,2
C00492785,2062018.0,100,2018,06,2
C00492785,2062018.0,25,2018,06,2
C00492785,2062018.0,25,2018,06,2
C00492785,2062018.0,60,2018,06,2
C00492785,2062018.0,100,2018,06,2
C00492785,2062018.0,25,2018,06,2
C00492785,2062018.0,500,2018,06,2
C00492785,2142018.0,-300,2018,14,2
C00492785,2142018.0,300,2018,14,2
C00492785,2142018.0,50,2018,14,2
C00492785,2142018.0,35,2018,14,2
C00492785,2142018.0,50,2018,14,2
C00492785,2142018.0,150,2018,14,2
C00492785,2122018.0,200,2018,12,2
C00492785,2122018.0,100,2018,12,2
C00492785,2052018.0,25,2018,05,2
C00492785,2052018.0,25,2018,05,2
C00492785,2052018.0,25,2018,05,2
C00492785,2142018.0,50,2018,14,2
C00492785,2142018.0,25,2018,14,2
C00492785,2142018.0,20,2018,14,2
C00492785,2142018.0,25,2018,14,2
C00492785,2142018.0,500,2018,14,2
C00492785,2142018.0,50,2018,14,2
C00492785,2142018.0,100,2018,14,2
C00492785,2142018.0,100,2018,14,2
C00492785,2142018.0,50,2018,14,2
C00492785,2142018.0,200,2018,14,2
C00492785,2142018.0,100,2018,14,2
C00492785,2142018.0,500,2018,14,2
C00492785,2022018.0,35,2018,02,2
C00492785,2022018.0,300,2018,02,2
C00492785,2022018.0,500,2018,02,2
C00492785,2022018.0,10,2018,02,2
C00492785,2022018.0,25,2018,02,2
C00492785,2022018.0,10,2018,02,2
C00492785,2022018.0,10,2018,02,2
C00492785,2022018.0,1000,2018,02,2
C00492785,2022018.0,50,2018,02,2
C00492785,2022018.0,10,2018,02,2
C00492785,2022018.0,20,2018,02,2
C00492785,2022018.0,10,2018,02,2
C00492785,2032018.0,25,2018,03,2
C00492785,2032018.0,25,2018,03,2
C00492785,2072018.0,500,2018,07,2
C00492785,2072018.0,200,2018,07,2
C00492785,2072018.0,50,2018,07,2
C00492785,2012018.0,-500,2018,01,2
C00492785,2092018.0,20,2018,09,2
C00492785,2092018.0,30,2018,09,2
C00492785,2092018.0,50,2018,09,2
C00492785,2092018.0,150,2018,09,2
C00492785,2072018.0,500,2018,07,2
C00492785,2072018.0,50,2018,07,2
C00492785,2072018.0,25,2018,07,2
C00492785,2072018.0,50,2018,07,2
C00492785,2022018.0,13,2018,02,2
C00492785,2022018.0,25,2018,02,2
C00492785,2022018.0,10,2018,02,2
C00492785,2022018.0,250,2018,02,2
C00492785,2072018.0,100,2018,07,2
C00492785,2072018.0,250,2018,07,2
C00492785,2072018.0,25,2018,07,2
C00492785,2072018.0,25,2018,07,2
C00492785,2072018.0,100,2018,07,2
C00492785,2072018.0,20,2018,07,2
C00492785,2122018.0,25,2018,12,2
C00492785,2122018.0,50,2018,12,2
C00492785,2122018.0,100,2018,12,2
C00492785,2122018.0,25,2018,12,2
C00492785,2122018.0,2700,2018,12,2
C00492785,2122018.0,50,2018,12,2
C00492785,2142018.0,250,2018,14,2
C00492785,2142018.0,100,2018,14,2
C00492785,2142018.0,100,2018,14,2
C00492785,2142018.0,25,2018,14,2
C00492785,2142018.0,100,2018,14,2
C00492785,2142018.0,100,2018,14,2
C00492785,2142018.0,30,2018,14,2
C00492785,2142018.0,100,2018,14,2
C00492785,2142018.0,100,2018,14,2
C00492785,2142018.0,25,2018,14,2
C00492785,2142018.0,500,2018,14,2
C00492785,2052018.0,25,2018,05,2
C00492785,2052018.0,25,2018,05,2
C00492785,2052018.0,25,2018,05,2
C00492785,2052018.0,25,2018,05,2
C00492785,2052018.0,25,2018,05,2
C00492785,2052018.0,25,2018,05,2
C00492785,2022018.0,100,2018,02,2
C00492785,2072018.0,300,2018,07,2
C00492785,2072018.0,100,2018,07,2
C00492785,2072018.0,100,2018,07,2
C00492785,2142018.0,-2700,2018,14,2
C00492785,2142018.0,2700,2018,14,2
C00492785,2072018.0,100,2018,07,2
C00492785,2072018.0,100,2018,07,2
C00492785,2072018.0,125,2018,07,2
C00492785,2072018.0,100,2018,07,2
C00492785,2072018.0,100,2018,07,2
C00492785,2142018.0,100,2018,14,2
C00492785,2142018.0,-100,2018,14,2
C00492785,2072018.0,100,2018,07,2
C00492785,2072018.0,100,2018,07,2
C00492785,2072018.0,25,2018,07,2
C00492785,2072018.0,35,2018,07,2
C00492785,2112018.0,100,2018,11,2
C00492785,2112018.0,100,2018,11,2
C00492785,2112018.0,50,2018,11,2
C00492785,2092018.0,50,2018,09,2
C00492785,2092018.0,100,2018,09,2
C00492785,2092018.0,50,2018,09,2
C00492785,2092018.0,100,2018,09,2
C00492785,2142018.0,25,2018,14,2
C00492785,2142018.0,40,2018,14,2
C00492785,2142018.0,100,2018,14,2
C00492785,2142018.0,20,2018,14,2
C00492785,2142018.0,25,2018,14,2
C00492785,2142018.0,100,2018,14,2
C00492785,2142018.0,250,2018,14,2
C00492785,2142018.0,50,2018,14,2
C00492785,2142018.0,100,2018,14,2
C00492785,2142018.0,100,2018,14,2
C00492785,2142018.0,10,2018,14,2
C00492785,2072018.0,150,2018,07,2
C00492785,2072018.0,25,2018,07,2
C00492785,2072018.0,100,2018,07,2
C00492785,2072018.0,50,2018,07,2
C00492785,2072018.0,25,2018,07,2
C00492785,2072018.0,100,2018,07,2
C00492785,2072018.0,25,2018,07,2
C00492785,2072018.0,35,2018,07,2
C00492785,2072018.0,50,2018,07,2
C00492785,2072018.0,50,2018,07,2
C00492785,2072018.0,200,2018,07,2
C00492785,2072018.0,25,2018,07,2
C00492785,2072018.0,100,2018,07,2
C00492785,2092018.0,75,2018,09,2
C00492785,2092018.0,100,2018,09,2
C00492785,2142018.0,50,2018,14,2
C00492785,2142018.0,25,2018,14,2
C00492785,2142018.0,150,2018,14,2
C00492785,2142018.0,20,2018,14,2
C00492785,2142018.0,10,2018,14,2
C00492785,2142018.0,35,2018,14,2
C00492785,2142018.0,25,2018,14,2
C00492785,2142018.0,250,2018,14,2
C00492785,2142018.0,100,2018,14,2
C00492785,2142018.0,100,2018,14,2
C00492785,2142018.0,100,2018,14,2
C00492785,2142018.0,30,2018,14,2
C00492785,2142018.0,75,2018,14,2
C00492785,2142018.0,100,2018,14,2
C00492785,2142018.0,200,2018,14,2
C00492785,2142018.0,100,2018,14,2
C00492785,2142018.0,25,2018,14,2
C00492785,2142018.0,25,2018,14,2
C00492785,2142018.0,1000,2018,14,2
C00492785,2142018.0,100,2018,14,2
C00492785,2142018.0,300,2018,14,2
C00492785,2142018.0,500,2018,14,2
C00492785,2142018.0,100,2018,14,2
C00492785,2142018.0,150,2018,14,2
C00492785,2062018.0,100,2018,06,2
C00492785,2062018.0,-100,2018,06,2
C00492785,2062018.0,-50,2018,06,2
C00492785,2062018.0,25,2018,06,2
C00492785,2062018.0,-25,2018,06,2
C00492785,2142018.0,1000,2018,14,2
C00492785,2142018.0,100,2018,14,2
C00492785,2142018.0,100,2018,14,2
C00492785,2142018.0,50,2018,14,2
C00492785,2142018.0,50,2018,14,2
C00492785,2142018.0,45,2018,14,2
C00492785,2142018.0,50,2018,14,2
C00492785,2142018.0,50,2018,14,2
C00492785,2142018.0,200,2018,14,2
C00492785,2142018.0,15,2018,14,2
C00492785,2142018.0,100,2018,14,2
C00492785,2142018.0,50,2018,14,2
C00492785,2142018.0,25,2018,14,2
C00492785,2142018.0,150,2018,14,2
C00492785,2142018.0,50,2018,14,2
C00492785,2142018.0,50,2018,14,2
C00492785,2142018.0,25,2018,14,2
C00492785,2142018.0,20,2018,14,2
C00492785,2142018.0,75,2018,14,2
C00492785,2142018.0,150,2018,14,2
C00492785,2022018.0,35,2018,02,2
C00492785,2022018.0,100,2018,02,2
C00492785,2022018.0,40,2018,02,2
C00492785,2022018.0,25,2018,02,2
C00492785,2022018.0,50,2018,02,2
C00492785,2022018.0,20,2018,02,2
C00492785,2022018.0,500,2018,02,2
C00492785,2022018.0,50,2018,02,2
C00492785,2022018.0,50,2018,02,2
C00492785,2032018.0,100,2018,03,2
C00492785,2032018.0,100,2018,03,2
C00492785,2032018.0,25,2018,03,2
C00492785,2032018.0,25,2018,03,2
C00492785,2062018.0,25,2018,06,2
C00492785,2062018.0,-25,2018,06,2
C00492785,2032018.0,50,2018,03,2
C00492785,2042018.0,250,2018,04,2
C00492785,2042018.0,25,2018,04,2
C00492785,2072018.0,35,2018,07,2
C00492785,2072018.0,50,2018,07,2
C00492785,2072018.0,500,2018,07,2
C00492785,2072018.0,25,2018,07,2
C00492785,2072018.0,25,2018,07,2
C00492785,2072018.0,50,2018,07,2
C00492785,2072018.0,100,2018,07,2
C00492785,2072018.0,250,2018,07,2
C00492785,2072018.0,100,2018,07,2
C00492785,2072018.0,40,2018,07,2
C00492785,2072018.0,20,2018,07,2
C00492785,2072018.0,1000,2018,07,2
C00492785,2092018.0,25,2018,09,2
C00492785,2092018.0,100,2018,09,2
C00492785,2092018.0,50,2018,09,2
C00492785,2092018.0,25,2018,09,2
C00492785,2092018.0,25,2018,09,2
C00492785,2092018.0,50,2018,09,2
C00492785,2092018.0,250,2018,09,2
C00492785,2142018.0,50,2018,14,2
C00492785,2142018.0,25,2018,14,2
C00492785,2142018.0,100,2018,14,2
C00492785,2142018.0,35,2018,14,2
C00492785,2142018.0,25,2018,14,2
C00492785,2142018.0,150,2018,14,2
C00492785,2142018.0,25,2018,14,2
C00492785,2142018.0,25,2018,14,2
C00492785,2142018.0,200,2018,14,2
C00492785,2072018.0,100,2018,07,2
C00492785,2092018.0,100,2018,09,2
C00492785,2142018.0,50,2018,14,2
C00492785,2142018.0,25,2018,14,2
C00492785,2142018.0,100,2018,14,2
C00492785,2122018.0,100,2018,12,2
C00492785,2142018.0,100,2018,14,2
C00492785,2142018.0,100,2018,14,2
C00492785,2142018.0,25,2018,14,2
C00492785,2142018.0,250,2018,14,2
C00492785,2142018.0,50,2018,14,2
C00492785,2142018.0,30,2018,14,2
C00492785,2142018.0,25,2018,14,2
C00492785,2142018.0,100,2018,14,2
C00492785,2142018.0,100,2018,14,2
C00492785,2142018.0,25,2018,14,2
C00492785,2062018.0,100,2018,06,2
C00492785,2062018.0,-100,2018,06,2
C00492785,2042018.0,25,2018,04,2
C00492785,2072018.0,250,2018,07,2
C00492785,2072018.0,100,2018,07,2
C00492785,2072018.0,13,2018,07,2
C00492785,2072018.0,10,2018,07,2
C00492785,2072018.0,100,2018,07,2
C00492785,2072018.0,13,2018,07,2
C00492785,2072018.0,50,2018,07,2
C00492785,2072018.0,5,2018,07,2
C00492785,2072018.0,25,2018,07,2
C00492785,2082018.0,25,2018,08,2
C00492785,2082018.0,50,2018,08,2
C00492785,2082018.0,50,2018,08,2
C00492785,2082018.0,150,2018,08,2
C00492785,2082018.0,35,2018,08,2
C00492785,2082018.0,10,2018,08,2
C00492785,2082018.0,50,2018,08,2
C00492785,2072018.0,13,2018,07,2
C00492785,2092018.0,5,2018,09,2
C00492785,2092018.0,50,2018,09,2
C00492785,2092018.0,100,2018,09,2
C00492785,2092018.0,25,2018,09,2
C00492785,2092018.0,150,2018,09,2
C00492785,2092018.0,15,2018,09,2
C00492785,2092018.0,25,2018,09,2
C00492785,2092018.0,50,2018,09,2
C00492785,2092018.0,200,2018,09,2
C00492785,2092018.0,35,2018,09,2
C00492785,2022018.0,20,2018,02,2
C00492785,2022018.0,20,2018,02,2
C00492785,2022018.0,50,2018,02,2
C00492785,2022018.0,50,2018,02,2
C00492785,2022018.0,300,2018,02,2
C00492785,2022018.0,100,2018,02,2
C00492785,2022018.0,100,2018,02,2
C00492785,2022018.0,200,2018,02,2
C00492785,2022018.0,1000,2018,02,2
C00492785,2022018.0,25,2018,02,2
C00492785,2022018.0,10,2018,02,2
C00492785,2022018.0,50,2018,02,2
C00492785,2022018.0,25,2018,02,2
C00492785,2022018.0,25,2018,02,2
C00492785,2022018.0,500,2018,02,2
C00492785,2022018.0,25,2018,02,2
C00492785,2022018.0,200,2018,02,2
C00492785,2072018.0,15,2018,07,2
C00492785,2072018.0,25,2018,07,2
C00492785,2072018.0,50,2018,07,2
C00492785,2072018.0,100,2018,07,2
C00492785,2012018.0,5,2018,01,2
C00492785,2012018.0,100,2018,01,2
C00492785,2012018.0,25,2018,01,2
C00492785,2012018.0,100,2018,01,2
C00492785,2012018.0,10,2018,01,2
C00492785,2012018.0,25,2018,01,2
C00492785,2012018.0,50,2018,01,2
C00492785,2012018.0,25,2018,01,2
C00492785,2092018.0,25,2018,09,2
C00492785,2092018.0,50,2018,09,2
C00492785,2092018.0,50,2018,09,2
C00492785,2092018.0,50,2018,09,2
C00492785,2092018.0,50,2018,09,2
C00492785,2092018.0,50,2018,09,2
C00492785,2092018.0,100,2018,09,2
C00492785,2092018.0,25,2018,09,2
C00492785,2092018.0,100,2018,09,2
C00492785,2072018.0,25,2018,07,2
C00492785,2072018.0,50,2018,07,2
C00492785,2052018.0,25,2018,05,2
C00492785,2082018.0,100,2018,08,2
C00492785,2082018.0,250,2018,08,2
C00492785,2072018.0,25,2018,07,2
C00492785,2072018.0,25,2018,07,2
C00492785,2072018.0,50,2018,07,2
C00492785,2072018.0,100,2018,07,2
C00492785,2082018.0,50,2018,08,2
C00492785,2142018.0,20,2018,14,2
C00492785,2142018.0,25,2018,14,2
C00492785,2142018.0,150,2018,14,2
C00492785,2142018.0,100,2018,14,2
C00492785,2142018.0,30,2018,14,2
C00492785,2142018.0,200,2018,14,2
C00492785,2142018.0,25,2018,14,2
C00492785,2142018.0,200,2018,14,2
C00492785,2142018.0,100,2018,14,2
C00492785,2142018.0,40,2018,14,2
C00492785,2142018.0,25,2018,14,2
C00492785,2142018.0,25,2018,14,2
C00492785,2142018.0,50,2018,14,2
C00492785,2142018.0,10,2018,14,2
C00492785,2142018.0,35,2018,14,2
C00492785,2142018.0,200,2018,14,2
C00492785,2142018.0,25,2018,14,2
C00492785,2142018.0,300,2018,14,2
C00492785,2142018.0,25,2018,14,2
C00492785,2142018.0,100,2018,14,2
C00492785,2142018.0,100,2018,14,2
C00492785,2142018.0,1000,2018,14,2
C00492785,2142018.0,1000,2018,14,2
C00492785,2062018.0,25,2018,06,2
C00492785,2062018.0,-25,2018,06,2
C00492785,2142018.0,10,2018,14,2
C00492785,2142018.0,200,2018,14,2
C00492785,2142018.0,25,2018,14,2
C00492785,2142018.0,25,2018,14,2
C00492785,2142018.0,400,2018,14,2
C00492785,2142018.0,50,2018,14,2
C00492785,2142018.0,30,2018,14,2
C00492785,2142018.0,50,2018,14,2
C00492785,2142018.0,50,2018,14,2
C00492785,2142018.0,10,2018,14,2
C00492785,2142018.0,5,2018,14,2
C00492785,2142018.0,15,2018,14,2
C00492785,2142018.0,20,2018,14,2
C00492785,2142018.0,25,2018,14,2
C00492785,2142018.0,50,2018,14,2
C00492785,2142018.0,50,2018,14,2
C00492785,2032018.0,25,2018,03,2
C00492785,2062018.0,25,2018,06,2
C00492785,2062018.0,-25,2018,06,2
C00492785,2032018.0,25,2018,03,2
C00492785,2032018.0,15,2018,03,2
C00492785,2032018.0,35,2018,03,2
C00492785,2032018.0,35,2018,03,2
C00492785,2032018.0,250,2018,03,2
C00492785,2032018.0,10,2018,03,2
C00492785,2032018.0,30,2018,03,2
C00492785,2032018.0,50,2018,03,2
C00492785,2032018.0,100,2018,03,2
C00492785,2032018.0,100,2018,03,2
C00492785,2062018.0,100,2018,06,2
C00492785,2082018.0,35,2018,08,2
C00492785,2082018.0,50,2018,08,2
C00492785,2122018.0,75,2018,12,2
C00492785,2122018.0,200,2018,12,2
C00492785,2122018.0,100,2018,12,2
C00492785,2122018.0,50,2018,12,2
C00492785,2122018.0,50,2018,12,2
C00492785,2122018.0,150,2018,12,2
C00492785,2122018.0,1000,2018,12,2
C00492785,2122018.0,500,2018,12,2
C00492785,2122018.0,100,2018,12,2
C00492785,2052018.0,25,2018,05,2
C00492785,2052018.0,25,2018,05,2
C00492785,2052018.0,25,2018,05,2
C00492785,2052018.0,25,2018,05,2
C00492785,2052018.0,50,2018,05,2
C00492785,2052018.0,20,2018,05,2
C00492785,2052018.0,100,2018,05,2
C00492785,2052018.0,25,2018,05,2
C00492785,2052018.0,100,2018,05,2
C00492785,2052018.0,25,2018,05,2
C00492785,2052018.0,5,2018,05,2
C00492785,2082018.0,150,2018,08,2
C00492785,2082018.0,100,2018,08,2
C00492785,2082018.0,25,2018,08,2
C00492785,2092018.0,100,2018,09,2
C00492785,2092018.0,50,2018,09,2
C00492785,2092018.0,65,2018,09,2
C00492785,2092018.0,100,2018,09,2
C00492785,2092018.0,100,2018,09,2
C00492785,2092018.0,150,2018,09,2
C00492785,2092018.0,25,2018,09,2
C00492785,2092018.0,25,2018,09,2
C00492785,2072018.0,100,2018,07,2
C00492785,2072018.0,100,2018,07,2
C00492785,2072018.0,60,2018,07,2
C00492785,2072018.0,13,2018,07,2
C00492785,2072018.0,40,2018,07,2
C00492785,2072018.0,25,2018,07,2
C00492785,2072018.0,500,2018,07,2
C00492785,2072018.0,100,2018,07,2
C00492785,2072018.0,60,2018,07,2
C00492785,2072018.0,100,2018,07,2
C00492785,2072018.0,20,2018,07,2
C00492785,2072018.0,50,2018,07,2
C00492785,2072018.0,25,2018,07,2
C00492785,2072018.0,100,2018,07,2
C00492785,2072018.0,50,2018,07,2
C00492785,2072018.0,100,2018,07,2
C00492785,2012018.0,50,2018,01,2
C00492785,2012018.0,25,2018,01,2
C00492785,2012018.0,25,2018,01,2
C00492785,2012018.0,25,2018,01,2
C00492785,2012018.0,5,2018,01,2
C00492785,2012018.0,25,2018,01,2
C00492785,2072018.0,40,2018,07,2
C00492785,2072018.0,500,2018,07,2
C00492785,2072018.0,50,2018,07,2
C00492785,2092018.0,150,2018,09,2
C00492785,2092018.0,150,2018,09,2
C00492785,2092018.0,100,2018,09,2
C00492785,2092018.0,25,2018,09,2
C00492785,2092018.0,100,2018,09,2
C00492785,2092018.0,50,2018,09,2
C00492785,2092018.0,150,2018,09,2
C00492785,2092018.0,50,2018,09,2
C00492785,2092018.0,200,2018,09,2
C00492785,2092018.0,50,2018,09,2
C00492785,2092018.0,100,2018,09,2
C00492785,2092018.0,100,2018,09,2
C00492785,2092018.0,100,2018,09,2
C00492785,2092018.0,2000,2018,09,2
C00492785,2092018.0,100,2018,09,2
C00492785,2092018.0,100,2018,09,2
C00492785,2092018.0,25,2018,09,2
C00492785,2092018.0,25,2018,09,2
C00492785,2092018.0,25,2018,09,2
C00492785,2092018.0,50,2018,09,2
C00492785,2092018.0,50,2018,09,2
C00492785,2092018.0,25,2018,09,2
C00492785,2092018.0,150,2018,09,2
C00492785,2092018.0,200,2018,09,2
C00492785,2092018.0,10,2018,09,2
C00492785,2132018.0,25,2018,13,2
C00492785,2092018.0,100,2018,09,2
C00492785,2092018.0,75,2018,09,2
C00492785,2092018.0,250,2018,09,2
C00492785,2092018.0,100,2018,09,2
C00492785,2092018.0,20,2018,09,2
C00492785,2092018.0,50,2018,09,2
C00492785,2092018.0,25,2018,09,2
C00492785,2092018.0,100,2018,09,2
C00492785,2142018.0,70,2018,14,2
C00492785,2142018.0,150,2018,14,2
C00492785,2142018.0,50,2018,14,2
C00492785,2142018.0,250,2018,14,2
C00492785,2142018.0,100,2018,14,2
C00492785,2142018.0,5,2018,14,2
C00492785,2142018.0,250,2018,14,2
C00492785,2142018.0,750,2018,14,2
C00492785,2062018.0,50,2018,06,2
C00492785,2062018.0,25,2018,06,2
C00492785,2062018.0,1000,2018,06,2
C00492785,2062018.0,50,2018,06,2
C00492785,2142018.0,250,2018,14,2
C00492785,2142018.0,50,2018,14,2
C00492785,2142018.0,100,2018,14,2
C00492785,2142018.0,50,2018,14,2
C00492785,2142018.0,100,2018,14,2
C00492785,2142018.0,45,2018,14,2
C00492785,2142018.0,100,2018,14,2
C00492785,2142018.0,50,2018,14,2
C00492785,2142018.0,25,2018,14,2
C00492785,2052018.0,25,2018,05,2
C00492785,2052018.0,50,2018,05,2
C00492785,2052018.0,250,2018,05,2
C00492785,2052018.0,50,2018,05,2
C00492785,2052018.0,25,2018,05,2
C00492785,2052018.0,25,2018,05,2
C00492785,2052018.0,15,2018,05,2
C00492785,2052018.0,25,2018,05,2
C00492785,2052018.0,25,2018,05,2
C00492785,2052018.0,25,2018,05,2
C00492785,2052018.0,25,2018,05,2
C00492785,2052018.0,10,2018,05,2
C00492785,2052018.0,25,2018,05,2
C00492785,2052018.0,10,2018,05,2
C00492785,2052018.0,25,2018,05,2
C00492785,2052018.0,25,2018,05,2
C00492785,2072018.0,5400,2018,07,2
C00492785,2092018.0,5,2018,09,2
C00492785,2072018.0,100,2018,07,2
C00492785,2072018.0,100,2018,07,2
C00492785,2072018.0,51,2018,07,2
C00492785,2092018.0,400,2018,09,2
C00492785,2142018.0,50,2018,14,2
C00492785,2142018.0,25,2018,14,2
C00492785,2142018.0,40,2018,14,2
C00492785,2062018.0,-100,2018,06,2
C00492785,2052018.0,25,2018,05,2
C00492785,2052018.0,25,2018,05,2
C00492785,2052018.0,100,2018,05,2
C00492785,2072018.0,10,2018,07,2
C00492785,2072018.0,25,2018,07,2
C00492785,2072018.0,25,2018,07,2
C00492785,2072018.0,100,2018,07,2
C00492785,2072018.0,100,2018,07,2
C00492785,2072018.0,100,2018,07,2
C00492785,2072018.0,200,2018,07,2
C00492785,2082018.0,50,2018,08,2
C00492785,2082018.0,200,2018,08,2
C00492785,2082018.0,25,2018,08,2
C00492785,2082018.0,200,2018,08,2
C00492785,2082018.0,100,2018,08,2
C00492785,2082018.0,50,2018,08,2
C00492785,2082018.0,250,2018,08,2
C00492785,2082018.0,50,2018,08,2
C00492785,2082018.0,200,2018,08,2
C00492785,2092018.0,50,2018,09,2
C00492785,2082018.0,50,2018,08,2
C00492785,2072018.0,50,2018,07,2
C00492785,2072018.0,13,2018,07,2
C00492785,2072018.0,20,2018,07,2
C00492785,2072018.0,50,2018,07,2
C00492785,2072018.0,200,2018,07,2
C00492785,2072018.0,13,2018,07,2
C00492785,2092018.0,75,2018,09,2
C00492785,2092018.0,25,2018,09,2
C00492785,2092018.0,50,2018,09,2
C00492785,2092018.0,50,2018,09,2
C00492785,2092018.0,150,2018,09,2
C00492785,2092018.0,1000,2018,09,2
C00492785,2092018.0,100,2018,09,2
C00492785,2142018.0,10,2018,14,2
C00492785,2142018.0,25,2018,14,2
C00492785,2142018.0,25,2018,14,2
C00492785,2142018.0,50,2018,14,2
C00492785,2142018.0,50,2018,14,2
C00492785,2142018.0,50,2018,14,2
C00492785,2142018.0,25,2018,14,2
C00492785,2142018.0,200,2018,14,2
C00492785,2142018.0,75,2018,14,2
C00492785,2142018.0,200,2018,14,2
C00492785,2142018.0,250,2018,14,2
C00492785,2142018.0,35,2018,14,2
C00492785,2142018.0,50,2018,14,2
C00492785,2142018.0,100,2018,14,2
C00492785,2142018.0,13,2018,14,2
C00492785,2142018.0,50,2018,14,2
C00492785,2142018.0,30,2018,14,2
C00492785,2142018.0,50,2018,14,2
C00492785,2142018.0,100,2018,14,2
C00492785,2012018.0,1000,2018,01,2
C00492785,2012018.0,25,2018,01,2
C00492785,2012018.0,100,2018,01,2
C00492785,2012018.0,25,2018,01,2
C00492785,2012018.0,10,2018,01,2
C00492785,2012018.0,100,2018,01,2
C00492785,2012018.0,10,2018,01,2
C00492785,2092018.0,500,2018,09,2
C00492785,2092018.0,75,2018,09,2
C00492785,2092018.0,75,2018,09,2
C00492785,2092018.0,100,2018,09,2
C00492785,2092018.0,200,2018,09,2
C00492785,2092018.0,10,2018,09,2
C00492785,2142018.0,50,2018,14,2
C00492785,2142018.0,100,2018,14,2
C00492785,2142018.0,20,2018,14,2
C00492785,2142018.0,100,2018,14,2
C00492785,2142018.0,25,2018,14,2
C00492785,2142018.0,200,2018,14,2
C00492785,2142018.0,200,2018,14,2
C00492785,2142018.0,200,2018,14,2
C00492785,2142018.0,-200,2018,14,2
C00492785,2142018.0,100,2018,14,2
C00492785,2062018.0,50,2018,06,2
C00492785,2062018.0,-50,2018,06,2
C00492785,2052018.0,25,2018,05,2
C00492785,2142018.0,25,2018,14,2
C00492785,2142018.0,-25,2018,14,2
C00492785,2052018.0,25,2018,05,2
C00492785,2052018.0,25,2018,05,2
C00492785,2052018.0,25,2018,05,2
C00492785,2052018.0,25,2018,05,2
C00492785,2052018.0,25,2018,05,2
C00492785,2052018.0,25,2018,05,2
C00492785,2052018.0,50,2018,05,2
C00492785,2052018.0,25,2018,05,2
C00492785,2052018.0,25,2018,05,2
C00492785,2052018.0,50,2018,05,2
C00492785,2092018.0,250,2018,09,2
C00492785,2092018.0,25,2018,09,2
C00492785,2142018.0,25,2018,14,2
C00492785,2142018.0,-25,2018,14,2
C00492785,2092018.0,100,2018,09,2
C00492785,2092018.0,100,2018,09,2
C00492785,2092018.0,200,2018,09,2
C00492785,2092018.0,50,2018,09,2
C00492785,2092018.0,50,2018,09,2
C00492785,2092018.0,50,2018,09,2
C00492785,2092018.0,50,2018,09,2
C00492785,2092018.0,50,2018,09,2
C00492785,2102018.0,50,2018,10,2
C00492785,2102018.0,75,2018,10,2
C00492785,2102018.0,50,2018,10,2
C00492785,2102018.0,25,2018,10,2
C00492785,2102018.0,15,2018,10,2
C00492785,2062018.0,-1138,2018,06,2
C00492785,2062018.0,1138,2018,06,2
C00492785,2012018.0,500,2018,01,2
C00492785,2042018.0,25,2018,04,2
C00492785,2042018.0,50,2018,04,2
C00492785,2082018.0,50,2018,08,2
C00492785,2082018.0,10,2018,08,2
C00492785,2082018.0,100,2018,08,2
C00492785,2082018.0,25,2018,08,2
C00492785,2122018.0,45,2018,12,2
C00492785,2122018.0,1000,2018,12,2
C00492785,2122018.0,200,2018,12,2
C00492785,2122018.0,250,2018,12,2
C00492785,2142018.0,250,2018,14,2
C00492785,2142018.0,-250,2018,14,2
C00492785,2122018.0,25,2018,12,2
C00492785,2122018.0,-15,2018,12,2
C00492785,2122018.0,15,2018,12,2
C00492785,2122018.0,1000,2018,12,2
C00492785,2122018.0,100,2018,12,2
C00492785,2122018.0,50,2018,12,2
C00492785,2022018.0,250,2018,02,2
C00492785,2022018.0,100,2018,02,2
C00492785,2022018.0,100,2018,02,2
C00492785,2022018.0,50,2018,02,2
C00492785,2022018.0,100,2018,02,2
C00492785,2022018.0,100,2018,02,2
C00492785,2022018.0,200,2018,02,2
C00492785,2022018.0,300,2018,02,2
C00492785,2022018.0,25,2018,02,2
C00492785,2022018.0,250,2018,02,2
C00492785,2022018.0,25,2018,02,2
C00492785,2022018.0,25,2018,02,2
C00492785,2022018.0,50,2018,02,2
C00492785,2022018.0,263,2018,02,2
C00492785,2022018.0,25,2018,02,2
C00492785,2022018.0,20,2018,02,2
C00492785,2022018.0,25,2018,02,2
C00492785,2022018.0,100,2018,02,2
C00492785,2022018.0,25,2018,02,2
C00492785,2022018.0,13,2018,02,2
C00492785,2022018.0,500,2018,02,2
C00492785,2022018.0,25,2018,02,2
C00492785,2022018.0,20,2018,02,2
C00492785,2022018.0,20,2018,02,2
C00492785,2022018.0,50,2018,02,2
C00492785,2022018.0,40,2018,02,2
C00492785,2022018.0,20,2018,02,2
C00492785,2022018.0,25,2018,02,2
C00492785,2022018.0,150,2018,02,2
C00492785,2022018.0,25,2018,02,2
C00492785,2092018.0,50,2018,09,2
C00492785,2092018.0,25,2018,09,2
C00492785,2092018.0,25,2018,09,2
C00492785,2092018.0,500,2018,09,2
C00492785,2092018.0,200,2018,09,2
C00492785,2142018.0,25,2018,14,2
C00492785,2142018.0,10,2018,14,2
C00492785,2142018.0,50,2018,14,2
C00492785,2142018.0,75,2018,14,2
C00492785,2142018.0,35,2018,14,2
C00492785,2142018.0,250,2018,14,2
C00492785,2092018.0,400,2018,09,2
C00492785,2072018.0,1000,2018,07,2
C00492785,2072018.0,25,2018,07,2
C00492785,2072018.0,200,2018,07,2
C00492785,2072018.0,100,2018,07,2
C00492785,2072018.0,20,2018,07,2
C00492785,2072018.0,20,2018,07,2
C00492785,2072018.0,35,2018,07,2
C00492785,2072018.0,25,2018,07,2
C00492785,2072018.0,25,2018,07,2
C00492785,2072018.0,300,2018,07,2
C00492785,2072018.0,25,2018,07,2
C00492785,2072018.0,25,2018,07,2
C00492785,2072018.0,100,2018,07,2
C00492785,2092018.0,25,2018,09,2
C00492785,2092018.0,50,2018,09,2
C00492785,2092018.0,200,2018,09,2
C00492785,2092018.0,107,2018,09,2
C00492785,2092018.0,100,2018,09,2
C00492785,2092018.0,50,2018,09,2
C00492785,2092018.0,50,2018,09,2
C00492785,2092018.0,100,2018,09,2
C00492785,2092018.0,50,2018,09,2
C00492785,2012018.0,50,2018,01,2
C00492785,2012018.0,20,2018,01,2
C00492785,2012018.0,-75,2018,01,2
C00492785,2012018.0,10,2018,01,2
C00492785,2012018.0,-75,2018,01,2
C00492785,2012018.0,-75,2018,01,2
C00492785,2012018.0,-75,2018,01,2
C00492785,2012018.0,-75,2018,01,2
C00492785,2012018.0,-75,2018,01,2
C00492785,2012018.0,-75,2018,01,2
C00492785,2012018.0,-75,2018,01,2
C00492785,2062018.0,30,2018,06,2
C00492785,2062018.0,25,2018,06,2
C00492785,2062018.0,100,2018,06,2
C00492785,2062018.0,50,2018,06,2
C00492785,2062018.0,70,2018,06,2
C00492785,2062018.0,25,2018,06,2
C00492785,2062018.0,100,2018,06,2
C00492785,2062018.0,250,2018,06,2
C00492785,2062018.0,100,2018,06,2
C00492785,2092018.0,25,2018,09,2
C00492785,2062018.0,50,2018,06,2
C00492785,2062018.0,50,2018,06,2
C00492785,2062018.0,-50,2018,06,2
C00492785,2052018.0,25,2018,05,2
C00492785,2062018.0,100,2018,06,2
C00492785,2062018.0,-100,2018,06,2
C00492785,2072018.0,30,2018,07,2
C00492785,2102018.0,18,2018,10,2
C00492785,2072018.0,100,2018,07,2
C00492785,2072018.0,100,2018,07,2
C00492785,2072018.0,50,2018,07,2
C00492785,2072018.0,125,2018,07,2
C00492785,2072018.0,25,2018,07,2
C00492785,2072018.0,50,2018,07,2
C00492785,2072018.0,25,2018,07,2
C00492785,2072018.0,100,2018,07,2
C00492785,2072018.0,50,2018,07,2
C00492785,2072018.0,25,2018,07,2
C00492785,2072018.0,200,2018,07,2
C00492785,2072018.0,100,2018,07,2
C00492785,2072018.0,100,2018,07,2
C00492785,2072018.0,25,2018,07,2
C00492785,2072018.0,60,2018,07,2
C00492785,2072018.0,60,2018,07,2
C00492785,2042018.0,25,2018,04,2
C00492785,2042018.0,25,2018,04,2
C00492785,2042018.0,25,2018,04,2
C00492785,2042018.0,50,2018,04,2
C00492785,2042018.0,50,2018,04,2
C00492785,2042018.0,25,2018,04,2
C00492785,2052018.0,25,2018,05,2
C00492785,2052018.0,50,2018,05,2
C00492785,2052018.0,25,2018,05,2
C00492785,2052018.0,25,2018,05,2
C00492785,2052018.0,15,2018,05,2
C00492785,2052018.0,25,2018,05,2
C00492785,2052018.0,25,2018,05,2
C00492785,2052018.0,10,2018,05,2
C00492785,2052018.0,25,2018,05,2
C00492785,2052018.0,100,2018,05,2
C00492785,2052018.0,25,2018,05,2
C00492785,2122018.0,25,2018,12,2
C00492785,2122018.0,50,2018,12,2
C00492785,2122018.0,50,2018,12,2
C00492785,2122018.0,20,2018,12,2
C00492785,2122018.0,100,2018,12,2
C00492785,2052018.0,25,2018,05,2
C00492785,2052018.0,25,2018,05,2
C00492785,2052018.0,10,2018,05,2
C00492785,2052018.0,50,2018,05,2
C00492785,2052018.0,25,2018,05,2
C00492785,2052018.0,10,2018,05,2
C00492785,2052018.0,25,2018,05,2
C00492785,2052018.0,50,2018,05,2
C00492785,2052018.0,25,2018,05,2
C00492785,2052018.0,2700,2018,05,2
C00492785,2092018.0,50,2018,09,2
C00492785,2092018.0,25,2018,09,2
C00492785,2092018.0,50,2018,09,2
C00492785,2092018.0,75,2018,09,2
C00492785,2092018.0,75,2018,09,2
C00492785,2092018.0,100,2018,09,2
C00492785,2092018.0,100,2018,09,2
C00492785,2092018.0,100,2018,09,2
C00492785,2092018.0,25,2018,09,2
C00492785,2022018.0,100,2018,02,2
C00492785,2022018.0,25,2018,02,2
C00492785,2022018.0,100,2018,02,2
C00492785,2012018.0,100,2018,01,2
C00492785,2012018.0,15,2018,01,2
C00492785,2012018.0,25,2018,01,2
C00492785,2012018.0,25,2018,01,2
C00492785,2012018.0,25,2018,01,2
C00492785,2012018.0,25,2018,01,2
C00492785,2012018.0,50,2018,01,2
C00492785,2012018.0,25,2018,01,2
C00492785,2012018.0,25,2018,01,2
C00492785,2012018.0,100,2018,01,2
C00492785,2012018.0,25,2018,01,2
C00492785,2012018.0,100,2018,01,2
C00492785,2012018.0,15,2018,01,2
C00492785,2012018.0,100,2018,01,2
C00492785,2012018.0,15,2018,01,2
C00492785,2012018.0,100,2018,01,2
C00492785,2012018.0,25,2018,01,2
C00492785,2012018.0,25,2018,01,2
C00492785,2012018.0,50,2018,01,2
C00492785,2062018.0,-50,2018,06,2
C00492785,2062018.0,50,2018,06,2
C00492785,2142018.0,300,2018,14,2
C00492785,2142018.0,35,2018,14,2
C00492785,2142018.0,400,2018,14,2
C00492785,2142018.0,25,2018,14,2
C00492785,2142018.0,50,2018,14,2
C00492785,2142018.0,20,2018,14,2
C00492785,2142018.0,250,2018,14,2
C00492785,2142018.0,40,2018,14,2
C00492785,2142018.0,100,2018,14,2
C00492785,2072018.0,1000,2018,07,2
C00492785,2072018.0,25,2018,07,2
C00492785,2072018.0,100,2018,07,2
C00492785,2072018.0,500,2018,07,2
C00492785,2072018.0,100,2018,07,2
C00492785,2072018.0,200,2018,07,2
C00492785,2092018.0,200,2018,09,2
C00492785,2092018.0,100,2018,09,2
C00492785,2092018.0,10,2018,09,2
C00492785,2092018.0,100,2018,09,2
C00492785,2092018.0,100,2018,09,2
C00492785,2092018.0,100,2018,09,2
C00492785,2092018.0,50,2018,09,2
C00492785,2092018.0,65,2018,09,2
C00492785,2092018.0,50,2018,09,2
C00492785,2142018.0,100,2018,14,2
C00492785,2142018.0,100,2018,14,2
C00492785,2142018.0,35,2018,14,2
C00492785,2082018.0,10,2018,08,2
C00492785,2142018.0,200,2018,14,2
C00492785,2142018.0,30,2018,14,2
C00492785,2082018.0,100,2018,08,2
C00492785,2082018.0,100,2018,08,2
C00492785,2092018.0,25,2018,09,2
C00492785,2072018.0,100,2018,07,2
C00492785,2072018.0,250,2018,07,2
C00492785,2102018.0,100,2018,10,2
C00492785,2072018.0,50,2018,07,2
C00492785,2072018.0,25,2018,07,2
C00492785,2072018.0,100,2018,07,2
C00492785,2072018.0,500,2018,07,2
C00492785,2062018.0,50,2018,06,2
C00492785,2062018.0,-50,2018,06,2
C00492785,2052018.0,25,2018,05,2
C00492785,2052018.0,25,2018,05,2
C00492785,2072018.0,40,2018,07,2
C00492785,2072018.0,50,2018,07,2
C00492785,2072018.0,20,2018,07,2
C00492785,2062018.0,100,2018,06,2
C00492785,2062018.0,-100,2018,06,2
C00492785,2092018.0,50,2018,09,2
C00492785,2072018.0,100,2018,07,2
C00492785,2082018.0,25,2018,08,2
C00492785,2072018.0,50,2018,07,2
C00492785,2072018.0,50,2018,07,2
C00492785,2092018.0,50,2018,09,2
C00492785,2092018.0,80,2018,09,2
C00492785,2092018.0,50,2018,09,2
C00492785,2092018.0,200,2018,09,2
C00492785,2092018.0,25,2018,09,2
C00492785,2092018.0,50,2018,09,2
C00492785,2092018.0,150,2018,09,2
C00492785,2072018.0,75,2018,07,2
C00492785,2142018.0,35,2018,14,2
C00492785,2142018.0,50,2018,14,2
C00492785,2142018.0,50,2018,14,2
C00492785,2142018.0,25,2018,14,2
C00492785,2142018.0,25,2018,14,2
C00492785,2142018.0,100,2018,14,2
C00492785,2142018.0,100,2018,14,2
C00492785,2142018.0,13,2018,14,2
C00492785,2142018.0,50,2018,14,2
C00492785,2082018.0,50,2018,08,2
C00492785,2082018.0,25,2018,08,2
C00492785,2082018.0,25,2018,08,2
C00492785,2082018.0,50,2018,08,2
C00492785,2082018.0,250,2018,08,2
C00492785,2082018.0,75,2018,08,2
C00492785,2082018.0,25,2018,08,2
C00492785,2082018.0,50,2018,08,2
C00492785,2082018.0,25,2018,08,2
C00492785,2082018.0,25,2018,08,2
C00492785,2082018.0,10,2018,08,2
C00492785,2082018.0,100,2018,08,2
C00492785,2082018.0,25,2018,08,2
C00492785,2082018.0,200,2018,08,2
C00492785,2082018.0,100,2018,08,2
C00492785,2082018.0,50,2018,08,2
C00492785,2082018.0,50,2018,08,2
C00492785,2082018.0,100,2018,08,2
C00492785,2082018.0,300,2018,08,2
C00492785,2072018.0,10,2018,07,2
C00492785,2072018.0,100,2018,07,2
C00492785,2072018.0,250,2018,07,2
C00492785,2072018.0,25,2018,07,2
C00492785,2072018.0,13,2018,07,2
C00492785,2072018.0,50,2018,07,2
C00492785,2092018.0,1000,2018,09,2
C00492785,2092018.0,20,2018,09,2
C00492785,2092018.0,25,2018,09,2
C00492785,2092018.0,100,2018,09,2
C00492785,2092018.0,25,2018,09,2
C00492785,2092018.0,50,2018,09,2
C00492785,2092018.0,100,2018,09,2
C00492785,2092018.0,150,2018,09,2
C00492785,2092018.0,25,2018,09,2
C00492785,2092018.0,100,2018,09,2
C00492785,2092018.0,100,2018,09,2
C00492785,2092018.0,100,2018,09,2
C00492785,2092018.0,25,2018,09,2
C00492785,2062018.0,100,2018,06,2
C00492785,2062018.0,-100,2018,06,2
C00492785,2142018.0,100,2018,14,2
C00492785,2142018.0,50,2018,14,2
C00492785,2142018.0,25,2018,14,2
C00492785,2142018.0,100,2018,14,2
C00492785,2142018.0,50,2018,14,2
C00492785,2142018.0,50,2018,14,2
C00492785,2142018.0,25,2018,14,2
C00492785,2142018.0,20,2018,14,2
C00492785,2142018.0,100,2018,14,2
C00492785,2142018.0,650,2018,14,2
C00492785,2012018.0,-75,2018,01,2
C00492785,2072018.0,25,2018,07,2
C00492785,2072018.0,50,2018,07,2
C00492785,2072018.0,25,2018,07,2
C00492785,2072018.0,100,2018,07,2
C00492785,2072018.0,25,2018,07,2
C00492785,2072018.0,100,2018,07,2
C00492785,2082018.0,100,2018,08,2
C00492785,2072018.0,25,2018,07,2
C00492785,2142018.0,250,2018,14,2
C00492785,2072018.0,100,2018,07,2
C00492785,2072018.0,250,2018,07,2
C00492785,2072018.0,100,2018,07,2
C00492785,2072018.0,250,2018,07,2
C00492785,2072018.0,100,2018,07,2
C00492785,2142018.0,50,2018,14,2
C00492785,2142018.0,50,2018,14,2
C00492785,2142018.0,1000,2018,14,2
C00492785,2142018.0,500,2018,14,2
C00492785,2142018.0,100,2018,14,2
C00492785,2072018.0,50,2018,07,2
C00492785,2102018.0,25,2018,10,2
C00492785,2102018.0,100,2018,10,2
C00492785,2102018.0,25,2018,10,2
C00492785,2102018.0,15,2018,10,2
C00492785,2102018.0,50,2018,10,2
C00492785,2102018.0,100,2018,10,2
C00492785,2102018.0,25,2018,10,2
C00492785,2102018.0,25,2018,10,2
C00492785,2102018.0,50,2018,10,2
C00492785,2102018.0,25,2018,10,2
C00492785,2102018.0,100,2018,10,2
C00492785,2102018.0,100,2018,10,2
C00492785,2102018.0,100,2018,10,2
C00492785,2102018.0,1000,2018,10,2
C00492785,2102018.0,25,2018,10,2
C00492785,2142018.0,-1861,2018,14,2
C00492785,2142018.0,1861,2018,14,2
C00492785,2132018.0,50,2018,13,2
C00492785,2132018.0,25,2018,13,2
C00492785,2132018.0,200,2018,13,2
C00492785,2132018.0,50,2018,13,2
C00492785,2132018.0,50,2018,13,2
C00492785,2142018.0,200,2018,14,2
C00492785,2142018.0,100,2018,14,2
C00492785,2142018.0,40,2018,14,2
C00492785,2142018.0,25,2018,14,2
C00492785,2142018.0,13,2018,14,2
C00492785,2142018.0,30,2018,14,2
C00492785,2142018.0,40,2018,14,2
C00492785,2142018.0,10,2018,14,2
C00492785,2142018.0,25,2018,14,2
C00492785,2062018.0,300,2018,06,2
C00492785,2062018.0,25,2018,06,2
C00492785,2062018.0,-25,2018,06,2
C00492785,2042018.0,50,2018,04,2
C00492785,2042018.0,25,2018,04,2
C00492785,2052018.0,25,2018,05,2
C00492785,2052018.0,25,2018,05,2
C00492785,2052018.0,25,2018,05,2
C00492785,2052018.0,25,2018,05,2
C00492785,2052018.0,50,2018,05,2
C00492785,2052018.0,25,2018,05,2
C00492785,2052018.0,15,2018,05,2
C00492785,2052018.0,25,2018,05,2
C00492785,2052018.0,20,2018,05,2
C00492785,2142018.0,1000,2018,14,2
C00492785,2122018.0,25,2018,12,2
C00492785,2122018.0,35,2018,12,2
C00492785,2122018.0,500,2018,12,2
C00492785,2122018.0,1000,2018,12,2
C00492785,2142018.0,-1000,2018,14,2
C00492785,2122018.0,100,2018,12,2
C00492785,2122018.0,1000,2018,12,2
C00492785,2122018.0,50,2018,12,2
C00492785,2122018.0,25,2018,12,2
C00492785,2122018.0,50,2018,12,2
C00492785,2122018.0,50,2018,12,2
C00492785,2122018.0,10,2018,12,2
C00492785,2122018.0,20,2018,12,2
C00492785,2122018.0,50,2018,12,2
C00492785,2122018.0,25,2018,12,2
C00492785,2122018.0,35,2018,12,2
C00492785,2122018.0,225,2018,12,2
C00492785,2122018.0,50,2018,12,2
C00492785,2052018.0,25,2018,05,2
C00492785,2062018.0,50,2018,06,2
C00492785,2062018.0,125,2018,06,2
C00492785,2062018.0,50,2018,06,2
C00492785,2062018.0,25,2018,06,2
C00492785,2062018.0,50,2018,06,2
C00492785,2092018.0,500,2018,09,2
C00492785,2092018.0,25,2018,09,2
C00492785,2092018.0,50,2018,09,2
C00492785,2092018.0,150,2018,09,2
C00492785,2092018.0,20,2018,09,2
C00492785,2092018.0,20,2018,09,2
C00492785,2092018.0,40,2018,09,2
C00492785,2142018.0,100,2018,14,2
C00492785,2142018.0,100,2018,14,2
C00492785,2132018.0,25,2018,13,2
C00492785,2132018.0,10,2018,13,2
C00492785,2132018.0,50,2018,13,2
C00492785,2132018.0,25,2018,13,2
C00492785,2132018.0,10,2018,13,2
C00492785,2072018.0,25,2018,07,2
C00492785,2072018.0,25,2018,07,2
C00492785,2072018.0,100,2018,07,2
C00492785,2082018.0,25,2018,08,2
C00492785,2072018.0,50,2018,07,2
C00492785,2072018.0,50,2018,07,2
C00492785,2102018.0,25,2018,10,2
C00492785,2142018.0,25,2018,14,2
C00492785,2142018.0,-25,2018,14,2
C00492785,2102018.0,25,2018,10,2
C00492785,2102018.0,5,2018,10,2
C00492785,2102018.0,15,2018,10,2
C00492785,2102018.0,25,2018,10,2
C00492785,2112018.0,25,2018,11,2
C00492785,2112018.0,50,2018,11,2
C00492785,2112018.0,250,2018,11,2
C00492785,2112018.0,100,2018,11,2
C00492785,2142018.0,100,2018,14,2
C00492785,2142018.0,25,2018,14,2
C00492785,2142018.0,200,2018,14,2
C00492785,2062018.0,-300,2018,06,2
C00492785,2062018.0,-24,2018,06,2
C00492785,2062018.0,24,2018,06,2
C00492785,2052018.0,25,2018,05,2
C00492785,2052018.0,25,2018,05,2
C00492785,2052018.0,25,2018,05,2
C00492785,2052018.0,10,2018,05,2
C00492785,2082018.0,200,2018,08,2
C00492785,2082018.0,25,2018,08,2
C00492785,2082018.0,50,2018,08,2
C00492785,2082018.0,25,2018,08,2
C00492785,2082018.0,-75,2018,08,2
C00492785,2082018.0,-30,2018,08,2
C00492785,2082018.0,50,2018,08,2
C00492785,2082018.0,30,2018,08,2
C00492785,2082018.0,50,2018,08,2
C00492785,2082018.0,100,2018,08,2
C00492785,2082018.0,50,2018,08,2
C00492785,2082018.0,50,2018,08,2
C00492785,2082018.0,20,2018,08,2
C00492785,2062018.0,100,2018,06,2
C00492785,2062018.0,125,2018,06,2
C00492785,2062018.0,15,2018,06,2
C00492785,2062018.0,75,2018,06,2
C00492785,2062018.0,250,2018,06,2
C00492785,2062018.0,100,2018,06,2
C00492785,2062018.0,1000,2018,06,2
C00492785,2062018.0,50,2018,06,2
C00492785,2062018.0,15,2018,06,2
C00492785,2062018.0,10,2018,06,2
C00492785,2062018.0,100,2018,06,2
C00492785,2062018.0,13,2018,06,2
C00492785,2062018.0,50,2018,06,2
C00492785,2012018.0,25,2018,01,2
C00492785,2072018.0,-900,2018,07,2
C00492785,2072018.0,25,2018,07,2
C00492785,2142018.0,50,2018,14,2
C00492785,2142018.0,-50,2018,14,2
C00492785,2142018.0,100,2018,14,2
C00492785,2142018.0,-100,2018,14,2
C00492785,2072018.0,40,2018,07,2
C00492785,2012018.0,25,2018,01,2
C00492785,2012018.0,100,2018,01,2
C00492785,2062018.0,100,2018,06,2
C00492785,2142018.0,100,2018,14,2
C00492785,2142018.0,250,2018,14,2
C00492785,2092018.0,25,2018,09,2
C00492785,2142018.0,25,2018,14,2
C00492785,2142018.0,25,2018,14,2
C00492785,2142018.0,-25,2018,14,2
C00492785,2142018.0,100,2018,14,2
C00492785,2142018.0,150,2018,14,2
C00492785,2142018.0,50,2018,14,2
C00492785,2142018.0,250,2018,14,2
C00492785,2072018.0,50,2018,07,2
C00492785,2072018.0,25,2018,07,2
C00492785,2092018.0,50,2018,09,2
C00492785,2112018.0,25,2018,11,2
C00492785,2112018.0,250,2018,11,2
C00492785,2112018.0,5,2018,11,2
C00492785,2112018.0,25,2018,11,2
C00492785,2112018.0,50,2018,11,2
C00492785,2112018.0,10,2018,11,2
C00492785,2112018.0,25,2018,11,2
C00492785,2112018.0,15,2018,11,2
C00492785,2112018.0,50,2018,11,2
C00492785,2142018.0,250,2018,14,2
C00492785,2142018.0,25,2018,14,2
C00492785,2142018.0,25,2018,14,2
C00492785,2142018.0,200,2018,14,2
C00492785,2142018.0,100,2018,14,2
C00492785,2142018.0,100,2018,14,2
C00492785,2142018.0,50,2018,14,2
C00492785,2142018.0,25,2018,14,2
C00492785,2142018.0,50,2018,14,2
C00492785,2142018.0,25,2018,14,2
C00492785,2142018.0,25,2018,14,2
C00492785,2142018.0,10,2018,14,2
C00492785,2142018.0,50,2018,14,2
C00492785,2142018.0,100,2018,14,2
C00492785,2142018.0,25,2018,14,2
C00492785,2142018.0,100,2018,14,2
C00492785,2052018.0,50,2018,05,2
C00492785,2052018.0,25,2018,05,2
C00492785,2052018.0,50,2018,05,2
C00492785,2052018.0,10,2018,05,2
C00492785,2052018.0,75,2018,05,2
C00492785,2052018.0,25,2018,05,2
C00492785,2052018.0,50,2018,05,2
C00492785,2052018.0,100,2018,05,2
C00492785,2052018.0,25,2018,05,2
C00492785,2052018.0,25,2018,05,2
C00492785,2052018.0,50,2018,05,2
C00492785,2052018.0,2700,2018,05,2
C00492785,2052018.0,2700,2018,05,2
C00492785,2082018.0,25,2018,08,2
C00492785,2082018.0,13,2018,08,2
C00492785,2082018.0,73,2018,08,2
C00492785,2082018.0,100,2018,08,2
C00492785,2082018.0,40,2018,08,2
C00492785,2082018.0,35,2018,08,2
C00492785,2122018.0,100,2018,12,2
C00492785,2122018.0,100,2018,12,2
C00492785,2122018.0,125,2018,12,2
C00492785,2122018.0,50,2018,12,2
C00492785,2122018.0,15,2018,12,2
C00492785,2122018.0,35,2018,12,2
C00492785,2072018.0,50,2018,07,2
C00492785,2072018.0,20,2018,07,2
C00492785,2072018.0,500,2018,07,2
C00492785,2072018.0,50,2018,07,2
C00492785,2072018.0,100,2018,07,2
C00492785,2072018.0,150,2018,07,2
C00492785,2072018.0,250,2018,07,2
C00492785,2072018.0,113,2018,07,2
C00492785,2072018.0,50,2018,07,2
C00492785,2072018.0,20,2018,07,2
C00492785,2072018.0,200,2018,07,2
C00492785,2142018.0,25,2018,14,2
C00492785,2022018.0,10,2018,02,2
C00492785,2142018.0,75,2018,14,2
C00492785,2142018.0,100,2018,14,2
C00492785,2062018.0,50,2018,06,2
C00492785,2142018.0,100,2018,14,2
C00492785,2142018.0,300,2018,14,2
C00492785,2142018.0,150,2018,14,2
C00492785,2142018.0,35,2018,14,2
C00492785,2142018.0,150,2018,14,2
C00492785,2142018.0,50,2018,14,2
C00492785,2142018.0,100,2018,14,2
C00492785,2142018.0,50,2018,14,2
C00492785,2142018.0,150,2018,14,2
C00492785,2142018.0,25,2018,14,2
C00492785,2142018.0,1000,2018,14,2
C00492785,2092018.0,50,2018,09,2
C00492785,2092018.0,150,2018,09,2
C00492785,2092018.0,100,2018,09,2
C00492785,2092018.0,75,2018,09,2
C00492785,2142018.0,25,2018,14,2
C00492785,2142018.0,50,2018,14,2
C00492785,2142018.0,200,2018,14,2
C00492785,2122018.0,150,2018,12,2
C00492785,2122018.0,100,2018,12,2
C00492785,2122018.0,75,2018,12,2
C00492785,2122018.0,40,2018,12,2
C00492785,2122018.0,25,2018,12,2
C00492785,2122018.0,100,2018,12,2
C00492785,2122018.0,40,2018,12,2
C00492785,2122018.0,250,2018,12,2
C00492785,2122018.0,1000,2018,12,2
C00492785,2122018.0,40,2018,12,2
C00492785,2142018.0,200,2018,14,2
C00492785,2142018.0,-200,2018,14,2
C00492785,2082018.0,200,2018,08,2
C00492785,2082018.0,100,2018,08,2
C00492785,2082018.0,100,2018,08,2
C00492785,2122018.0,50,2018,12,2
C00492785,2122018.0,250,2018,12,2
C00492785,2122018.0,50,2018,12,2
C00492785,2132018.0,250,2018,13,2
C00492785,2132018.0,50,2018,13,2
C00492785,2132018.0,10,2018,13,2
C00492785,2132018.0,250,2018,13,2
C00492785,2132018.0,2700,2018,13,2
C00492785,2132018.0,2700,2018,13,2
C00492785,2132018.0,25,2018,13,2
C00492785,2132018.0,10,2018,13,2
C00492785,2132018.0,100,2018,13,2
C00492785,2132018.0,100,2018,13,2
C00492785,2132018.0,2000,2018,13,2
C00501197,2022018.0,15,2018,02,2
C00501197,2022018.0,250,2018,02,2
C00501197,2092018.0,200,2018,09,2
C00501197,2112018.0,25,2018,11,2
C00501197,2052018.0,250,2018,05,2
C00501197,2062018.0,35,2018,06,2
C00501197,2112018.0,500,2018,11,2
C00501197,2082018.0,25,2018,08,2
C00501197,2122018.0,1000,2018,12,2
C00501197,2072018.0,1000,2018,07,2
C00501197,2112018.0,25,2018,11,2
C00501197,2132018.0,100,2018,13,2
C00501197,2142018.0,1200,2018,14,2
C00501197,2142018.0,1500,2018,14,2
C00501197,2092018.0,5,2018,09,2
C00501197,2032018.0,250,2018,03,2
C00501197,2102018.0,250,2018,10,2
C00501197,2142018.0,2700,2018,14,2
C00501197,2022018.0,25,2018,02,2
C00501197,2142018.0,2700,2018,14,2
C00501197,2142018.0,50,2018,14,2
C00501197,2042018.0,25,2018,04,2
C00501197,2022018.0,5,2018,02,2
C00501197,2072018.0,25,2018,07,2
C00501197,2022018.0,20,2018,02,2
C00501197,2132018.0,25,2018,13,2
C00501197,2062018.0,1000,2018,06,2
C00501197,2092018.0,5,2018,09,2
C00501197,2052018.0,5,2018,05,2
C00501197,2122018.0,5,2018,12,2
C00501197,2012018.0,1000,2018,01,2
C00501197,2032018.0,20,2018,03,2
C00501197,2142018.0,25,2018,14,2
C00501197,2082018.0,11,2018,08,2
C00501197,2102018.0,15,2018,10,2
C00501197,2082018.0,25,2018,08,2
C00501197,2142018.0,250,2018,14,2
C00501197,2132018.0,50,2018,13,2
C00501197,2062018.0,250,2018,06,2
C00501197,2142018.0,2700,2018,14,2
C00501197,2062018.0,25,2018,06,2
C00501197,2132018.0,100,2018,13,2
C00501197,2142018.0,300,2018,14,2
C00501197,2092018.0,1000,2018,09,2
C00501197,2082018.0,50,2018,08,2
C00501197,2022018.0,25,2018,02,2
C00501197,2142018.0,250,2018,14,2
C00501197,2132018.0,53,2018,13,2
C00501197,2042018.0,250,2018,04,2
C00501197,2072018.0,500,2018,07,2
C00501197,2032018.0,25,2018,03,2
C00501197,2082018.0,1600,2018,08,2
C00501197,2132018.0,100,2018,13,2
C00501197,2132018.0,500,2018,13,2
C00501197,2142018.0,10,2018,14,2
C00501197,2012018.0,25,2018,01,2
C00501197,2112018.0,250,2018,11,2
C00501197,2122018.0,100,2018,12,2
C00501197,2142018.0,200,2018,14,2
C00501197,2022018.0,25,2018,02,2
C00501197,2122018.0,5,2018,12,2
C00501197,2042018.0,25,2018,04,2
C00501197,2072018.0,25,2018,07,2
C00501197,2042018.0,15,2018,04,2
C00501197,2132018.0,35,2018,13,2
C00501197,2102018.0,250,2018,10,2
C00501197,2132018.0,1000,2018,13,2
C00501197,2122018.0,25,2018,12,2
C00501197,2142018.0,10,2018,14,2
C00501197,2142018.0,8,2018,14,2
C00501197,2052018.0,100,2018,05,2
C00501197,2142018.0,25,2018,14,2
C00501197,2012018.0,25,2018,01,2
C00501197,2142018.0,20,2018,14,2
C00501197,2072018.0,100,2018,07,2
C00501197,2132018.0,100,2018,13,2
C00501197,2032018.0,25,2018,03,2
C00501197,2012018.0,25,2018,01,2
C00501197,2062018.0,100,2018,06,2
C00501197,2082018.0,5,2018,08,2
C00501197,2082018.0,2700,2018,08,2
C00501197,2042018.0,50,2018,04,2
C00501197,2042018.0,250,2018,04,2
C00501197,2032018.0,25,2018,03,2
C00501197,2142018.0,50,2018,14,2
C00501197,2132018.0,1000,2018,13,2
C00501197,2122018.0,50,2018,12,2
C00501197,2122018.0,2700,2018,12,2
C00501197,2072018.0,1000,2018,07,2
C00501197,2072018.0,10,2018,07,2
C00501197,2022018.0,500,2018,02,2
C00501197,2022018.0,20,2018,02,2
C00501197,2122018.0,25,2018,12,2
C00501197,2122018.0,100,2018,12,2
C00501197,2122018.0,500,2018,12,2
C00501197,2092018.0,500,2018,09,2
C00501197,2032018.0,500,2018,03,2
C00501197,2012018.0,16,2018,01,2
C00501197,2142018.0,25,2018,14,2
C00501197,2032018.0,25,2018,03,2
C00501197,2052018.0,100,2018,05,2
C00501197,2112018.0,100,2018,11,2
C00501197,2142018.0,125,2018,14,2
C00501197,2112018.0,25,2018,11,2
C00501197,2132018.0,30,2018,13,2
C00501197,2112018.0,30,2018,11,2
C00501197,2072018.0,250,2018,07,2
C00501197,2132018.0,333,2018,13,2
C00501197,2142018.0,1000,2018,14,2
C00501197,2102018.0,7,2018,10,2
C00501197,2032018.0,0,2018,03,2
C00501197,2112018.0,16,2018,11,2
C00501197,2142018.0,2000,2018,14,2
C00501197,2122018.0,25,2018,12,2
C00501197,2012018.0,250,2018,01,2
C00501197,2082018.0,3,2018,08,2
C00501197,2142018.0,250,2018,14,2
C00501197,2142018.0,100,2018,14,2
C00501197,2012018.0,100,2018,01,2
C00501197,2052018.0,25,2018,05,2
C00501197,2072018.0,10,2018,07,2
C00501197,2032018.0,25,2018,03,2
C00501197,2142018.0,25,2018,14,2
C00501197,2132018.0,25,2018,13,2
C00501197,2012018.0,250,2018,01,2
C00501197,2022018.0,50,2018,02,2
C00501197,2032018.0,35,2018,03,2
C00501197,2092018.0,50,2018,09,2
C00501197,2142018.0,25,2018,14,2
C00501197,2082018.0,100,2018,08,2
C00501197,2022018.0,25,2018,02,2
C00501197,2102018.0,500,2018,10,2
C00501197,2092018.0,250,2018,09,2
C00501197,2092018.0,60,2018,09,2
C00501197,2042018.0,25,2018,04,2
C00501197,2092018.0,1700,2018,09,2
C00501197,2092018.0,300,2018,09,2
C00501197,2012018.0,250,2018,01,2
C00501197,2072018.0,250,2018,07,2
C00501197,2122018.0,50,2018,12,2
C00501197,2132018.0,500,2018,13,2
C00501197,2132018.0,16,2018,13,2
C00501197,2012018.0,250,2018,01,2
C00501197,2012018.0,20,2018,01,2
C00501197,2102018.0,5,2018,10,2
C00501197,2112018.0,1000,2018,11,2
C00501197,2012018.0,1000,2018,01,2
C00501197,2142018.0,25,2018,14,2
C00501197,2142018.0,25,2018,14,2
C00501197,2032018.0,250,2018,03,2
C00501197,2082018.0,5,2018,08,2
C00501197,2132018.0,25,2018,13,2
C00501197,2062018.0,42,2018,06,2
C00501197,2062018.0,25,2018,06,2
C00501197,2012018.0,250,2018,01,2
C00501197,2142018.0,38,2018,14,2
C00501197,2102018.0,127,2018,10,2
C00501197,2132018.0,1000,2018,13,2
C00501197,2142018.0,25,2018,14,2
C00501197,2142018.0,100,2018,14,2
C00501197,2142018.0,250,2018,14,2
C00501197,2122018.0,20,2018,12,2
C00501197,2022018.0,250,2018,02,2
C00501197,2122018.0,25,2018,12,2
C00501197,2122018.0,25,2018,12,2
C00501197,2012018.0,75,2018,01,2
C00501197,2022018.0,49,2018,02,2
C00501197,2042018.0,25,2018,04,2
C00501197,2032018.0,10,2018,03,2
C00501197,2092018.0,100,2018,09,2
C00501197,2132018.0,25,2018,13,2
C00501197,2022018.0,25,2018,02,2
C00501197,2012018.0,100,2018,01,2
C00501197,2142018.0,25,2018,14,2
C00501197,2072018.0,500,2018,07,2
C00501197,2022018.0,25,2018,02,2
C00501197,2142018.0,500,2018,14,2
C00501197,2082018.0,1000,2018,08,2
C00501197,2012018.0,53,2018,01,2
C00501197,2112018.0,25,2018,11,2
C00501197,2052018.0,1950,2018,05,2
C00501197,2052018.0,2700,2018,05,2
C00501197,2052018.0,50,2018,05,2
C00501197,2132018.0,150,2018,13,2
C00501197,2042018.0,5,2018,04,2
C00501197,2142018.0,10,2018,14,2
C00501197,2092018.0,300,2018,09,2
C00501197,2022018.0,3,2018,02,2
C00501197,2062018.0,3,2018,06,2
C00501197,2092018.0,3,2018,09,2
C00501197,2142018.0,25,2018,14,2
C00501197,2052018.0,2700,2018,05,2
C00501197,2052018.0,1450,2018,05,2
C00501197,2032018.0,500,2018,03,2
C00501197,2072018.0,250,2018,07,2
C00501197,2052018.0,9,2018,05,2
C00501197,2092018.0,10,2018,09,2
C00501197,2062018.0,25,2018,06,2
C00501197,2052018.0,250,2018,05,2
C00501197,2032018.0,12,2018,03,2
C00501197,2072018.0,200,2018,07,2
C00501197,2012018.0,250,2018,01,2
C00501197,2142018.0,25,2018,14,2
C00501197,2132018.0,20,2018,13,2
C00501197,2142018.0,40,2018,14,2
C00501197,2062018.0,250,2018,06,2
C00501197,2112018.0,200,2018,11,2
C00501197,2082018.0,250,2018,08,2
C00501197,2022018.0,500,2018,02,2
C00501197,2062018.0,100,2018,06,2
C00501197,2052018.0,25,2018,05,2
C00501197,2132018.0,100,2018,13,2
C00501197,2132018.0,100,2018,13,2
C00501197,2052018.0,500,2018,05,2
C00501197,2142018.0,25,2018,14,2
C00501197,2062018.0,25,2018,06,2
C00501197,2142018.0,38,2018,14,2
C00501197,2042018.0,75,2018,04,2
C00501197,2132018.0,250,2018,13,2
C00501197,2112018.0,15,2018,11,2
C00501197,2012018.0,38,2018,01,2
C00501197,2092018.0,500,2018,09,2
C00501197,2052018.0,250,2018,05,2
C00501197,2132018.0,25,2018,13,2
C00501197,2142018.0,250,2018,14,2
C00501197,2062018.0,200,2018,06,2
C00501197,2122018.0,150,2018,12,2
C00501197,2132018.0,25,2018,13,2
C00501197,2142018.0,5,2018,14,2
C00501197,2062018.0,25,2018,06,2
C00501197,2142018.0,50,2018,14,2
C00501197,2052018.0,16,2018,05,2
C00501197,2122018.0,100,2018,12,2
C00501197,2082018.0,250,2018,08,2
C00501197,2132018.0,50,2018,13,2
C00501197,2012018.0,50,2018,01,2
C00501197,2082018.0,50,2018,08,2
C00501197,2052018.0,7,2018,05,2
C00501197,2012018.0,25,2018,01,2
C00501197,2142018.0,25,2018,14,2
C00501197,2142018.0,2600,2018,14,2
C00501197,2142018.0,100,2018,14,2
C00501197,2122018.0,20,2018,12,2
C00501197,2142018.0,5,2018,14,2
C00501197,2082018.0,500,2018,08,2
C00501197,2052018.0,250,2018,05,2
C00501197,2052018.0,100,2018,05,2
C00501197,2012018.0,25,2018,01,2
C00501197,2092018.0,25,2018,09,2
C00501197,2142018.0,38,2018,14,2
C00501197,2012018.0,10,2018,01,2
C00501197,2072018.0,20,2018,07,2
C00501197,2132018.0,25,2018,13,2
C00501197,2132018.0,50,2018,13,2
C00501197,2142018.0,12,2018,14,2
C00501197,2142018.0,25,2018,14,2
C00501197,2122018.0,100,2018,12,2
C00501197,2122018.0,25,2018,12,2
C00501197,2072018.0,250,2018,07,2
C00501197,2022018.0,10,2018,02,2
C00501197,2052018.0,5,2018,05,2
C00501197,2052018.0,5,2018,05,2
C00501197,2122018.0,5,2018,12,2
C00501197,2012018.0,25,2018,01,2
C00501197,2112018.0,51,2018,11,2
C00501197,2142018.0,36,2018,14,2
C00501197,2132018.0,25,2018,13,2
C00501197,2122018.0,500,2018,12,2
C00501197,2142018.0,36,2018,14,2
C00501197,2102018.0,5,2018,10,2
C00501197,2052018.0,50,2018,05,2
C00501197,2132018.0,100,2018,13,2
C00501197,2072018.0,25,2018,07,2
C00501197,2072018.0,10,2018,07,2
C00501197,2032018.0,5,2018,03,2
C00501197,2122018.0,91,2018,12,2
C00501197,2052018.0,250,2018,05,2
C00501197,2012018.0,500,2018,01,2
C00501197,2132018.0,50,2018,13,2
C00501197,2142018.0,1000,2018,14,2
C00501197,2112018.0,250,2018,11,2
C00501197,2012018.0,25,2018,01,2
C00501197,2092018.0,25,2018,09,2
C00501197,2062018.0,300,2018,06,2
C00501197,2032018.0,25,2018,03,2
C00501197,2142018.0,25,2018,14,2
C00501197,2072018.0,100,2018,07,2
C00501197,2122018.0,25,2018,12,2
C00501197,2042018.0,250,2018,04,2
C00501197,2132018.0,2700,2018,13,2
C00501197,2132018.0,100,2018,13,2
C00501197,2092018.0,10,2018,09,2
C00501197,2142018.0,50,2018,14,2
C00501197,2032018.0,25,2018,03,2
C00501197,2042018.0,100,2018,04,2
C00501197,2122018.0,500,2018,12,2
C00501197,2022018.0,500,2018,02,2
C00501197,2022018.0,250,2018,02,2
C00501197,2142018.0,94,2018,14,2
C00501197,2142018.0,250,2018,14,2
C00501197,2012018.0,25,2018,01,2
C00501197,2032018.0,15,2018,03,2
C00501197,2132018.0,15,2018,13,2
C00501197,2132018.0,100,2018,13,2
C00501197,2072018.0,50,2018,07,2
C00501197,2092018.0,1000,2018,09,2
C00501197,2012018.0,1000,2018,01,2
C00501197,2132018.0,2450,2018,13,2
C00501197,2122018.0,38,2018,12,2
C00501197,2132018.0,250,2018,13,2
C00501197,2052018.0,250,2018,05,2
C00501197,2022018.0,10,2018,02,2
C00501197,2132018.0,50,2018,13,2
C00501197,2022018.0,125,2018,02,2
C00501197,2012018.0,1000,2018,01,2
C00501197,2012018.0,43,2018,01,2
C00501197,2062018.0,100,2018,06,2
C00501197,2132018.0,250,2018,13,2
C00501197,2052018.0,250,2018,05,2
C00501197,2092018.0,28,2018,09,2
C00501197,2142018.0,103,2018,14,2
C00501197,2142018.0,500,2018,14,2
C00501197,2132018.0,250,2018,13,2
C00501197,2072018.0,17,2018,07,2
C00501197,2032018.0,5,2018,03,2
C00501197,2032018.0,25,2018,03,2
C00501197,2102018.0,25,2018,10,2
C00501197,2052018.0,500,2018,05,2
C00501197,2142018.0,50,2018,14,2
C00501197,2092018.0,1000,2018,09,2
C00501197,2032018.0,250,2018,03,2
C00501197,2012018.0,25,2018,01,2
C00501197,2052018.0,100,2018,05,2
C00501197,2022018.0,25,2018,02,2
C00501197,2142018.0,1000,2018,14,2
C00501197,2082018.0,25,2018,08,2
C00501197,2142018.0,500,2018,14,2
C00501197,2132018.0,64,2018,13,2
C00501197,2122018.0,25,2018,12,2
C00501197,2012018.0,100,2018,01,2
C00501197,2142018.0,50,2018,14,2
C00501197,2052018.0,500,2018,05,2
C00501197,2092018.0,100,2018,09,2
C00501197,2072018.0,5,2018,07,2
C00501197,2142018.0,5,2018,14,2
C00501197,2132018.0,25,2018,13,2
C00501197,2142018.0,25,2018,14,2
C00501197,2122018.0,250,2018,12,2
C00501197,2112018.0,2500,2018,11,2
C00501197,2052018.0,5,2018,05,2
C00501197,2142018.0,500,2018,14,2
C00501197,2142018.0,50,2018,14,2
C00501197,2062018.0,250,2018,06,2
C00501197,2142018.0,1000,2018,14,2
C00501197,2112018.0,50,2018,11,2
C00501197,2052018.0,12,2018,05,2
C00501197,2122018.0,25,2018,12,2
C00501197,2122018.0,100,2018,12,2
C00501197,2032018.0,100,2018,03,2
C00501197,2082018.0,500,2018,08,2
C00501197,2142018.0,25,2018,14,2
C00501197,2072018.0,250,2018,07,2
C00501197,2122018.0,50,2018,12,2
C00501197,2142018.0,20,2018,14,2
C00501197,2132018.0,20,2018,13,2
C00501197,2112018.0,250,2018,11,2
C00501197,2032018.0,25,2018,03,2
C00501197,2102018.0,25,2018,10,2
C00501197,2142018.0,20,2018,14,2
C00501197,2132018.0,2000,2018,13,2
C00501197,2142018.0,100,2018,14,2
C00501197,2122018.0,250,2018,12,2
C00501197,2142018.0,2700,2018,14,2
C00501197,2142018.0,2500,2018,14,2
C00501197,2132018.0,250,2018,13,2
C00501197,2112018.0,500,2018,11,2
C00501197,2062018.0,15,2018,06,2
C00501197,2122018.0,25,2018,12,2
C00501197,2012018.0,25,2018,01,2
C00501197,2132018.0,108,2018,13,2
C00501197,2062018.0,250,2018,06,2
C00501197,2062018.0,250,2018,06,2
C00501197,2052018.0,1700,2018,05,2
C00501197,2052018.0,300,2018,05,2
C00501197,2092018.0,25,2018,09,2
C00501197,2092018.0,25,2018,09,2
C00501197,2132018.0,100,2018,13,2
C00501197,2142018.0,5,2018,14,2
C00501197,2122018.0,100,2018,12,2
C00501197,2022018.0,10,2018,02,2
C00501197,2092018.0,10,2018,09,2
C00501197,2072018.0,5,2018,07,2
C00501197,2142018.0,5,2018,14,2
C00501197,2132018.0,100,2018,13,2
C00501197,2062018.0,75,2018,06,2
C00501197,2142018.0,1000,2018,14,2
C00501197,2122018.0,100,2018,12,2
C00501197,2122018.0,25,2018,12,2
C00501197,2012018.0,500,2018,01,2
C00501197,2082018.0,200,2018,08,2
C00501197,2082018.0,11,2018,08,2
C00501197,2052018.0,78,2018,05,2
C00501197,2052018.0,921,2018,05,2
C00501197,2062018.0,250,2018,06,2
C00501197,2142018.0,50,2018,14,2
C00501197,2072018.0,25,2018,07,2
C00501197,2062018.0,250,2018,06,2
C00501197,2092018.0,25,2018,09,2
C00501197,2142018.0,25,2018,14,2
C00501197,2132018.0,25,2018,13,2
C00501197,2042018.0,25,2018,04,2
C00501197,2132018.0,25,2018,13,2
C00501197,2072018.0,2100,2018,07,2
C00501197,2132018.0,250,2018,13,2
C00501197,2052018.0,76,2018,05,2
C00501197,2132018.0,10,2018,13,2
C00501197,2132018.0,250,2018,13,2
C00501197,2012018.0,200,2018,01,2
C00501197,2072018.0,25,2018,07,2
C00501197,2122018.0,2000,2018,12,2
C00501197,2112018.0,500,2018,11,2
C00501197,2092018.0,100,2018,09,2
C00501197,2012018.0,25,2018,01,2
C00501197,2142018.0,25,2018,14,2
C00501197,2062018.0,3,2018,06,2
C00501197,2132018.0,3,2018,13,2
C00501197,2132018.0,25,2018,13,2
C00501197,2052018.0,100,2018,05,2
C00501197,2142018.0,25,2018,14,2
C00501197,2092018.0,250,2018,09,2
C00501197,2022018.0,50,2018,02,2
C00501197,2062018.0,100,2018,06,2
C00501197,2032018.0,10,2018,03,2
C00501197,2072018.0,25,2018,07,2
C00501197,2122018.0,50,2018,12,2
C00501197,2072018.0,1000,2018,07,2
C00501197,2022018.0,100,2018,02,2
C00501197,2132018.0,100,2018,13,2
C00501197,2022018.0,100,2018,02,2
C00501197,2132018.0,82,2018,13,2
C00501197,2132018.0,2000,2018,13,2
C00501197,2122018.0,100,2018,12,2
C00501197,2072018.0,250,2018,07,2
C00501197,2052018.0,0,2018,05,2
C00501197,2132018.0,100,2018,13,2
C00501197,2132018.0,100,2018,13,2
C00501197,2092018.0,200,2018,09,2
C00501197,2052018.0,50,2018,05,2
C00501197,2142018.0,2000,2018,14,2
C00501197,2012018.0,500,2018,01,2
C00501197,2082018.0,2000,2018,08,2
C00501197,2142018.0,700,2018,14,2
C00501197,2092018.0,100,2018,09,2
C00501197,2042018.0,70,2018,04,2
C00501197,2032018.0,25,2018,03,2
C00501197,2072018.0,500,2018,07,2
C00501197,2102018.0,100,2018,10,2
C00501197,2142018.0,200,2018,14,2
C00501197,2012018.0,50,2018,01,2
C00501197,2012018.0,50,2018,01,2
C00501197,2082018.0,500,2018,08,2
C00501197,2132018.0,25,2018,13,2
C00501197,2142018.0,25,2018,14,2
C00501197,2032018.0,50,2018,03,2
C00501197,2032018.0,10,2018,03,2
C00501197,2042018.0,10,2018,04,2
C00501197,2052018.0,10,2018,05,2
C00501197,2062018.0,250,2018,06,2
C00501197,2112018.0,40,2018,11,2
C00501197,2012018.0,200,2018,01,2
C00501197,2072018.0,5,2018,07,2
C00501197,2062018.0,5,2018,06,2
C00501197,2122018.0,38,2018,12,2
C00501197,2122018.0,25,2018,12,2
C00501197,2102018.0,15,2018,10,2
C00501197,2142018.0,25,2018,14,2
C00501197,2082018.0,2700,2018,08,2
C00501197,2142018.0,1000,2018,14,2
C00501197,2052018.0,25,2018,05,2
C00501197,2022018.0,25,2018,02,2
C00501197,2032018.0,100,2018,03,2
C00501197,2022018.0,15,2018,02,2
C00501197,2132018.0,50,2018,13,2
C00501197,2072018.0,25,2018,07,2
C00501197,2102018.0,500,2018,10,2
C00501197,2142018.0,25,2018,14,2
C00501197,2112018.0,250,2018,11,2
C00501197,2122018.0,100,2018,12,2
C00501197,2012018.0,750,2018,01,2
C00501197,2142018.0,100,2018,14,2
C00501197,2082018.0,100,2018,08,2
C00501197,2062018.0,25,2018,06,2
C00501197,2092018.0,100,2018,09,2
C00501197,2132018.0,100,2018,13,2
C00501197,2012018.0,500,2018,01,2
C00501197,2092018.0,7,2018,09,2
C00501197,2142018.0,2,2018,14,2
C00501197,2112018.0,100,2018,11,2
C00501197,2022018.0,100,2018,02,2
C00501197,2142018.0,1800,2018,14,2
C00501197,2132018.0,25,2018,13,2
C00501197,2142018.0,25,2018,14,2
C00501197,2142018.0,100,2018,14,2
C00501197,2012018.0,150,2018,01,2
C00501197,2012018.0,500,2018,01,2
C00501197,2142018.0,1000,2018,14,2
C00501197,2032018.0,25,2018,03,2
C00501197,2112018.0,25,2018,11,2
C00501197,2132018.0,100,2018,13,2
C00501197,2142018.0,50,2018,14,2
C00501197,2132018.0,20,2018,13,2
C00501197,2102018.0,250,2018,10,2
C00501197,2142018.0,25,2018,14,2
C00501197,2122018.0,50,2018,12,2
C00501197,2142018.0,2000,2018,14,2
C00501197,2142018.0,1700,2018,14,2
C00501197,2022018.0,10,2018,02,2
C00501197,2032018.0,100,2018,03,2
C00501197,2142018.0,250,2018,14,2
C00501197,2142018.0,100,2018,14,2
C00501197,2022018.0,10,2018,02,2
C00501197,2082018.0,2450,2018,08,2
C00501197,2082018.0,250,2018,08,2
C00501197,2142018.0,500,2018,14,2
C00501197,2132018.0,250,2018,13,2
C00501197,2102018.0,50,2018,10,2
C00501197,2132018.0,25,2018,13,2
C00501197,2072018.0,25,2018,07,2
C00501197,2142018.0,25,2018,14,2
C00501197,2072018.0,500,2018,07,2
C00501197,2022018.0,25,2018,02,2
C00501197,2072018.0,15,2018,07,2
C00501197,2062018.0,100,2018,06,2
C00501197,2142018.0,10,2018,14,2
C00501197,2082018.0,100,2018,08,2
C00501197,2052018.0,11,2018,05,2
C00501197,2132018.0,15,2018,13,2
C00501197,2112018.0,25,2018,11,2
C00501197,2142018.0,25,2018,14,2
C00501197,2092018.0,2700,2018,09,2
C00501197,2032018.0,25,2018,03,2
C00501197,2102018.0,25,2018,10,2
C00501197,2142018.0,500,2018,14,2
C00501197,2092018.0,100,2018,09,2
C00501197,2092018.0,25,2018,09,2
C00501197,2102018.0,50,2018,10,2
C00501197,2132018.0,50,2018,13,2
C00501197,2122018.0,25,2018,12,2
C00501197,2062018.0,12,2018,06,2
C00501197,2062018.0,100,2018,06,2
C00501197,2122018.0,1000,2018,12,2
C00501197,2062018.0,250,2018,06,2
C00501197,2102018.0,100,2018,10,2
C00501197,2062018.0,100,2018,06,2
C00501197,2142018.0,500,2018,14,2
C00501197,2132018.0,100,2018,13,2
C00501197,2072018.0,45,2018,07,2
C00501197,2132018.0,24,2018,13,2
C00501197,2032018.0,250,2018,03,2
C00501197,2122018.0,50,2018,12,2
C00501197,2072018.0,50,2018,07,2
C00501197,2082018.0,2700,2018,08,2
C00501197,2142018.0,38,2018,14,2
C00501197,2142018.0,17,2018,14,2
C00501197,2142018.0,25,2018,14,2
C00501197,2132018.0,250,2018,13,2
C00501197,2082018.0,1000,2018,08,2
C00501197,2022018.0,25,2018,02,2
C00501197,2092018.0,100,2018,09,2
C00501197,2022018.0,5,2018,02,2
C00501197,2092018.0,100,2018,09,2
C00501197,2072018.0,250,2018,07,2
C00501197,2092018.0,25,2018,09,2
C00501197,2142018.0,250,2018,14,2
C00501197,2112018.0,25,2018,11,2
C00501197,2072018.0,2500,2018,07,2
C00501197,2132018.0,5,2018,13,2
C00501197,2092018.0,1000,2018,09,2
C00501197,2022018.0,5,2018,02,2
C00501197,2052018.0,25,2018,05,2
C00501197,2102018.0,10,2018,10,2
C00501197,2022018.0,20,2018,02,2
C00501197,2072018.0,590,2018,07,2
C00501197,2012018.0,25,2018,01,2
C00501197,2132018.0,25,2018,13,2
C00501197,2102018.0,25,2018,10,2
C00501197,2122018.0,150,2018,12,2
C00501197,2142018.0,5,2018,14,2
C00501197,2092018.0,150,2018,09,2
C00501197,2032018.0,134,2018,03,2
C00501197,2112018.0,250,2018,11,2
C00501197,2112018.0,31,2018,11,2
C00501197,2032018.0,500,2018,03,2
C00501197,2012018.0,1000,2018,01,2
C00501197,2132018.0,10,2018,13,2
C00501197,2132018.0,100,2018,13,2
C00501197,2082018.0,16,2018,08,2
C00501197,2052018.0,25,2018,05,2
C00501197,2122018.0,38,2018,12,2
C00501197,2012018.0,1000,2018,01,2
C00501197,2062018.0,25,2018,06,2
C00501197,2112018.0,500,2018,11,2
C00501197,2042018.0,179,2018,04,2
C00501197,2142018.0,500,2018,14,2
C00501197,2102018.0,100,2018,10,2
C00501197,2042018.0,5,2018,04,2
C00501197,2132018.0,25,2018,13,2
C00501197,2122018.0,500,2018,12,2
C00501197,2142018.0,25,2018,14,2
C00501197,2132018.0,38,2018,13,2
C00501197,2112018.0,100,2018,11,2
C00501197,2142018.0,25,2018,14,2
C00501197,2012018.0,150,2018,01,2
C00501197,2122018.0,150,2018,12,2
C00501197,2092018.0,50,2018,09,2
C00501197,2032018.0,10,2018,03,2
C00501197,2012018.0,125,2018,01,2
C00501197,2142018.0,50,2018,14,2
C00501197,2112018.0,500,2018,11,2
C00501197,2082018.0,1000,2018,08,2
C00501197,2102018.0,100,2018,10,2
C00501197,2092018.0,500,2018,09,2
C00501197,2022018.0,25,2018,02,2
C00501197,2012018.0,25,2018,01,2
C00501197,2052018.0,25,2018,05,2
C00501197,2052018.0,25,2018,05,2
C00501197,2092018.0,25,2018,09,2
C00501197,2032018.0,25,2018,03,2
C00501197,2032018.0,150,2018,03,2
C00501197,2142018.0,250,2018,14,2
C00501197,2052018.0,12,2018,05,2
C00501197,2132018.0,100,2018,13,2
C00501197,2132018.0,19,2018,13,2
C00501197,2122018.0,250,2018,12,2
C00501197,2072018.0,11,2018,07,2
C00501197,2132018.0,250,2018,13,2
C00501197,2012018.0,27,2018,01,2
C00501197,2142018.0,500,2018,14,2
C00501197,2122018.0,31,2018,12,2
C00501197,2032018.0,500,2018,03,2
C00501197,2012018.0,250,2018,01,2
C00501197,2142018.0,25,2018,14,2
C00501197,2142018.0,25,2018,14,2
C00501197,2082018.0,2500,2018,08,2
C00501197,2122018.0,25,2018,12,2
C00501197,2072018.0,250,2018,07,2
C00501197,2012018.0,25,2018,01,2
C00501197,2012018.0,25,2018,01,2
C00501197,2122018.0,50,2018,12,2
C00501197,2022018.0,20,2018,02,2
C00501197,2112018.0,2500,2018,11,2
C00501197,2032018.0,25,2018,03,2
C00501197,2032018.0,25,2018,03,2
C00501197,2142018.0,25,2018,14,2
C00501197,2082018.0,2500,2018,08,2
C00501197,2112018.0,25,2018,11,2
C00501197,2072018.0,50,2018,07,2
C00501197,2142018.0,250,2018,14,2
C00501197,2012018.0,200,2018,01,2
C00501197,2022018.0,20,2018,02,2
C00501197,2012018.0,50,2018,01,2
C00501197,2132018.0,100,2018,13,2
C00501197,2072018.0,150,2018,07,2
C00501197,2112018.0,5,2018,11,2
C00501197,2092018.0,40,2018,09,2
C00501197,2062018.0,5,2018,06,2
C00501197,2122018.0,5,2018,12,2
C00501197,2102018.0,800,2018,10,2
C00501197,2102018.0,500,2018,10,2
C00501197,2142018.0,1000,2018,14,2
C00501197,2112018.0,25,2018,11,2
C00501197,2122018.0,100,2018,12,2
C00501197,2122018.0,93,2018,12,2
C00501197,2032018.0,25,2018,03,2
C00501197,2122018.0,109,2018,12,2
C00501197,2132018.0,25,2018,13,2
C00501197,2142018.0,500,2018,14,2
C00501197,2102018.0,250,2018,10,2
C00501197,2102018.0,25,2018,10,2
C00501197,2132018.0,250,2018,13,2
C00501197,2142018.0,100,2018,14,2
C00501197,2032018.0,25,2018,03,2
C00501197,2132018.0,25,2018,13,2
C00501197,2062018.0,25,2018,06,2
C00501197,2082018.0,500,2018,08,2
C00501197,2032018.0,25,2018,03,2
C00501197,2022018.0,10,2018,02,2
C00501197,2132018.0,20,2018,13,2
C00501197,2102018.0,25,2018,10,2
C00501197,2032018.0,150,2018,03,2
C00501197,2132018.0,250,2018,13,2
C00501197,2092018.0,25,2018,09,2
C00501197,2122018.0,43,2018,12,2
C00501197,2142018.0,250,2018,14,2
C00501197,2142018.0,25,2018,14,2
C00501197,2082018.0,25,2018,08,2
C00501197,2122018.0,100,2018,12,2
C00501197,2082018.0,1500,2018,08,2
C00501197,2132018.0,25,2018,13,2
C00501197,2122018.0,100,2018,12,2
C00501197,2052018.0,1000,2018,05,2
C00501197,2142018.0,100,2018,14,2
C00501197,2142018.0,40,2018,14,2
C00501197,2142018.0,5,2018,14,2
C00501197,2132018.0,100,2018,13,2
C00501197,2032018.0,5,2018,03,2
C00501197,2132018.0,25,2018,13,2
C00501197,2132018.0,25,2018,13,2
C00501197,2042018.0,150,2018,04,2
C00501197,2072018.0,5,2018,07,2
C00501197,2142018.0,25,2018,14,2
C00501197,2122018.0,45,2018,12,2
C00501197,2062018.0,100,2018,06,2
C00501197,2142018.0,2000,2018,14,2
C00501197,2122018.0,1700,2018,12,2
C00501197,2022018.0,25,2018,02,2
C00501197,2092018.0,25,2018,09,2
C00501197,2012018.0,50,2018,01,2
C00501197,2132018.0,250,2018,13,2
C00501197,2142018.0,50,2018,14,2
C00501197,2092018.0,250,2018,09,2
C00501197,2142018.0,1000,2018,14,2
C00501197,2022018.0,34,2018,02,2
C00501197,2072018.0,25,2018,07,2
C00501197,2032018.0,5,2018,03,2
C00501197,2102018.0,5,2018,10,2
C00501197,2142018.0,100,2018,14,2
C00501197,2092018.0,50,2018,09,2
C00501197,2142018.0,250,2018,14,2
C00501197,2042018.0,200,2018,04,2
C00501197,2032018.0,20,2018,03,2
C00501197,2102018.0,20,2018,10,2
C00501197,2132018.0,10,2018,13,2
C00501197,2062018.0,30,2018,06,2
C00501197,2132018.0,75,2018,13,2
C00501197,2022018.0,25,2018,02,2
C00501197,2092018.0,500,2018,09,2
C00501197,2072018.0,25,2018,07,2
C00501197,2122018.0,25,2018,12,2
C00501197,2122018.0,25,2018,12,2
C00501197,2122018.0,25,2018,12,2
C00501197,2082018.0,15,2018,08,2
C00501197,2142018.0,25,2018,14,2
C00501197,2082018.0,200,2018,08,2
C00501197,2042018.0,25,2018,04,2
C00501197,2142018.0,25,2018,14,2
C00501197,2142018.0,25,2018,14,2
C00501197,2142018.0,25,2018,14,2
C00501197,2142018.0,25,2018,14,2
C00501197,2082018.0,10,2018,08,2
C00501197,2142018.0,15,2018,14,2
C00501197,2072018.0,5,2018,07,2
C00501197,2082018.0,25,2018,08,2
C00501197,2032018.0,25,2018,03,2
C00501197,2012018.0,250,2018,01,2
C00501197,2092018.0,1000,2018,09,2
C00501197,2132018.0,38,2018,13,2
C00501197,2052018.0,500,2018,05,2
C00501197,2032018.0,25,2018,03,2
C00501197,2052018.0,100,2018,05,2
C00501197,2012018.0,500,2018,01,2
C00501197,2062018.0,250,2018,06,2
C00501197,2122018.0,100,2018,12,2
C00501197,2042018.0,25,2018,04,2
C00501197,2102018.0,25,2018,10,2
C00501197,2032018.0,25,2018,03,2
C00501197,2142018.0,250,2018,14,2
C00501197,2062018.0,25,2018,06,2
C00501197,2012018.0,27,2018,01,2
C00501197,2022018.0,25,2018,02,2
C00501197,2032018.0,25,2018,03,2
C00501197,2132018.0,25,2018,13,2
C00501197,2142018.0,250,2018,14,2
C00501197,2132018.0,2700,2018,13,2
C00501197,2062018.0,500,2018,06,2
C00501197,2132018.0,25,2018,13,2
C00501197,2072018.0,37,2018,07,2
C00501197,2082018.0,20,2018,08,2
C00501197,2032018.0,5,2018,03,2
C00501197,2102018.0,5,2018,10,2
C00501197,2132018.0,50,2018,13,2
C00501197,2122018.0,100,2018,12,2
C00501197,2132018.0,500,2018,13,2
C00501197,2132018.0,25,2018,13,2
C00501197,2142018.0,15,2018,14,2
C00501197,2142018.0,1000,2018,14,2
C00501197,2092018.0,25,2018,09,2
C00501197,2092018.0,2000,2018,09,2
C00501197,2132018.0,250,2018,13,2
C00501197,2132018.0,100,2018,13,2
C00501197,2102018.0,25,2018,10,2
C00501197,2092018.0,25,2018,09,2
C00501197,2072018.0,100,2018,07,2
C00501197,2132018.0,125,2018,13,2
C00501197,2132018.0,25,2018,13,2
C00501197,2142018.0,25,2018,14,2
C00501197,2092018.0,250,2018,09,2
C00501197,2032018.0,250,2018,03,2
C00501197,2132018.0,250,2018,13,2
C00501197,2132018.0,50,2018,13,2
C00501197,2142018.0,5,2018,14,2
C00501197,2032018.0,100,2018,03,2
C00501197,2032018.0,100,2018,03,2
C00501197,2022018.0,100,2018,02,2
C00501197,2042018.0,154,2018,04,2
C00501197,2142018.0,25,2018,14,2
C00501197,2012018.0,1000,2018,01,2
C00501197,2132018.0,500,2018,13,2
C00501197,2012018.0,25,2018,01,2
C00501197,2022018.0,500,2018,02,2
C00501197,2072018.0,250,2018,07,2
C00501197,2142018.0,500,2018,14,2
C00501197,2062018.0,500,2018,06,2
C00501197,2012018.0,16,2018,01,2
C00501197,2132018.0,125,2018,13,2
C00501197,2132018.0,100,2018,13,2
C00501197,2142018.0,31,2018,14,2
C00501197,2012018.0,20,2018,01,2
C00501197,2092018.0,100,2018,09,2
C00501197,2062018.0,49,2018,06,2
C00501197,2062018.0,10,2018,06,2
C00501197,2142018.0,10,2018,14,2
C00501197,2132018.0,40,2018,13,2
C00501197,2052018.0,1000,2018,05,2
C00501197,2132018.0,500,2018,13,2
C00501197,2092018.0,25,2018,09,2
C00501197,2122018.0,250,2018,12,2
C00501197,2132018.0,500,2018,13,2
C00501197,2142018.0,100,2018,14,2
C00501197,2132018.0,100,2018,13,2
C00501197,2062018.0,100,2018,06,2
C00501197,2122018.0,158,2018,12,2
C00501197,2062018.0,100,2018,06,2
C00501197,2032018.0,100,2018,03,2
C00501197,2102018.0,100,2018,10,2
C00501197,2032018.0,5,2018,03,2
C00501197,2102018.0,5,2018,10,2
C00501197,2122018.0,100,2018,12,2
C00501197,2032018.0,5,2018,03,2
C00501197,2022018.0,500,2018,02,2
C00501197,2122018.0,1000,2018,12,2
C00501197,2052018.0,262,2018,05,2
C00501197,2142018.0,50,2018,14,2
C00501197,2102018.0,100,2018,10,2
C00501197,2032018.0,5,2018,03,2
C00501197,2102018.0,5,2018,10,2
C00501197,2142018.0,1000,2018,14,2
C00501197,2142018.0,1000,2018,14,2
C00501197,2032018.0,25,2018,03,2
C00501197,2132018.0,25,2018,13,2
C00501197,2102018.0,500,2018,10,2
C00501197,2142018.0,25,2018,14,2
C00501197,2142018.0,500,2018,14,2
C00501197,2142018.0,1000,2018,14,2
C00501197,2042018.0,250,2018,04,2
C00501197,2132018.0,200,2018,13,2
C00501197,2102018.0,5,2018,10,2
C00501197,2132018.0,25,2018,13,2
C00501197,2032018.0,100,2018,03,2
C00501197,2052018.0,25,2018,05,2
C00501197,2122018.0,25,2018,12,2
C00501197,2142018.0,38,2018,14,2
C00501197,2032018.0,500,2018,03,2
C00501197,2072018.0,25,2018,07,2
C00501197,2012018.0,2000,2018,01,2
C00501197,2022018.0,119,2018,02,2
C00501197,2142018.0,500,2018,14,2
C00501197,2122018.0,250,2018,12,2
C00501197,2132018.0,250,2018,13,2
C00501197,2072018.0,5,2018,07,2
C00501197,2132018.0,100,2018,13,2
C00501197,2032018.0,10,2018,03,2
C00501197,2022018.0,40,2018,02,2
C00501197,2032018.0,35,2018,03,2
C00501197,2142018.0,25,2018,14,2
C00501197,2082018.0,250,2018,08,2
C00501197,2142018.0,250,2018,14,2
C00501197,2122018.0,36,2018,12,2
C00501197,2132018.0,100,2018,13,2
C00501197,2042018.0,34,2018,04,2
C00501197,2122018.0,50,2018,12,2
C00501197,2012018.0,50,2018,01,2
C00501197,2142018.0,45,2018,14,2
C00501197,2012018.0,2700,2018,01,2
C00501197,2022018.0,25,2018,02,2
C00501197,2122018.0,100,2018,12,2
C00501197,2122018.0,100,2018,12,2
C00501197,2142018.0,300,2018,14,2
C00501197,2142018.0,100,2018,14,2
C00501197,2052018.0,56,2018,05,2
C00501197,2062018.0,100,2018,06,2
C00501197,2112018.0,25,2018,11,2
C00501197,2112018.0,96,2018,11,2
C00501197,2032018.0,100,2018,03,2
C00501197,2142018.0,500,2018,14,2
C00501197,2032018.0,100,2018,03,2
C00501197,2032018.0,100,2018,03,2
C00501197,2132018.0,250,2018,13,2
C00501197,2122018.0,2000,2018,12,2
C00501197,2022018.0,25,2018,02,2
C00501197,2092018.0,10,2018,09,2
C00501197,2142018.0,500,2018,14,2
C00501197,2132018.0,1000,2018,13,2
C00501197,2142018.0,50,2018,14,2
C00501197,2022018.0,100,2018,02,2
C00501197,2012018.0,25,2018,01,2
C00501197,2132018.0,550,2018,13,2
C00501197,2132018.0,450,2018,13,2
C00501197,2132018.0,250,2018,13,2
C00501197,2092018.0,5,2018,09,2
C00501197,2092018.0,20,2018,09,2
C00501197,2012018.0,25,2018,01,2
C00501197,2122018.0,100,2018,12,2
C00501197,2122018.0,150,2018,12,2
C00501197,2142018.0,2700,2018,14,2
C00501197,2142018.0,2700,2018,14,2
C00501197,2132018.0,500,2018,13,2
C00501197,2102018.0,250,2018,10,2
C00501197,2102018.0,2700,2018,10,2
C00501197,2092018.0,50,2018,09,2
C00501197,2012018.0,1000,2018,01,2
C00501197,2072018.0,250,2018,07,2
C00501197,2022018.0,100,2018,02,2
C00501197,2082018.0,25,2018,08,2
C00501197,2142018.0,2200,2018,14,2
C00501197,2072018.0,1000,2018,07,2
C00501197,2062018.0,150,2018,06,2
C00501197,2132018.0,25,2018,13,2
C00501197,2062018.0,5,2018,06,2
C00501197,2032018.0,100,2018,03,2
C00501197,2072018.0,20,2018,07,2
C00501197,2142018.0,10,2018,14,2
C00501197,2132018.0,100,2018,13,2
C00501197,2122018.0,1000,2018,12,2
C00501197,2142018.0,100,2018,14,2
C00501197,2092018.0,50,2018,09,2
C00501197,2012018.0,50,2018,01,2
C00501197,2042018.0,50,2018,04,2
C00501197,2052018.0,50,2018,05,2
C00501197,2102018.0,50,2018,10,2
C00501197,2122018.0,5,2018,12,2
C00501197,2032018.0,250,2018,03,2
C00501197,2062018.0,250,2018,06,2
C00501197,2032018.0,25,2018,03,2
C00501197,2132018.0,25,2018,13,2
C00501197,2012018.0,59,2018,01,2
C00501197,2062018.0,76,2018,06,2
C00501197,2082018.0,250,2018,08,2
C00501197,2032018.0,25,2018,03,2
C00501197,2112018.0,46,2018,11,2
C00501197,2142018.0,55,2018,14,2
C00501197,2142018.0,300,2018,14,2
C00501197,2102018.0,5,2018,10,2
C00501197,2062018.0,100,2018,06,2
C00501197,2142018.0,5,2018,14,2
C00501197,2022018.0,100,2018,02,2
C00501197,2132018.0,100,2018,13,2
C00501197,2132018.0,25,2018,13,2
C00501197,2072018.0,250,2018,07,2
C00501197,2012018.0,100,2018,01,2
C00501197,2142018.0,1000,2018,14,2
C00501197,2142018.0,20,2018,14,2
C00501197,2132018.0,2500,2018,13,2
C00501197,2102018.0,25,2018,10,2
C00501197,2092018.0,250,2018,09,2
C00501197,2142018.0,100,2018,14,2
C00501197,2062018.0,92,2018,06,2
C00501197,2082018.0,25,2018,08,2
C00501197,2112018.0,200,2018,11,2
C00501197,2052018.0,10,2018,05,2
C00501197,2092018.0,1000,2018,09,2
C00501197,2112018.0,2700,2018,11,2
C00501197,2072018.0,339,2018,07,2
C00501197,2122018.0,50,2018,12,2
C00501197,2022018.0,25,2018,02,2
C00501197,2052018.0,63,2018,05,2
C00501197,2092018.0,25,2018,09,2
C00501197,2082018.0,250,2018,08,2
C00501197,2132018.0,500,2018,13,2
C00501197,2062018.0,25,2018,06,2
C00501197,2142018.0,25,2018,14,2
C00501197,2032018.0,25,2018,03,2
C00501197,2122018.0,100,2018,12,2
C00501197,2072018.0,20,2018,07,2
C00501197,2142018.0,25,2018,14,2
C00501197,2052018.0,1000,2018,05,2
C00501197,2132018.0,1000,2018,13,2
C00501197,2052018.0,10,2018,05,2
C00501197,2092018.0,25,2018,09,2
C00501197,2142018.0,200,2018,14,2
C00501197,2132018.0,100,2018,13,2
C00501197,2082018.0,100,2018,08,2
C00501197,2062018.0,750,2018,06,2
C00501197,2132018.0,38,2018,13,2
C00501197,2122018.0,18,2018,12,2
C00501197,2142018.0,250,2018,14,2
C00501197,2072018.0,10,2018,07,2
C00501197,2122018.0,250,2018,12,2
C00501197,2052018.0,25,2018,05,2
C00501197,2122018.0,16,2018,12,2
C00501197,2142018.0,1000,2018,14,2
C00501197,2012018.0,500,2018,01,2
C00501197,2132018.0,25,2018,13,2
C00501197,2022018.0,500,2018,02,2
C00501197,2052018.0,25,2018,05,2
C00501197,2092018.0,10,2018,09,2
C00501197,2082018.0,250,2018,08,2
C00501197,2012018.0,100,2018,01,2
C00501197,2072018.0,250,2018,07,2
C00501197,2092018.0,100,2018,09,2
C00501197,2032018.0,32,2018,03,2
C00501197,2142018.0,2500,2018,14,2
C00501197,2072018.0,500,2018,07,2
C00501197,2132018.0,1000,2018,13,2
C00501197,2072018.0,100,2018,07,2
C00501197,2122018.0,250,2018,12,2
C00501197,2012018.0,250,2018,01,2
C00501197,2122018.0,250,2018,12,2
C00501197,2142018.0,100,2018,14,2
C00501197,2142018.0,500,2018,14,2
C00501197,2142018.0,50,2018,14,2
C00501197,2062018.0,25,2018,06,2
C00501197,2132018.0,25,2018,13,2
C00501197,2012018.0,100,2018,01,2
C00501197,2012018.0,2700,2018,01,2
C00501197,2042018.0,250,2018,04,2
C00501197,2012018.0,89,2018,01,2
C00501197,2032018.0,2700,2018,03,2
C00501197,2142018.0,25,2018,14,2
C00501197,2142018.0,25,2018,14,2
C00501197,2062018.0,25,2018,06,2
C00501197,2022018.0,1000,2018,02,2
C00501197,2072018.0,10,2018,07,2
C00501197,2132018.0,25,2018,13,2
C00501197,2122018.0,100,2018,12,2
C00501197,2032018.0,1000,2018,03,2
C00501197,2102018.0,20,2018,10,2
C00501197,2142018.0,100,2018,14,2
C00501197,2102018.0,100,2018,10,2
C00501197,2142018.0,20,2018,14,2
C00501197,2072018.0,25,2018,07,2
C00501197,2142018.0,250,2018,14,2
C00501197,2122018.0,100,2018,12,2
C00501197,2122018.0,100,2018,12,2
C00501197,2072018.0,250,2018,07,2
C00501197,2062018.0,16,2018,06,2
C00501197,2082018.0,500,2018,08,2
C00501197,2142018.0,1000,2018,14,2
C00501197,2142018.0,500,2018,14,2
C00501197,2032018.0,25,2018,03,2
C00501197,2072018.0,1250,2018,07,2
C00501197,2062018.0,1000,2018,06,2
C00501197,2012018.0,2700,2018,01,2
C00501197,2132018.0,100,2018,13,2
C00501197,2012018.0,5,2018,01,2
C00501197,2042018.0,200,2018,04,2
C00501197,2062018.0,100,2018,06,2
C00501197,2142018.0,10,2018,14,2
C00501197,2142018.0,25,2018,14,2
C00501197,2032018.0,25,2018,03,2
C00501197,2062018.0,50,2018,06,2
C00501197,2122018.0,100,2018,12,2
C00501197,2072018.0,250,2018,07,2
C00501197,2032018.0,25,2018,03,2
C00501197,2092018.0,208,2018,09,2
C00501197,2012018.0,1000,2018,01,2
C00501197,2022018.0,100,2018,02,2
C00501197,2122018.0,100,2018,12,2
C00501197,2122018.0,100,2018,12,2
C00501197,2142018.0,2700,2018,14,2
C00501197,2142018.0,1900,2018,14,2
C00501197,2052018.0,25,2018,05,2
C00501197,2132018.0,2700,2018,13,2
C00501197,2132018.0,25,2018,13,2
C00501197,2012018.0,100,2018,01,2
C00501197,2082018.0,20,2018,08,2
C00501197,2042018.0,5,2018,04,2
C00501197,2142018.0,100,2018,14,2
C00501197,2122018.0,25,2018,12,2
C00501197,2122018.0,10,2018,12,2
C00501197,2032018.0,25,2018,03,2
C00501197,2122018.0,1000,2018,12,2
C00501197,2142018.0,50,2018,14,2
C00501197,2042018.0,1000,2018,04,2
C00501197,2032018.0,10,2018,03,2
C00501197,2112018.0,127,2018,11,2
C00501197,2132018.0,25,2018,13,2
C00501197,2072018.0,500,2018,07,2
C00501197,2032018.0,25,2018,03,2
C00501197,2102018.0,25,2018,10,2
C00501197,2012018.0,1000,2018,01,2
C00501197,2042018.0,100,2018,04,2
C00501197,2112018.0,500,2018,11,2
C00501197,2022018.0,25,2018,02,2
C00501197,2132018.0,25,2018,13,2
C00501197,2072018.0,100,2018,07,2
C00501197,2132018.0,50,2018,13,2
C00501197,2142018.0,50,2018,14,2
C00501197,2042018.0,25,2018,04,2
C00501197,2032018.0,25,2018,03,2
C00501197,2102018.0,25,2018,10,2
C00501197,2012018.0,2700,2018,01,2
C00501197,2072018.0,1000,2018,07,2
C00501197,2032018.0,500,2018,03,2
C00501197,2092018.0,50,2018,09,2
C00501197,2142018.0,2700,2018,14,2
C00501197,2132018.0,10,2018,13,2
C00501197,2022018.0,50,2018,02,2
C00501197,2132018.0,250,2018,13,2
C00501197,2142018.0,100,2018,14,2
C00501197,2052018.0,100,2018,05,2
C00501197,2132018.0,500,2018,13,2
C00501197,2012018.0,1300,2018,01,2
C00501197,2062018.0,42,2018,06,2
C00501197,2132018.0,25,2018,13,2
C00501197,2142018.0,250,2018,14,2
C00501197,2042018.0,100,2018,04,2
C00501197,2062018.0,100,2018,06,2
C00501197,2022018.0,250,2018,02,2
C00501197,2142018.0,100,2018,14,2
C00501197,2092018.0,25,2018,09,2
C00501197,2142018.0,25,2018,14,2
C00501197,2072018.0,500,2018,07,2
C00501197,2132018.0,100,2018,13,2
C00501197,2012018.0,2700,2018,01,2
C00501197,2012018.0,2700,2018,01,2
C00501197,2142018.0,500,2018,14,2
C00501197,2012018.0,25,2018,01,2
C00501197,2012018.0,10,2018,01,2
C00501197,2112018.0,50,2018,11,2
C00501197,2072018.0,10,2018,07,2
C00501197,2042018.0,100,2018,04,2
C00501197,2132018.0,250,2018,13,2
C00501197,2142018.0,25,2018,14,2
C00501197,2032018.0,200,2018,03,2
C00501197,2122018.0,45,2018,12,2
C00501197,2142018.0,210,2018,14,2
C00501197,2082018.0,115,2018,08,2
C00501197,2122018.0,100,2018,12,2
C00501197,2142018.0,50,2018,14,2
C00501197,2052018.0,25,2018,05,2
C00501197,2112018.0,50,2018,11,2
C00501197,2132018.0,250,2018,13,2
C00501197,2042018.0,25,2018,04,2
C00501197,2042018.0,15,2018,04,2
C00501197,2102018.0,16,2018,10,2
C00501197,2102018.0,25,2018,10,2
C00501197,2072018.0,500,2018,07,2
C00501197,2072018.0,400,2018,07,2
C00501197,2142018.0,250,2018,14,2
C00501197,2042018.0,25,2018,04,2
C00501197,2102018.0,500,2018,10,2
C00501197,2022018.0,25,2018,02,2
C00501197,2042018.0,5,2018,04,2
C00501197,2022018.0,25,2018,02,2
C00501197,2032018.0,100,2018,03,2
C00501197,2082018.0,2700,2018,08,2
C00501197,2132018.0,25,2018,13,2
C00501197,2122018.0,250,2018,12,2
C00501197,2072018.0,500,2018,07,2
C00501197,2122018.0,60,2018,12,2
C00501197,2082018.0,100,2018,08,2
C00501197,2082018.0,100,2018,08,2
C00501197,2132018.0,25,2018,13,2
C00501197,2072018.0,25,2018,07,2
C00501197,2072018.0,100,2018,07,2
C00501197,2142018.0,1000,2018,14,2
C00501197,2142018.0,2200,2018,14,2
C00501197,2142018.0,2200,2018,14,2
C00501197,2112018.0,25,2018,11,2
C00501197,2012018.0,1500,2018,01,2
C00501197,2082018.0,383,2018,08,2
C00501197,2122018.0,25,2018,12,2
C00501197,2022018.0,25,2018,02,2
C00501197,2092018.0,25,2018,09,2
C00501197,2012018.0,1000,2018,01,2
C00501197,2082018.0,25,2018,08,2
C00501197,2142018.0,500,2018,14,2
C00501197,2142018.0,1000,2018,14,2
C00501197,2122018.0,300,2018,12,2
C00501197,2102018.0,500,2018,10,2
C00501197,2132018.0,25,2018,13,2
C00501197,2142018.0,30,2018,14,2
C00501197,2142018.0,30,2018,14,2
C00501197,2012018.0,34,2018,01,2
C00501197,2062018.0,100,2018,06,2
C00501197,2142018.0,25,2018,14,2
C00501197,2032018.0,16,2018,03,2
C00501197,2082018.0,25,2018,08,2
C00501197,2102018.0,25,2018,10,2
C00501197,2082018.0,300,2018,08,2
C00501197,2052018.0,2700,2018,05,2
C00501197,2012018.0,500,2018,01,2
C00501197,2092018.0,10,2018,09,2
C00501197,2132018.0,25,2018,13,2
C00501197,2022018.0,700,2018,02,2
C00501197,2072018.0,100,2018,07,2
C00501197,2082018.0,62,2018,08,2
C00501197,2012018.0,25,2018,01,2
C00501197,2122018.0,25,2018,12,2
C00501197,2062018.0,10,2018,06,2
C00501197,2012018.0,25,2018,01,2
C00501197,2062018.0,25,2018,06,2
C00501197,2132018.0,25,2018,13,2
C00501197,2082018.0,50,2018,08,2
C00501197,2012018.0,25,2018,01,2
C00501197,2042018.0,200,2018,04,2
C00501197,2042018.0,5,2018,04,2
C00501197,2112018.0,5,2018,11,2
C00501197,2072018.0,2700,2018,07,2
C00501197,2082018.0,2000,2018,08,2
C00501197,2102018.0,25,2018,10,2
C00501197,2032018.0,100,2018,03,2
C00501197,2062018.0,50,2018,06,2
C00501197,2122018.0,23,2018,12,2
C00501197,2142018.0,500,2018,14,2
C00501197,2042018.0,25,2018,04,2
C00501197,2142018.0,250,2018,14,2
C00501197,2112018.0,50,2018,11,2
C00501197,2012018.0,25,2018,01,2
C00501197,2122018.0,12,2018,12,2
C00501197,2032018.0,25,2018,03,2
C00501197,2052018.0,25,2018,05,2
C00501197,2052018.0,22,2018,05,2
C00501197,2142018.0,25,2018,14,2
C00501197,2062018.0,17,2018,06,2
C00501197,2102018.0,25,2018,10,2
C00501197,2132018.0,100,2018,13,2
C00501197,2102018.0,57,2018,10,2
C00501197,2072018.0,1000,2018,07,2
C00501197,2132018.0,20,2018,13,2
C00501197,2142018.0,25,2018,14,2
C00501197,2052018.0,250,2018,05,2
C00501197,2142018.0,9,2018,14,2
C00501197,2022018.0,250,2018,02,2
C00501197,2112018.0,20,2018,11,2
C00501197,2072018.0,100,2018,07,2
C00501197,2022018.0,25,2018,02,2
C00501197,2092018.0,25,2018,09,2
C00501197,2142018.0,200,2018,14,2
C00501197,2122018.0,200,2018,12,2
C00501197,2012018.0,250,2018,01,2
C00501197,2142018.0,1000,2018,14,2
C00501197,2052018.0,25,2018,05,2
C00501197,2082018.0,25,2018,08,2
C00501197,2102018.0,53,2018,10,2
C00501197,2122018.0,250,2018,12,2
C00501197,2012018.0,50,2018,01,2
C00501197,2022018.0,25,2018,02,2
C00501197,2142018.0,100,2018,14,2
C00501197,2132018.0,79,2018,13,2
C00501197,2142018.0,250,2018,14,2
C00501197,2082018.0,500,2018,08,2
C00501197,2022018.0,134,2018,02,2
C00501197,2122018.0,100,2018,12,2
C00501197,2042018.0,50,2018,04,2
C00501197,2072018.0,5,2018,07,2
C00501197,2142018.0,5,2018,14,2
C00501197,2142018.0,50,2018,14,2
C00501197,2142018.0,500,2018,14,2
C00501197,2132018.0,50,2018,13,2
C00501197,2052018.0,5,2018,05,2
C00501197,2122018.0,5,2018,12,2
C00501197,2022018.0,25,2018,02,2
C00501197,2052018.0,50,2018,05,2
C00501197,2032018.0,100,2018,03,2
C00501197,2142018.0,50,2018,14,2
C00501197,2122018.0,16,2018,12,2
C00501197,2132018.0,250,2018,13,2
C00501197,2142018.0,50,2018,14,2
C00501197,2132018.0,25,2018,13,2
C00501197,2042018.0,5,2018,04,2
C00501197,2112018.0,5,2018,11,2
C00501197,2142018.0,5,2018,14,2
C00501197,2012018.0,25,2018,01,2
C00501197,2102018.0,5,2018,10,2
C00501197,2142018.0,8,2018,14,2
C00501197,2012018.0,25,2018,01,2
C00501197,2132018.0,20,2018,13,2
C00501197,2142018.0,100,2018,14,2
C00501197,2142018.0,71,2018,14,2
C00501197,2072018.0,200,2018,07,2
C00501197,2092018.0,150,2018,09,2
C00501197,2052018.0,100,2018,05,2
C00501197,2102018.0,100,2018,10,2
C00501197,2132018.0,500,2018,13,2
C00501197,2142018.0,250,2018,14,2
C00501197,2132018.0,25,2018,13,2
C00501197,2142018.0,5,2018,14,2
C00501197,2142018.0,5,2018,14,2
C00501197,2142018.0,25,2018,14,2
C00501197,2142018.0,500,2018,14,2
C00501197,2032018.0,250,2018,03,2
C00501197,2022018.0,10,2018,02,2
C00501197,2112018.0,3,2018,11,2
C00501197,2062018.0,100,2018,06,2
C00501197,2132018.0,87,2018,13,2
C00501197,2112018.0,25,2018,11,2
C00501197,2142018.0,25,2018,14,2
C00501197,2142018.0,10,2018,14,2
C00501197,2032018.0,250,2018,03,2
C00501197,2042018.0,4,2018,04,2
C00501197,2042018.0,4,2018,04,2
C00501197,2062018.0,25,2018,06,2
C00501197,2122018.0,500,2018,12,2
C00501197,2132018.0,5,2018,13,2
C00501197,2122018.0,25,2018,12,2
C00501197,2132018.0,250,2018,13,2
C00501197,2112018.0,25,2018,11,2
C00501197,2122018.0,1000,2018,12,2
C00501197,2012018.0,25,2018,01,2
C00501197,2022018.0,25,2018,02,2
C00501197,2122018.0,25,2018,12,2
C00501197,2032018.0,25,2018,03,2
C00501197,2012018.0,16,2018,01,2
C00501197,2022018.0,25,2018,02,2
C00501197,2032018.0,15,2018,03,2
C00501197,2142018.0,25,2018,14,2
C00501197,2092018.0,1000,2018,09,2
C00501197,2072018.0,15,2018,07,2
C00501197,2132018.0,25,2018,13,2
C00501197,2092018.0,25,2018,09,2
C00501197,2142018.0,5,2018,14,2
C00501197,2012018.0,86,2018,01,2
C00501197,2012018.0,100,2018,01,2
C00501197,2132018.0,500,2018,13,2
C00501197,2072018.0,50,2018,07,2
C00501197,2072018.0,200,2018,07,2
C00501197,2142018.0,11,2018,14,2
C00501197,2122018.0,500,2018,12,2
C00501197,2072018.0,88,2018,07,2
C00501197,2112018.0,200,2018,11,2
C00501197,2072018.0,250,2018,07,2
C00501197,2032018.0,25,2018,03,2
C00501197,2142018.0,50,2018,14,2
C00501197,2142018.0,50,2018,14,2
C00501197,2072018.0,25,2018,07,2
C00501197,2132018.0,25,2018,13,2
C00501197,2022018.0,1000,2018,02,2
C00501197,2032018.0,100,2018,03,2
C00501197,2132018.0,25,2018,13,2
C00501197,2102018.0,50,2018,10,2
C00501197,2092018.0,250,2018,09,2
C00501197,2132018.0,50,2018,13,2
C00501197,2142018.0,25,2018,14,2
C00501197,2042018.0,500,2018,04,2
C00501197,2082018.0,60,2018,08,2
C00501197,2132018.0,250,2018,13,2
C00501197,2052018.0,5,2018,05,2
C00501197,2072018.0,1000,2018,07,2
C00501197,2102018.0,5,2018,10,2
C00501197,2122018.0,250,2018,12,2
C00501197,2072018.0,25,2018,07,2
C00501197,2072018.0,25,2018,07,2
C00501197,2092018.0,40,2018,09,2
C00501197,2092018.0,250,2018,09,2
C00501197,2092018.0,25,2018,09,2
C00501197,2092018.0,25,2018,09,2
C00501197,2092018.0,25,2018,09,2
C00501197,2082018.0,25,2018,08,2
C00501197,2072018.0,25,2018,07,2
C00501197,2142018.0,25,2018,14,2
C00501197,2132018.0,50,2018,13,2
C00501197,2022018.0,25,2018,02,2
C00501197,2052018.0,500,2018,05,2
C00501197,2062018.0,100,2018,06,2
C00501197,2062018.0,2700,2018,06,2
C00501197,2142018.0,25,2018,14,2
C00501197,2122018.0,100,2018,12,2
C00501197,2072018.0,93,2018,07,2
C00501197,2072018.0,1000,2018,07,2
C00501197,2102018.0,100,2018,10,2
C00501197,2022018.0,250,2018,02,2
C00501197,2062018.0,25,2018,06,2
C00501197,2062018.0,31,2018,06,2
C00501197,2062018.0,500,2018,06,2
C00501197,2072018.0,500,2018,07,2
C00501197,2122018.0,250,2018,12,2
C00501197,2142018.0,50,2018,14,2
C00501197,2142018.0,25,2018,14,2
C00501197,2062018.0,25,2018,06,2
C00501197,2122018.0,100,2018,12,2
C00501197,2042018.0,49,2018,04,2
C00501197,2132018.0,100,2018,13,2
C00501197,2132018.0,27,2018,13,2
C00501197,2082018.0,500,2018,08,2
C00501197,2062018.0,2500,2018,06,2
C00501197,2142018.0,97,2018,14,2
C00501197,2092018.0,25,2018,09,2
C00501197,2082018.0,500,2018,08,2
C00501197,2142018.0,2000,2018,14,2
C00501197,2022018.0,25,2018,02,2
C00501197,2122018.0,25,2018,12,2
C00501197,2142018.0,20,2018,14,2
C00501197,2022018.0,25,2018,02,2
C00501197,2052018.0,25,2018,05,2
C00501197,2012018.0,25,2018,01,2
C00501197,2022018.0,23,2018,02,2
C00501197,2132018.0,50,2018,13,2
C00501197,2112018.0,25,2018,11,2
C00501197,2082018.0,100,2018,08,2
C00501197,2062018.0,50,2018,06,2
C00501197,2132018.0,100,2018,13,2
C00501197,2132018.0,500,2018,13,2
C00501197,2012018.0,14,2018,01,2
C00501197,2062018.0,30,2018,06,2
C00501197,2022018.0,20,2018,02,2
C00501197,2032018.0,100,2018,03,2
C00501197,2142018.0,100,2018,14,2
C00501197,2132018.0,2000,2018,13,2
C00501197,2042018.0,100,2018,04,2
C00501197,2042018.0,39,2018,04,2
C00501197,2062018.0,25,2018,06,2
C00501197,2122018.0,77,2018,12,2
C00501197,2072018.0,1000,2018,07,2
C00501197,2062018.0,79,2018,06,2
C00501197,2042018.0,125,2018,04,2
C00501197,2142018.0,1000,2018,14,2
C00501197,2132018.0,25,2018,13,2
C00501197,2102018.0,200,2018,10,2
C00501197,2072018.0,500,2018,07,2
C00501197,2142018.0,1000,2018,14,2
C00501197,2072018.0,250,2018,07,2
C00501197,2042018.0,250,2018,04,2
C00501197,2012018.0,50,2018,01,2
C00501197,2112018.0,5,2018,11,2
C00501197,2132018.0,5,2018,13,2
C00501197,2072018.0,31,2018,07,2
C00501197,2052018.0,25,2018,05,2
C00501197,2072018.0,2500,2018,07,2
C00501197,2072018.0,250,2018,07,2
C00501197,2142018.0,250,2018,14,2
C00501197,2142018.0,100,2018,14,2
C00501197,2132018.0,1000,2018,13,2
C00501197,2042018.0,25,2018,04,2
C00501197,2122018.0,31,2018,12,2
C00501197,2142018.0,100,2018,14,2
C00501197,2082018.0,100,2018,08,2
C00501197,2072018.0,10,2018,07,2
C00501197,2142018.0,14,2018,14,2
C00501197,2072018.0,250,2018,07,2
C00501197,2032018.0,25,2018,03,2
C00501197,2132018.0,5,2018,13,2
C00501197,2122018.0,25,2018,12,2
C00501197,2072018.0,1000,2018,07,2
C00501197,2082018.0,250,2018,08,2
C00501197,2142018.0,1000,2018,14,2
C00501197,2012018.0,2450,2018,01,2
C00501197,2042018.0,100,2018,04,2
C00501197,2012018.0,2550,2018,01,2
C00501197,2132018.0,25,2018,13,2
C00501197,2022018.0,1000,2018,02,2
C00501197,2072018.0,1000,2018,07,2
C00501197,2132018.0,2700,2018,13,2
C00501197,2132018.0,700,2018,13,2
C00501197,2132018.0,2000,2018,13,2
C00501197,2062018.0,250,2018,06,2
C00501197,2062018.0,250,2018,06,2
C00501197,2142018.0,5,2018,14,2
C00501197,2022018.0,35,2018,02,2
C00501197,2032018.0,25,2018,03,2
C00501197,2122018.0,35,2018,12,2
C00501197,2022018.0,500,2018,02,2
C00501197,2132018.0,100,2018,13,2
C00501197,2122018.0,100,2018,12,2
C00501197,2042018.0,25,2018,04,2
C00501197,2122018.0,2700,2018,12,2
C00501197,2052018.0,25,2018,05,2
C00501197,2122018.0,31,2018,12,2
C00501197,2042018.0,100,2018,04,2
C00501197,2042018.0,25,2018,04,2
C00501197,2142018.0,1000,2018,14,2
C00501197,2032018.0,25,2018,03,2
C00501197,2052018.0,1000,2018,05,2
C00501197,2052018.0,25,2018,05,2
C00501197,2142018.0,500,2018,14,2
C00501197,2062018.0,20,2018,06,2
C00501197,2042018.0,100,2018,04,2
C00501197,2032018.0,25,2018,03,2
C00501197,2082018.0,20,2018,08,2
C00501197,2032018.0,500,2018,03,2
C00501197,2042018.0,25,2018,04,2
C00501197,2062018.0,500,2018,06,2
C00501197,2012018.0,250,2018,01,2
C00501197,2142018.0,25,2018,14,2
C00501197,2042018.0,50,2018,04,2
C00501197,2032018.0,33,2018,03,2
C00501197,2042018.0,5,2018,04,2
C00501197,2052018.0,2,2018,05,2
C00501197,2112018.0,5,2018,11,2
C00501197,2022018.0,25,2018,02,2
C00501197,2032018.0,250,2018,03,2
C00501197,2132018.0,2700,2018,13,2
C00501197,2132018.0,250,2018,13,2
C00501197,2102018.0,500,2018,10,2
C00501197,2092018.0,20,2018,09,2
C00501197,2122018.0,5,2018,12,2
C00501197,2122018.0,25,2018,12,2
C00501197,2082018.0,25,2018,08,2
C00501197,2142018.0,250,2018,14,2
C00501197,2142018.0,25,2018,14,2
C00501197,2122018.0,200,2018,12,2
C00501197,2082018.0,500,2018,08,2
C00501197,2142018.0,25,2018,14,2
C00501197,2132018.0,25,2018,13,2
C00501197,2082018.0,16,2018,08,2
C00501197,2142018.0,25,2018,14,2
C00501197,2072018.0,25,2018,07,2
C00501197,2122018.0,50,2018,12,2
C00501197,2142018.0,100,2018,14,2
C00501197,2082018.0,50,2018,08,2
C00501197,2092018.0,100,2018,09,2
C00501197,2032018.0,300,2018,03,2
C00501197,2042018.0,25,2018,04,2
C00501197,2112018.0,25,2018,11,2
C00501197,2012018.0,250,2018,01,2
C00501197,2092018.0,250,2018,09,2
C00501197,2082018.0,100,2018,08,2
C00501197,2052018.0,50,2018,05,2
C00501197,2092018.0,250,2018,09,2
C00501197,2142018.0,50,2018,14,2
C00501197,2142018.0,100,2018,14,2
C00501197,2072018.0,50,2018,07,2
C00501197,2122018.0,100,2018,12,2
C00501197,2042018.0,50,2018,04,2
C00501197,2142018.0,5,2018,14,2
C00501197,2122018.0,3,2018,12,2
C00501197,2132018.0,2000,2018,13,2
C00501197,2052018.0,250,2018,05,2
C00501197,2122018.0,500,2018,12,2
C00501197,2122018.0,25,2018,12,2
C00501197,2042018.0,500,2018,04,2
C00501197,2042018.0,250,2018,04,2
C00501197,2032018.0,25,2018,03,2
C00501197,2102018.0,0,2018,10,2
C00501197,2012018.0,1000,2018,01,2
C00501197,2132018.0,100,2018,13,2
C00501197,2082018.0,25,2018,08,2
C00501197,2052018.0,25,2018,05,2
C00501197,2142018.0,20,2018,14,2
C00501197,2112018.0,2700,2018,11,2
C00501197,2132018.0,100,2018,13,2
C00501197,2072018.0,250,2018,07,2
C00501197,2072018.0,50,2018,07,2
C00501197,2012018.0,25,2018,01,2
C00501197,2122018.0,35,2018,12,2
C00501197,2062018.0,250,2018,06,2
C00501197,2052018.0,20,2018,05,2
C00501197,2072018.0,17,2018,07,2
C00501197,2012018.0,500,2018,01,2
C00501197,2032018.0,25,2018,03,2
C00501197,2142018.0,60,2018,14,2
C00501197,2052018.0,16,2018,05,2
C00501197,2072018.0,250,2018,07,2
C00501197,2052018.0,250,2018,05,2
C00501197,2032018.0,10,2018,03,2
C00501197,2122018.0,750,2018,12,2
C00501197,2042018.0,25,2018,04,2
C00501197,2012018.0,50,2018,01,2
C00501197,2042018.0,25,2018,04,2
C00501197,2012018.0,260,2018,01,2
C00501197,2032018.0,31,2018,03,2
C00501197,2142018.0,50,2018,14,2
C00501197,2012018.0,10,2018,01,2
C00501197,2142018.0,28,2018,14,2
C00501197,2062018.0,50,2018,06,2
C00501197,2052018.0,100,2018,05,2
C00501197,2012018.0,500,2018,01,2
C00501197,2082018.0,500,2018,08,2
C00501197,2142018.0,25,2018,14,2
C00501197,2052018.0,1000,2018,05,2
C00501197,2062018.0,25,2018,06,2
C00501197,2142018.0,500,2018,14,2
C00501197,2052018.0,25,2018,05,2
C00501197,2052018.0,1000,2018,05,2
C00501197,2062018.0,50,2018,06,2
C00501197,2032018.0,20,2018,03,2
C00501197,2112018.0,75,2018,11,2
C00501197,2132018.0,100,2018,13,2
C00501197,2122018.0,25,2018,12,2
C00501197,2072018.0,5,2018,07,2
C00501197,2102018.0,500,2018,10,2
C00501197,2032018.0,25,2018,03,2
C00501197,2102018.0,25,2018,10,2
C00501197,2012018.0,250,2018,01,2
C00501197,2062018.0,16,2018,06,2
C00501197,2082018.0,28,2018,08,2
C00501197,2022018.0,100,2018,02,2
C00501197,2142018.0,25,2018,14,2
C00501197,2142018.0,25,2018,14,2
C00501197,2072018.0,10,2018,07,2
C00501197,2072018.0,100,2018,07,2
C00501197,2072018.0,100,2018,07,2
C00501197,2132018.0,25,2018,13,2
C00501197,2072018.0,2700,2018,07,2
C00501197,2072018.0,1000,2018,07,2
C00501197,2132018.0,25,2018,13,2
C00501197,2072018.0,2700,2018,07,2
C00501197,2072018.0,2700,2018,07,2
C00501197,2052018.0,15,2018,05,2
C00501197,2122018.0,25,2018,12,2
C00501197,2032018.0,1000,2018,03,2
C00501197,2082018.0,25,2018,08,2
C00501197,2142018.0,25,2018,14,2
C00501197,2132018.0,25,2018,13,2
C00501197,2142018.0,200,2018,14,2
C00501197,2142018.0,250,2018,14,2
C00501197,2142018.0,25,2018,14,2
C00501197,2102018.0,100,2018,10,2
C00501197,2022018.0,25,2018,02,2
C00501197,2122018.0,100,2018,12,2
C00501197,2062018.0,250,2018,06,2
C00501197,2112018.0,25,2018,11,2
C00501197,2142018.0,25,2018,14,2
C00501197,2032018.0,15,2018,03,2
C00501197,2032018.0,250,2018,03,2
C00501197,2052018.0,500,2018,05,2
C00501197,2112018.0,20,2018,11,2
C00501197,2102018.0,25,2018,10,2
C00501197,2142018.0,25,2018,14,2
C00501197,2102018.0,114,2018,10,2
C00501197,2142018.0,197,2018,14,2
C00501197,2142018.0,5,2018,14,2
C00501197,2012018.0,2500,2018,01,2
C00501197,2052018.0,49,2018,05,2
C00501197,2132018.0,24,2018,13,2
C00501197,2132018.0,100,2018,13,2
C00501197,2132018.0,100,2018,13,2
C00501197,2142018.0,25,2018,14,2
C00501197,2132018.0,250,2018,13,2
C00501197,2132018.0,39,2018,13,2
C00501197,2122018.0,50,2018,12,2
C00501197,2132018.0,25,2018,13,2
C00501197,2042018.0,25,2018,04,2
C00501197,2062018.0,50,2018,06,2
C00501197,2092018.0,250,2018,09,2
C00501197,2082018.0,50,2018,08,2
C00501197,2142018.0,100,2018,14,2
C00501197,2012018.0,25,2018,01,2
C00501197,2072018.0,25,2018,07,2
C00501197,2142018.0,25,2018,14,2
C00501197,2062018.0,100,2018,06,2
C00501197,2072018.0,100,2018,07,2
C00501197,2092018.0,2700,2018,09,2
C00501197,2092018.0,2700,2018,09,2
C00501197,2022018.0,25,2018,02,2
C00501197,2032018.0,5,2018,03,2
C00501197,2012018.0,100,2018,01,2
C00501197,2032018.0,50,2018,03,2
C00501197,2102018.0,25,2018,10,2
C00501197,2122018.0,500,2018,12,2
C00501197,2132018.0,25,2018,13,2
C00501197,2012018.0,25,2018,01,2
C00501197,2142018.0,500,2018,14,2
C00501197,2122018.0,100,2018,12,2
C00501197,2012018.0,500,2018,01,2
C00501197,2012018.0,10,2018,01,2
C00501197,2142018.0,100,2018,14,2
C00501197,2052018.0,100,2018,05,2
C00501197,2062018.0,38,2018,06,2
C00501197,2122018.0,100,2018,12,2
C00501197,2022018.0,2700,2018,02,2
C00501197,2022018.0,2700,2018,02,2
C00501197,2132018.0,100,2018,13,2
C00501197,2132018.0,1000,2018,13,2
C00501197,2132018.0,25,2018,13,2
C00501197,2042018.0,20,2018,04,2
C00501197,2132018.0,100,2018,13,2
C00501197,2062018.0,25,2018,06,2
C00501197,2042018.0,59,2018,04,2
C00501197,2092018.0,2700,2018,09,2
C00501197,2142018.0,2700,2018,14,2
C00501197,2092018.0,25,2018,09,2
C00501197,2052018.0,1000,2018,05,2
C00501197,2142018.0,1400,2018,14,2
C00501197,2032018.0,5,2018,03,2
C00501197,2122018.0,50,2018,12,2
C00501197,2142018.0,500,2018,14,2
C00501197,2072018.0,1200,2018,07,2
C00501197,2132018.0,25,2018,13,2
C00501197,2132018.0,25,2018,13,2
C00501197,2062018.0,50,2018,06,2
C00501197,2112018.0,25,2018,11,2
C00501197,2012018.0,2700,2018,01,2
C00501197,2092018.0,100,2018,09,2
C00501197,2012018.0,500,2018,01,2
C00501197,2082018.0,100,2018,08,2
C00501197,2122018.0,100,2018,12,2
C00501197,2082018.0,250,2018,08,2
C00501197,2072018.0,250,2018,07,2
C00501197,2122018.0,100,2018,12,2
C00501197,2122018.0,75,2018,12,2
C00501197,2132018.0,100,2018,13,2
C00501197,2122018.0,25,2018,12,2
C00501197,2012018.0,500,2018,01,2
C00501197,2142018.0,25,2018,14,2
C00501197,2142018.0,10,2018,14,2
C00501197,2032018.0,100,2018,03,2
C00501197,2142018.0,25,2018,14,2
C00501197,2022018.0,25,2018,02,2
C00501197,2042018.0,25,2018,04,2
C00501197,2132018.0,2500,2018,13,2
C00501197,2062018.0,56,2018,06,2
C00501197,2072018.0,16,2018,07,2
C00501197,2142018.0,25,2018,14,2
C00501197,2122018.0,100,2018,12,2
C00501197,2042018.0,100,2018,04,2
C00501197,2092018.0,200,2018,09,2
C00501197,2052018.0,250,2018,05,2
C00501197,2092018.0,200,2018,09,2
C00501197,2022018.0,10,2018,02,2
C00501197,2072018.0,90,2018,07,2
C00501197,2062018.0,1,2018,06,2
C00501197,2092018.0,50,2018,09,2
C00501197,2042018.0,25,2018,04,2
C00501197,2092018.0,25,2018,09,2
C00501197,2112018.0,25,2018,11,2
C00501197,2122018.0,25,2018,12,2
C00501197,2012018.0,25,2018,01,2
C00501197,2022018.0,500,2018,02,2
C00501197,2132018.0,250,2018,13,2
C00501197,2022018.0,250,2018,02,2
C00501197,2052018.0,36,2018,05,2
C00501197,2142018.0,100,2018,14,2
C00501197,2122018.0,250,2018,12,2
C00501197,2132018.0,25,2018,13,2
C00501197,2012018.0,50,2018,01,2
C00501197,2132018.0,61,2018,13,2
C00501197,2092018.0,50,2018,09,2
C00501197,2122018.0,100,2018,12,2
C00501197,2012018.0,1700,2018,01,2
C00501197,2142018.0,100,2018,14,2
C00501197,2062018.0,5,2018,06,2
C00501197,2112018.0,5,2018,11,2
C00501197,2122018.0,20,2018,12,2
C00501197,2022018.0,25,2018,02,2
C00501197,2082018.0,11,2018,08,2
C00501197,2142018.0,25,2018,14,2
C00501197,2062018.0,25,2018,06,2
C00501197,2012018.0,25,2018,01,2
C00501197,2032018.0,10,2018,03,2
C00501197,2102018.0,10,2018,10,2
C00501197,2012018.0,250,2018,01,2
C00501197,2012018.0,500,2018,01,2
C00501197,2112018.0,200,2018,11,2
C00501197,2102018.0,100,2018,10,2
C00501197,2012018.0,35,2018,01,2
C00501197,2132018.0,25,2018,13,2
C00501197,2132018.0,25,2018,13,2
C00501197,2012018.0,250,2018,01,2
C00501197,2092018.0,500,2018,09,2
C00501197,2092018.0,25,2018,09,2
C00501197,2052018.0,25,2018,05,2
C00501197,2012018.0,25,2018,01,2
C00501197,2122018.0,100,2018,12,2
C00501197,2052018.0,150,2018,05,2
C00501197,2022018.0,25,2018,02,2
C00501197,2102018.0,25,2018,10,2
C00501197,2062018.0,250,2018,06,2
C00501197,2132018.0,15,2018,13,2
C00501197,2132018.0,25,2018,13,2
C00501197,2062018.0,25,2018,06,2
C00501197,2012018.0,250,2018,01,2
C00501197,2042018.0,100,2018,04,2
C00501197,2112018.0,100,2018,11,2
C00501197,2072018.0,125,2018,07,2
C00501197,2112018.0,25,2018,11,2
C00501197,2132018.0,25,2018,13,2
C00501197,2112018.0,100,2018,11,2
C00501197,2132018.0,100,2018,13,2
C00501197,2122018.0,250,2018,12,2
C00501197,2142018.0,250,2018,14,2
C00501197,2142018.0,38,2018,14,2
C00501197,2142018.0,10,2018,14,2
C00501197,2142018.0,1250,2018,14,2
C00501197,2032018.0,25,2018,03,2
C00501197,2052018.0,25,2018,05,2
C00501197,2142018.0,500,2018,14,2
C00501197,2012018.0,53,2018,01,2
C00501197,2112018.0,25,2018,11,2
C00501197,2142018.0,25,2018,14,2
C00501197,2042018.0,100,2018,04,2
C00501197,2072018.0,1500,2018,07,2
C00501197,2112018.0,25,2018,11,2
C00501197,2022018.0,53,2018,02,2
C00501197,2062018.0,20,2018,06,2
C00501197,2012018.0,2700,2018,01,2
C00501197,2012018.0,2700,2018,01,2
C00501197,2032018.0,100,2018,03,2
C00501197,2032018.0,25,2018,03,2
C00501197,2062018.0,60,2018,06,2
C00501197,2122018.0,750,2018,12,2
C00501197,2122018.0,25,2018,12,2
C00501197,2052018.0,10,2018,05,2
C00501197,2092018.0,1500,2018,09,2
C00501197,2122018.0,20,2018,12,2
C00501197,2012018.0,85,2018,01,2
C00501197,2142018.0,25,2018,14,2
C00501197,2032018.0,25,2018,03,2
C00501197,2062018.0,250,2018,06,2
C00501197,2022018.0,25,2018,02,2
C00501197,2142018.0,25,2018,14,2
C00501197,2092018.0,10,2018,09,2
C00501197,2102018.0,416,2018,10,2
C00501197,2072018.0,20,2018,07,2
C00501197,2142018.0,250,2018,14,2
C00501197,2012018.0,20,2018,01,2
C00501197,2092018.0,20,2018,09,2
C00501197,2142018.0,20,2018,14,2
C00501197,2112018.0,2000,2018,11,2
C00501197,2132018.0,500,2018,13,2
C00501197,2012018.0,25,2018,01,2
C00501197,2012018.0,25,2018,01,2
C00501197,2072018.0,25,2018,07,2
C00501197,2122018.0,100,2018,12,2
C00501197,2122018.0,25,2018,12,2
C00501197,2142018.0,25,2018,14,2
C00501197,2072018.0,25,2018,07,2
C00501197,2012018.0,500,2018,01,2
C00501197,2012018.0,100,2018,01,2
C00501197,2042018.0,25,2018,04,2
C00501197,2052018.0,25,2018,05,2
C00501197,2122018.0,25,2018,12,2
C00501197,2122018.0,1000,2018,12,2
C00501197,2112018.0,500,2018,11,2
C00501197,2082018.0,50,2018,08,2
C00501197,2012018.0,10,2018,01,2
C00501197,2142018.0,1250,2018,14,2
C00501197,2122018.0,100,2018,12,2
C00501197,2012018.0,2700,2018,01,2
C00501197,2132018.0,25,2018,13,2
C00501197,2072018.0,20,2018,07,2
C00501197,2132018.0,5,2018,13,2
C00501197,2062018.0,25,2018,06,2
C00501197,2142018.0,100,2018,14,2
C00501197,2012018.0,25,2018,01,2
C00501197,2052018.0,10,2018,05,2
C00501197,2012018.0,25,2018,01,2
C00501197,2032018.0,15,2018,03,2
C00501197,2082018.0,25,2018,08,2
C00501197,2142018.0,500,2018,14,2
C00501197,2042018.0,25,2018,04,2
C00501197,2042018.0,5,2018,04,2
C00501197,2022018.0,49,2018,02,2
C00501197,2022018.0,250,2018,02,2
C00501197,2142018.0,45,2018,14,2
C00501197,2132018.0,25,2018,13,2
C00501197,2082018.0,500,2018,08,2
C00501197,2012018.0,1000,2018,01,2
C00501197,2072018.0,500,2018,07,2
C00501197,2032018.0,25,2018,03,2
C00501197,2052018.0,1,2018,05,2
C00501197,2052018.0,25,2018,05,2
C00501197,2032018.0,100,2018,03,2
C00501197,2022018.0,25,2018,02,2
C00501197,2072018.0,20,2018,07,2
C00501197,2082018.0,50,2018,08,2
C00501197,2032018.0,25,2018,03,2
C00501197,2052018.0,100,2018,05,2
C00501197,2122018.0,25,2018,12,2
C00501197,2072018.0,350,2018,07,2
C00501197,2072018.0,500,2018,07,2
C00501197,2072018.0,25,2018,07,2
C00501197,2132018.0,25,2018,13,2
C00501197,2042018.0,25,2018,04,2
C00501197,2032018.0,10,2018,03,2
C00501197,2142018.0,1000,2018,14,2
C00501197,2032018.0,1000,2018,03,2
C00501197,2092018.0,500,2018,09,2
C00501197,2112018.0,250,2018,11,2
C00501197,2092018.0,8,2018,09,2
C00501197,2142018.0,10,2018,14,2
C00501197,2142018.0,2700,2018,14,2
C00501197,2142018.0,2700,2018,14,2
C00501197,2132018.0,50,2018,13,2
C00501197,2102018.0,25,2018,10,2
C00501197,2082018.0,5,2018,08,2
C00501197,2012018.0,35,2018,01,2
C00501197,2142018.0,100,2018,14,2
C00501197,2042018.0,25,2018,04,2
C00501197,2112018.0,61,2018,11,2
C00501197,2072018.0,1000,2018,07,2
C00501197,2112018.0,100,2018,11,2
C00501197,2132018.0,100,2018,13,2
C00501197,2082018.0,100,2018,08,2
C00501197,2142018.0,100,2018,14,2
C00501197,2022018.0,250,2018,02,2
C00501197,2092018.0,10,2018,09,2
C00501197,2012018.0,100,2018,01,2
C00501197,2012018.0,50,2018,01,2
C00501197,2122018.0,250,2018,12,2
C00501197,2142018.0,250,2018,14,2
C00501197,2132018.0,500,2018,13,2
C00501197,2082018.0,25,2018,08,2
C00501197,2102018.0,50,2018,10,2
C00501197,2142018.0,25,2018,14,2
C00501197,2022018.0,250,2018,02,2
C00501197,2072018.0,250,2018,07,2
C00501197,2122018.0,100,2018,12,2
C00501197,2122018.0,50,2018,12,2
C00501197,2142018.0,1000,2018,14,2
C00501197,2052018.0,25,2018,05,2
C00501197,2072018.0,25,2018,07,2
C00501197,2052018.0,50,2018,05,2
C00501197,2072018.0,250,2018,07,2
C00501197,2012018.0,250,2018,01,2
C00501197,2142018.0,53,2018,14,2
C00501197,2062018.0,5,2018,06,2
C00501197,2022018.0,25,2018,02,2
C00501197,2092018.0,25,2018,09,2
C00501197,2142018.0,250,2018,14,2
C00501197,2142018.0,250,2018,14,2
C00501197,2132018.0,1100,2018,13,2
C00501197,2012018.0,1000,2018,01,2
C00501197,2022018.0,5,2018,02,2
C00501197,2062018.0,50,2018,06,2
C00501197,2022018.0,20,2018,02,2
C00501197,2042018.0,25,2018,04,2
C00501197,2142018.0,1000,2018,14,2
C00501197,2132018.0,100,2018,13,2
C00501197,2012018.0,100,2018,01,2
C00501197,2032018.0,25,2018,03,2
C00501197,2102018.0,25,2018,10,2
C00501197,2012018.0,1000,2018,01,2
C00501197,2052018.0,250,2018,05,2
C00501197,2022018.0,250,2018,02,2
C00501197,2122018.0,25,2018,12,2
C00501197,2142018.0,2700,2018,14,2
C00501197,2142018.0,2700,2018,14,2
C00501197,2072018.0,250,2018,07,2
C00501197,2012018.0,2700,2018,01,2
C00501197,2012018.0,2700,2018,01,2
C00501197,2062018.0,2700,2018,06,2
C00501197,2072018.0,2700,2018,07,2
C00501197,2032018.0,25,2018,03,2
C00501197,2112018.0,2600,2018,11,2
C00501197,2112018.0,2400,2018,11,2
C00501197,2132018.0,100,2018,13,2
C00501197,2072018.0,15,2018,07,2
C00501197,2122018.0,25,2018,12,2
C00501197,2052018.0,100,2018,05,2
C00501197,2072018.0,20,2018,07,2
C00501197,2142018.0,100,2018,14,2
C00501197,2122018.0,25,2018,12,2
C00501197,2122018.0,100,2018,12,2
C00501197,2092018.0,100,2018,09,2
C00501197,2012018.0,250,2018,01,2
C00501197,2032018.0,50,2018,03,2
C00501197,2072018.0,20,2018,07,2
C00501197,2092018.0,250,2018,09,2
C00501197,2012018.0,25,2018,01,2
C00501197,2142018.0,25,2018,14,2
C00501197,2112018.0,154,2018,11,2
C00501197,2112018.0,95,2018,11,2
C00501197,2142018.0,25,2018,14,2
C00501197,2052018.0,25,2018,05,2
C00501197,2092018.0,50,2018,09,2
C00501197,2012018.0,20,2018,01,2
C00501197,2142018.0,10,2018,14,2
C00501197,2052018.0,75,2018,05,2
C00501197,2022018.0,500,2018,02,2
C00501197,2142018.0,1000,2018,14,2
C00501197,2132018.0,25,2018,13,2
C00501197,2132018.0,25,2018,13,2
C00501197,2092018.0,2200,2018,09,2
C00501197,2072018.0,1000,2018,07,2
C00501197,2052018.0,100,2018,05,2
C00501197,2032018.0,25,2018,03,2
C00501197,2092018.0,100,2018,09,2
C00501197,2092018.0,100,2018,09,2
C00501197,2032018.0,25,2018,03,2
C00501197,2122018.0,500,2018,12,2
C00501197,2042018.0,5,2018,04,2
C00501197,2032018.0,25,2018,03,2
C00501197,2012018.0,25,2018,01,2
C00501197,2092018.0,10,2018,09,2
C00501197,2052018.0,25,2018,05,2
C00501197,2062018.0,25,2018,06,2
C00501197,2032018.0,25,2018,03,2
C00501197,2122018.0,100,2018,12,2
C00501197,2142018.0,500,2018,14,2
C00501197,2042018.0,100,2018,04,2
C00501197,2012018.0,2700,2018,01,2
C00501197,2032018.0,100,2018,03,2
C00501197,2052018.0,500,2018,05,2
C00501197,2022018.0,0,2018,02,2
C00501197,2112018.0,25,2018,11,2
C00501197,2112018.0,1000,2018,11,2
C00501197,2042018.0,25,2018,04,2
C00501197,2132018.0,5,2018,13,2
C00501197,2132018.0,5,2018,13,2
C00501197,2112018.0,25,2018,11,2
C00501197,2132018.0,25,2018,13,2
C00501197,2142018.0,250,2018,14,2
C00501197,2132018.0,25,2018,13,2
C00501197,2142018.0,2000,2018,14,2
C00501197,2072018.0,500,2018,07,2
C00501197,2142018.0,2000,2018,14,2
C00501197,2042018.0,25,2018,04,2
C00501197,2042018.0,16,2018,04,2
C00501197,2112018.0,25,2018,11,2
C00501197,2052018.0,100,2018,05,2
C00501197,2012018.0,25,2018,01,2
C00501197,2022018.0,25,2018,02,2
C00501197,2132018.0,25,2018,13,2
C00501197,2052018.0,25,2018,05,2
C00501197,2082018.0,20,2018,08,2
C00501197,2142018.0,88,2018,14,2
C00501197,2132018.0,100,2018,13,2
C00501197,2032018.0,10,2018,03,2
C00501197,2142018.0,25,2018,14,2
C00501197,2092018.0,2000,2018,09,2
C00501197,2132018.0,38,2018,13,2
C00501197,2052018.0,3,2018,05,2
C00501197,2142018.0,500,2018,14,2
C00501197,2142018.0,250,2018,14,2
C00501197,2132018.0,250,2018,13,2
C00501197,2122018.0,250,2018,12,2
C00501197,2142018.0,10,2018,14,2
C00501197,2142018.0,1000,2018,14,2
C00501197,2092018.0,2700,2018,09,2
C00501197,2142018.0,500,2018,14,2
C00501197,2062018.0,250,2018,06,2
C00501197,2142018.0,25,2018,14,2
C00501197,2042018.0,250,2018,04,2
C00501197,2052018.0,100,2018,05,2
C00501197,2072018.0,500,2018,07,2
C00501197,2042018.0,25,2018,04,2
C00501197,2112018.0,25,2018,11,2
C00501197,2032018.0,5,2018,03,2
C00501197,2122018.0,38,2018,12,2
C00501197,2082018.0,500,2018,08,2
C00501197,2102018.0,31,2018,10,2
C00501197,2012018.0,1000,2018,01,2
C00501197,2042018.0,250,2018,04,2
C00501197,2112018.0,25,2018,11,2
C00501197,2142018.0,50,2018,14,2
C00501197,2012018.0,1000,2018,01,2
C00501197,2012018.0,750,2018,01,2
C00501197,2142018.0,25,2018,14,2
C00501197,2052018.0,100,2018,05,2
C00501197,2022018.0,25,2018,02,2
C00501197,2132018.0,1000,2018,13,2
C00501197,2032018.0,49,2018,03,2
C00501197,2102018.0,25,2018,10,2
C00501197,2122018.0,25,2018,12,2
C00501197,2142018.0,25,2018,14,2
C00501197,2012018.0,500,2018,01,2
C00501197,2142018.0,250,2018,14,2
C00501197,2102018.0,75,2018,10,2
C00501197,2142018.0,25,2018,14,2
C00501197,2062018.0,250,2018,06,2
C00501197,2062018.0,53,2018,06,2
C00501197,2132018.0,25,2018,13,2
C00501197,2132018.0,2000,2018,13,2
C00501197,2132018.0,500,2018,13,2
C00501197,2132018.0,50,2018,13,2
C00501197,2012018.0,250,2018,01,2
C00501197,2112018.0,25,2018,11,2
C00501197,2042018.0,114,2018,04,2
C00501197,2102018.0,2000,2018,10,2
C00501197,2092018.0,30,2018,09,2
C00501197,2082018.0,25,2018,08,2
C00501197,2102018.0,25,2018,10,2
C00501197,2012018.0,100,2018,01,2
C00501197,2092018.0,225,2018,09,2
C00501197,2092018.0,250,2018,09,2
C00501197,2132018.0,25,2018,13,2
C00501197,2032018.0,25,2018,03,2
C00501197,2012018.0,25,2018,01,2
C00501197,2142018.0,25,2018,14,2
C00501197,2012018.0,300,2018,01,2
C00501197,2072018.0,50,2018,07,2
C00501197,2122018.0,100,2018,12,2
C00501197,2122018.0,100,2018,12,2
C00501197,2142018.0,250,2018,14,2
C00501197,2142018.0,25,2018,14,2
C00501197,2142018.0,10,2018,14,2
C00501197,2132018.0,25,2018,13,2
C00501197,2142018.0,500,2018,14,2
C00501197,2082018.0,100,2018,08,2
C00501197,2132018.0,100,2018,13,2
C00501197,2142018.0,500,2018,14,2
C00501197,2012018.0,1000,2018,01,2
C00501197,2052018.0,25,2018,05,2
C00501197,2142018.0,544,2018,14,2
C00501197,2132018.0,2700,2018,13,2
C00501197,2142018.0,250,2018,14,2
C00501197,2142018.0,28,2018,14,2
C00501197,2052018.0,25,2018,05,2
C00501197,2142018.0,114,2018,14,2
C00501197,2142018.0,1,2018,14,2
C00501197,2142018.0,9,2018,14,2
C00501197,2142018.0,200,2018,14,2
C00501197,2142018.0,700,2018,14,2
C00501197,2052018.0,100,2018,05,2
C00501197,2052018.0,100,2018,05,2
C00501197,2122018.0,50,2018,12,2
C00501197,2052018.0,500,2018,05,2
C00501197,2122018.0,50,2018,12,2
C00501197,2122018.0,4,2018,12,2
C00501197,2142018.0,2,2018,14,2
C00501197,2122018.0,500,2018,12,2
C00501197,2142018.0,2615,2018,14,2
C00501197,2142018.0,550,2018,14,2
C00443689,2262018.0,500,2018,26,2
C00443689,2262018.0,1000,2018,26,2
C00443689,2262018.0,500,2018,26,2
C00443689,2272018.0,250,2018,27,2
C00443689,2262018.0,500,2018,26,2
C00443689,2232018.0,1000,2018,23,2
C00443689,2262018.0,1000,2018,26,2
C00443689,2272018.0,250,2018,27,2
C00443689,2262018.0,500,2018,26,2
C00443689,2262018.0,500,2018,26,2
C00443689,2182018.0,15,2018,18,2
C00443689,2062018.0,25,2018,06,2
C00443689,2282018.0,25,2018,28,2
C00443689,2282018.0,10,2018,28,2
C00443689,2182018.0,50,2018,18,2
C00443689,2152018.0,1750,2018,15,2
C00443689,2092018.0,1000,2018,09,2
C00443689,2232018.0,100,2018,23,2
C00443689,2252018.0,500,2018,25,2
C00443689,2232018.0,500,2018,23,2
C00443689,2062018.0,75,2018,06,2
C00443689,2142018.0,100,2018,14,2
C00443689,2232018.0,250,2018,23,2
C00443689,2282018.0,75,2018,28,2
C00443689,2182018.0,25,2018,18,2
C00443689,2182018.0,1000,2018,18,2
C00443689,2282018.0,1000,2018,28,2
C00443689,2102018.0,1000,2018,10,2
C00443689,2232018.0,250,2018,23,2
C00443689,2232018.0,500,2018,23,2
C00443689,2092018.0,700,2018,09,2
C00443689,2092018.0,2700,2018,09,2
C00443689,2222018.0,1000,2018,22,2
C00443689,2142018.0,500,2018,14,2
C00443689,2212018.0,250,2018,21,2
C00443689,2262018.0,500,2018,26,2
C00443689,2262018.0,250,2018,26,2
C00443689,2262018.0,500,2018,26,2
C00443689,2262018.0,500,2018,26,2
C00443689,2282018.0,25,2018,28,2
C00443689,2262018.0,500,2018,26,2
C00443689,2212018.0,250,2018,21,2
C00443689,2212018.0,250,2018,21,2
C00443689,2232018.0,50,2018,23,2
C00443689,2232018.0,250,2018,23,2
C00443689,2112018.0,1000,2018,11,2
C00443689,2112018.0,1000,2018,11,2
C00443689,2192018.0,250,2018,19,2
C00443689,2262018.0,500,2018,26,2
C00443689,2262018.0,500,2018,26,2
C00443689,2282018.0,1000,2018,28,2
C00443689,2232018.0,1000,2018,23,2
C00443689,2232018.0,200,2018,23,2
C00443689,2132018.0,1000,2018,13,2
C00443689,2232018.0,500,2018,23,2
C00443689,2262018.0,1000,2018,26,2
C00443689,2262018.0,50,2018,26,2
C00443689,2282018.0,1000,2018,28,2
C00443689,2282018.0,1000,2018,28,2
C00443689,2192018.0,250,2018,19,2
C00443689,2182018.0,25,2018,18,2
C00443689,2262018.0,500,2018,26,2
C00443689,2202018.0,500,2018,20,2
C00443689,2272018.0,1000,2018,27,2
C00443689,2262018.0,500,2018,26,2
C00443689,2262018.0,500,2018,26,2
C00443689,2272018.0,25,2018,27,2
C00443689,2262018.0,500,2018,26,2
C00443689,2212018.0,1000,2018,21,2
C00443689,2282018.0,250,2018,28,2
C00443689,2282018.0,500,2018,28,2
C00443689,2182018.0,50,2018,18,2
C00443689,2062018.0,25,2018,06,2
C00443689,2282018.0,50,2018,28,2
C00443689,2282018.0,250,2018,28,2
C00443689,2062018.0,250,2018,06,2
C00443689,2282018.0,500,2018,28,2
C00384693,2132018.0,1000,2018,13,2
C00384693,2132018.0,1000,2018,13,2
C00384693,2132018.0,500,2018,13,2
C00384693,2132018.0,500,2018,13,2
C00384693,2132018.0,500,2018,13,2
C00304758,2072018.0,250,2018,07,2
C00304758,2072018.0,2700,2018,07,2
C00304758,2202018.0,1500,2018,20,2
C00304758,2222018.0,100,2018,22,2
C00304758,2072018.0,125,2018,07,2
C00304758,2072018.0,2700,2018,07,2
C00304758,2012018.0,100,2018,01,2
C00304758,2072018.0,810,2018,07,2
C00304758,2262018.0,2700,2018,26,2
C00304758,2072018.0,2700,2018,07,2
C00304758,2072018.0,2700,2018,07,2
C00304758,2222018.0,2700,2018,22,2
C00304758,2262018.0,250,2018,26,2
C00304758,2282018.0,50,2018,28,2
C00304758,2152018.0,750,2018,15,2
C00304758,2022018.0,100,2018,02,2
C00304758,2072018.0,2700,2018,07,2
C00304758,2232018.0,500,2018,23,2
C00304758,2072018.0,2700,2018,07,2
C00304758,2072018.0,1350,2018,07,2
C00304758,2202018.0,1000,2018,20,2
C00304758,2112018.0,100,2018,11,2
C00304758,2072018.0,2700,2018,07,2
C00304758,2262018.0,2700,2018,26,2
C00304758,2062018.0,2000,2018,06,2
C00304758,2062018.0,-700,2018,06,2
C00304758,2062018.0,700,2018,06,2
C00304758,2072018.0,4400,2018,07,2
C00304758,2072018.0,-2700,2018,07,2
C00304758,2072018.0,2700,2018,07,2
C00304758,2072018.0,1080,2018,07,2
C00304758,2072018.0,2700,2018,07,2
C00304758,2202018.0,1000,2018,20,2
C00304758,2122018.0,150,2018,12,2
C00304758,2012018.0,100,2018,01,2
C00304758,2092018.0,500,2018,09,2
C00304758,2072018.0,750,2018,07,2
C00304758,2062018.0,2000,2018,06,2
C00304758,2072018.0,250,2018,07,2
C00304758,2072018.0,250,2018,07,2
C00304758,2072018.0,2700,2018,07,2
C00304758,2072018.0,250,2018,07,2
C00304758,2262018.0,500,2018,26,2
C00304758,2022018.0,100,2018,02,2
C00304758,2072018.0,810,2018,07,2
C00304758,2132018.0,1000,2018,13,2
C00148999,2222018.0,62,2018,22,2
C00148999,2152018.0,50,2018,15,2
C00148999,2272018.0,50,2018,27,2
C00148999,2282018.0,10,2018,28,2
C00148999,2052018.0,300,2018,05,2
C00148999,2032018.0,10,2018,03,2
C00148999,2202018.0,100,2018,20,2
C00148999,2202018.0,100,2018,20,2
C00148999,2282018.0,10,2018,28,2
C00148999,2152018.0,50,2018,15,2
C00148999,2192018.0,15,2018,19,2
C00148999,2222018.0,25,2018,22,2
C00148999,2272018.0,25,2018,27,2
C00148999,2222018.0,10,2018,22,2
C00148999,2212018.0,15,2018,21,2
C00412304,2262018.0,25,2018,26,2
C00412304,2012018.0,100,2018,01,2
C00148999,2202018.0,25,2018,20,2
C00148999,2222018.0,37,2018,22,2
C00148999,2092018.0,25,2018,09,2
C00148999,2152018.0,10,2018,15,2
C00148999,2282018.0,10,2018,28,2
C00148999,2282018.0,250,2018,28,2
C00148999,2062018.0,10,2018,06,2
C00148999,2072018.0,25,2018,07,2
C00148999,2052018.0,125,2018,05,2
C00148999,2052018.0,50,2018,05,2
C00148999,2282018.0,25,2018,28,2
C00148999,2222018.0,25,2018,22,2
C00148999,2202018.0,25,2018,20,2
C00148999,2222018.0,12,2018,22,2
C00148999,2282018.0,50,2018,28,2
C00148999,2142018.0,10,2018,14,2
C00148999,2282018.0,10,2018,28,2
C00412304,2042018.0,100,2018,04,2
C00412304,2122018.0,1000,2018,12,2
C00412304,2062018.0,500,2018,06,2
C00412304,2242018.0,25,2018,24,2
C00412304,2212018.0,50,2018,21,2
C00412304,2142018.0,500,2018,14,2
C00412304,2232018.0,300,2018,23,2
C00412304,2212018.0,100,2018,21,2
C00412304,2272018.0,1000,2018,27,2
C00412304,2122018.0,25,2018,12,2
C00412304,2092018.0,5,2018,09,2
C00412304,2102018.0,5,2018,10,2
C00412304,2282018.0,25,2018,28,2
C00412304,2222018.0,2700,2018,22,2
C00412304,2222018.0,2700,2018,22,2
C00412304,2182018.0,25,2018,18,2
C00412304,2182018.0,25,2018,18,2
C00412304,2162018.0,20,2018,16,2
C00412304,2162018.0,25,2018,16,2
C00412304,2172018.0,10,2018,17,2
C00412304,2122018.0,10,2018,12,2
C00412304,2182018.0,25,2018,18,2
C00412304,2192018.0,5,2018,19,2
C00412304,2212018.0,10,2018,21,2
C00412304,2252018.0,12,2018,25,2
C00412304,2282018.0,10,2018,28,2
C00412304,2032018.0,25,2018,03,2
C00412304,2282018.0,25,2018,28,2
C00412304,2222018.0,75,2018,22,2
C00148999,2142018.0,3,2018,14,2
C00148999,2192018.0,3,2018,19,2
C00148999,2222018.0,75,2018,22,2
C00148999,2222018.0,50,2018,22,2
C00148999,2152018.0,25,2018,15,2
C00148999,2032018.0,1,2018,03,2
C00148999,2202018.0,10,2018,20,2
C00148999,2192018.0,5,2018,19,2
C00148999,2282018.0,5,2018,28,2
C00148999,2222018.0,62,2018,22,2
C00148999,2212018.0,250,2018,21,2
C00148999,2062018.0,20,2018,06,2
C00148999,2222018.0,25,2018,22,2
C00148999,2152018.0,500,2018,15,2
C00148999,2152018.0,25,2018,15,2
C00148999,2202018.0,25,2018,20,2
C00148999,2222018.0,7,2018,22,2
C00148999,2212018.0,100,2018,21,2
C00412304,2022018.0,500,2018,02,2
C00412304,2282018.0,1700,2018,28,2
C00412304,2022018.0,50,2018,02,2
C00412304,2112018.0,500,2018,11,2
C00412304,2182018.0,20,2018,18,2
C00412304,2072018.0,25,2018,07,2
C00412304,2272018.0,10,2018,27,2
C00412304,2102018.0,100,2018,10,2
C00412304,2222018.0,200,2018,22,2
C00412304,2062018.0,25,2018,06,2
C00412304,2152018.0,50,2018,15,2
C00412304,2092018.0,25,2018,09,2
C00412304,2042018.0,25,2018,04,2
C00412304,2052018.0,100,2018,05,2
C00412304,2202018.0,25,2018,20,2
C00412304,2242018.0,10,2018,24,2
C00412304,2122018.0,25,2018,12,2
C00412304,2042018.0,200,2018,04,2
C00148999,2122018.0,12,2018,12,2
C00148999,2262018.0,10,2018,26,2
C00148999,2062018.0,1,2018,06,2
C00148999,2282018.0,12,2018,28,2
C00148999,2172018.0,50,2018,17,2
C00148999,2122018.0,12,2018,12,2
C00148999,2282018.0,25,2018,28,2
C00148999,2282018.0,20,2018,28,2
C00148999,2282018.0,5,2018,28,2
C00148999,2252018.0,10,2018,25,2
C00148999,2052018.0,15,2018,05,2
C00148999,2212018.0,3,2018,21,2
C00148999,2282018.0,10,2018,28,2
C00148999,2202018.0,50,2018,20,2
C00148999,2222018.0,10,2018,22,2
C00148999,2192018.0,25,2018,19,2
C00148999,2092018.0,10,2018,09,2
C00412304,2152018.0,25,2018,15,2
C00412304,2242018.0,10,2018,24,2
C00412304,2282018.0,5,2018,28,2
C00412304,2242018.0,500,2018,24,2
C00412304,2282018.0,25,2018,28,2
C00412304,2282018.0,50,2018,28,2
C00412304,2282018.0,50,2018,28,2
C00412304,2022018.0,100,2018,02,2
C00412304,2062018.0,100,2018,06,2
C00412304,2092018.0,50,2018,09,2
C00412304,2242018.0,100,2018,24,2
C00412304,2262018.0,1000,2018,26,2
C00412304,2062018.0,2700,2018,06,2
C00412304,2062018.0,2700,2018,06,2
C00412304,2282018.0,100,2018,28,2
C00412304,2132018.0,25,2018,13,2
C00412304,2092018.0,100,2018,09,2
C00412304,2142018.0,10,2018,14,2
C00412304,2052018.0,15,2018,05,2
C00412304,2212018.0,5,2018,21,2
C00148999,2192018.0,10,2018,19,2
C00148999,2152018.0,10,2018,15,2
C00148999,2072018.0,25,2018,07,2
C00148999,2202018.0,15,2018,20,2
C00148999,2042018.0,200,2018,04,2
C00148999,2012018.0,100,2018,01,2
C00148999,2052018.0,100,2018,05,2
C00148999,2062018.0,3,2018,06,2
C00148999,2152018.0,100,2018,15,2
C00148999,2222018.0,50,2018,22,2
C00148999,2172018.0,10,2018,17,2
C00148999,2192018.0,500,2018,19,2
C00148999,2152018.0,25,2018,15,2
C00148999,2062018.0,12,2018,06,2
C00148999,2012018.0,25,2018,01,2
C00148999,2202018.0,50,2018,20,2
C00148999,2222018.0,25,2018,22,2
C00148999,2182018.0,250,2018,18,2
C00148999,2202018.0,100,2018,20,2
C00148999,2132018.0,15,2018,13,2
C00148999,2042018.0,10,2018,04,2
C00148999,2152018.0,25,2018,15,2
C00412304,2082018.0,100,2018,08,2
C00412304,2052018.0,100,2018,05,2
C00412304,2122018.0,15,2018,12,2
C00412304,2202018.0,50,2018,20,2
C00412304,2142018.0,50,2018,14,2
C00412304,2272018.0,100,2018,27,2
C00412304,2052018.0,100,2018,05,2
C00412304,2172018.0,500,2018,17,2
C00412304,2022018.0,25,2018,02,2
C00412304,2232018.0,25,2018,23,2
C00412304,2232018.0,25,2018,23,2
C00412304,2272018.0,33,2018,27,2
C00412304,2282018.0,10,2018,28,2
C00412304,2202018.0,25,2018,20,2
C00412304,2282018.0,5,2018,28,2
C00412304,2272018.0,10,2018,27,2
C00412304,2272018.0,33,2018,27,2
C00412304,2282018.0,10,2018,28,2
C00412304,2172018.0,25,2018,17,2
C00412304,2012018.0,10,2018,01,2
C00412304,2242018.0,33,2018,24,2
C00412304,2242018.0,25,2018,24,2
C00412304,2052018.0,150,2018,05,2
C00148999,2032018.0,15,2018,03,2
C00148999,2202018.0,1000,2018,20,2
C00148999,2062018.0,12,2018,06,2
C00148999,2242018.0,12,2018,24,2
C00148999,2282018.0,250,2018,28,2
C00148999,2282018.0,250,2018,28,2
C00148999,2282018.0,25,2018,28,2
C00148999,2052018.0,15,2018,05,2
C00148999,2062018.0,12,2018,06,2
C00148999,2282018.0,25,2018,28,2
C00148999,2112018.0,3,2018,11,2
C00148999,2172018.0,10,2018,17,2
C00148999,2222018.0,7,2018,22,2
C00148999,2282018.0,25,2018,28,2
C00148999,2142018.0,7,2018,14,2
C00148999,2212018.0,100,2018,21,2
C00148999,2152018.0,25,2018,15,2
C00148999,2062018.0,0,2018,06,2
C00148999,2012018.0,10,2018,01,2
C00412304,2202018.0,50,2018,20,2
C00412304,2282018.0,25,2018,28,2
C00412304,2032018.0,10,2018,03,2
C00412304,2182018.0,25,2018,18,2
C00412304,2072018.0,15,2018,07,2
C00412304,2112018.0,5,2018,11,2
C00412304,2282018.0,100,2018,28,2
C00412304,2282018.0,7,2018,28,2
C00412304,2052018.0,25,2018,05,2
C00412304,2282018.0,2700,2018,28,2
C00412304,2112018.0,25,2018,11,2
C00412304,2072018.0,10,2018,07,2
C00412304,2072018.0,15,2018,07,2
C00412304,2132018.0,10,2018,13,2
C00412304,2222018.0,50,2018,22,2
C00412304,2282018.0,5,2018,28,2
C00412304,2082018.0,5,2018,08,2
C00412304,2232018.0,25,2018,23,2
C00412304,2232018.0,10,2018,23,2
C00412304,2212018.0,25,2018,21,2
C00412304,2282018.0,10,2018,28,2
C00412304,2282018.0,100,2018,28,2
C00412304,2172018.0,100,2018,17,2
C00412304,2272018.0,15,2018,27,2
C00412304,2042018.0,150,2018,04,2
C00412304,2142018.0,200,2018,14,2
C00412304,2282018.0,500,2018,28,2
C00412304,2272018.0,10,2018,27,2
C00412304,2282018.0,25,2018,28,2
C00412304,2162018.0,25,2018,16,2
C00412304,2152018.0,10,2018,15,2
C00412304,2232018.0,5,2018,23,2
C00148999,2202018.0,50,2018,20,2
C00148999,2122018.0,10,2018,12,2
C00148999,2272018.0,100,2018,27,2
C00148999,2012018.0,25,2018,01,2
C00148999,2152018.0,25,2018,15,2
C00148999,2062018.0,6,2018,06,2
C00148999,2152018.0,25,2018,15,2
C00148999,2282018.0,50,2018,28,2
C00148999,2122018.0,12,2018,12,2
C00148999,2152018.0,3,2018,15,2
C00148999,2202018.0,3,2018,20,2
C00148999,2202018.0,15,2018,20,2
C00148999,2162018.0,15,2018,16,2
C00148999,2252018.0,25,2018,25,2
C00412304,2222018.0,20,2018,22,2
C00412304,2202018.0,10,2018,20,2
C00412304,2272018.0,35,2018,27,2
C00412304,2282018.0,10,2018,28,2
C00412304,2282018.0,21,2018,28,2
C00412304,2022018.0,25,2018,02,2
C00412304,2282018.0,2000,2018,28,2
C00412304,2222018.0,500,2018,22,2
C00412304,2062018.0,2700,2018,06,2
C00412304,2282018.0,25,2018,28,2
C00412304,2162018.0,10,2018,16,2
C00412304,2282018.0,2700,2018,28,2
C00412304,2202018.0,10,2018,20,2
C00412304,2202018.0,25,2018,20,2
C00412304,2042018.0,50,2018,04,2
C00412304,2202018.0,250,2018,20,2
C00412304,2112018.0,100,2018,11,2
C00412304,2212018.0,15,2018,21,2
C00412304,2262018.0,25,2018,26,2
C00412304,2282018.0,10,2018,28,2
C00412304,2262018.0,10,2018,26,2
C00412304,2092018.0,25,2018,09,2
C00412304,2172018.0,10,2018,17,2
C00412304,2262018.0,10,2018,26,2
C00412304,2282018.0,10,2018,28,2
C00412304,2192018.0,25,2018,19,2
C00412304,2192018.0,25,2018,19,2
C00412304,2222018.0,5,2018,22,2
C00412304,2202018.0,100,2018,20,2
C00412304,2132018.0,-900,2018,13,2
C00412304,2132018.0,900,2018,13,2
C00412304,2232018.0,40,2018,23,2
C00148999,2082018.0,15,2018,08,2
C00148999,2092018.0,25,2018,09,2
C00148999,2212018.0,200,2018,21,2
C00148999,2202018.0,100,2018,20,2
C00148999,2202018.0,250,2018,20,2
C00148999,2042018.0,10,2018,04,2
C00148999,2112018.0,50,2018,11,2
C00148999,2132018.0,15,2018,13,2
C00148999,2102018.0,10,2018,10,2
C00148999,2232018.0,25,2018,23,2
C00148999,2282018.0,15,2018,28,2
C00148999,2062018.0,6,2018,06,2
C00148999,2282018.0,15,2018,28,2
C00148999,2162018.0,25,2018,16,2
C00148999,2132018.0,25,2018,13,2
C00412304,2092018.0,25,2018,09,2
C00412304,2072018.0,25,2018,07,2
C00412304,2112018.0,25,2018,11,2
C00412304,2282018.0,25,2018,28,2
C00412304,2192018.0,1000,2018,19,2
C00412304,2232018.0,500,2018,23,2
C00412304,2122018.0,15,2018,12,2
C00412304,2152018.0,67,2018,15,2
C00412304,2222018.0,50,2018,22,2
C00412304,2202018.0,1000,2018,20,2
C00412304,2272018.0,50,2018,27,2
C00412304,2052018.0,300,2018,05,2
C00412304,2222018.0,1000,2018,22,2
C00412304,2222018.0,1700,2018,22,2
C00412304,2042018.0,5,2018,04,2
C00412304,2232018.0,5,2018,23,2
C00412304,2172018.0,10,2018,17,2
C00412304,2232018.0,10,2018,23,2
C00412304,2252018.0,10,2018,25,2
C00412304,2282018.0,10,2018,28,2
C00412304,2032018.0,100,2018,03,2
C00412304,2222018.0,100,2018,22,2
C00412304,2062018.0,25,2018,06,2
C00412304,2072018.0,5,2018,07,2
C00412304,2112018.0,5,2018,11,2
C00412304,2102018.0,25,2018,10,2
C00412304,2282018.0,25,2018,28,2
C00148999,2062018.0,0,2018,06,2
C00148999,2202018.0,10,2018,20,2
C00148999,2132018.0,10,2018,13,2
C00148999,2252018.0,10,2018,25,2
C00148999,2062018.0,25,2018,06,2
C00148999,2222018.0,25,2018,22,2
C00148999,2102018.0,25,2018,10,2
C00148999,2152018.0,3,2018,15,2
C00148999,2062018.0,50,2018,06,2
C00148999,2202018.0,10,2018,20,2
C00148999,2152018.0,3,2018,15,2
C00148999,2212018.0,15,2018,21,2
C00148999,2162018.0,10,2018,16,2
C00148999,2222018.0,6,2018,22,2
C00148999,2202018.0,25,2018,20,2
C00148999,2152018.0,15,2018,15,2
C00148999,2172018.0,25,2018,17,2
C00148999,2272018.0,12,2018,27,2
C00148999,2272018.0,25,2018,27,2
C00412304,2212018.0,25,2018,21,2
C00412304,2062018.0,5,2018,06,2
C00412304,2282018.0,100,2018,28,2
C00412304,2022018.0,10,2018,02,2
C00412304,2212018.0,1000,2018,21,2
C00412304,2262018.0,25,2018,26,2
C00412304,2192018.0,50,2018,19,2
C00412304,2102018.0,30,2018,10,2
C00412304,2102018.0,10,2018,10,2
C00412304,2282018.0,10,2018,28,2
C00412304,2202018.0,100,2018,20,2
C00412304,2052018.0,10,2018,05,2
C00412304,2212018.0,25,2018,21,2
C00412304,2112018.0,10,2018,11,2
C00412304,2252018.0,50,2018,25,2
C00412304,2202018.0,25,2018,20,2
C00412304,2252018.0,100,2018,25,2
C00412304,2222018.0,2700,2018,22,2
C00412304,2172018.0,50,2018,17,2
C00412304,2112018.0,50,2018,11,2
C00412304,2082018.0,21,2018,08,2
C00412304,2122018.0,25,2018,12,2
C00412304,2122018.0,10,2018,12,2
C00412304,2252018.0,25,2018,25,2
C00412304,2202018.0,2700,2018,20,2
C00412304,2232018.0,2700,2018,23,2
C00412304,2282018.0,25,2018,28,2
C00412304,2202018.0,25,2018,20,2
C00412304,2272018.0,250,2018,27,2
C00412304,2132018.0,5,2018,13,2
C00412304,2122018.0,250,2018,12,2
C00412304,2042018.0,250,2018,04,2
C00412304,2272018.0,50,2018,27,2
C00412304,2202018.0,25,2018,20,2
C00412304,2262018.0,1000,2018,26,2
C00412304,2172018.0,25,2018,17,2
C00412304,2092018.0,10,2018,09,2
C00412304,2162018.0,25,2018,16,2
C00412304,2282018.0,10,2018,28,2
C00412304,2152018.0,5,2018,15,2
C00412304,2282018.0,100,2018,28,2
C00412304,2282018.0,500,2018,28,2
C00412304,2282018.0,50,2018,28,2
C00412304,2102018.0,25,2018,10,2
C00412304,2212018.0,5,2018,21,2
C00412304,2062018.0,1000,2018,06,2
C00412304,2132018.0,1000,2018,13,2
C00412304,2022018.0,50,2018,02,2
C00412304,2092018.0,10,2018,09,2
C00412304,2172018.0,50,2018,17,2
C00412304,2092018.0,30,2018,09,2
C00412304,2222018.0,2,2018,22,2
C00412304,2192018.0,5,2018,19,2
C00412304,2222018.0,100,2018,22,2
C00412304,2202018.0,500,2018,20,2
C00412304,2242018.0,100,2018,24,2
C00412304,2242018.0,10,2018,24,2
C00412304,2282018.0,10,2018,28,2
C00412304,2282018.0,5,2018,28,2
C00412304,2082018.0,2000,2018,08,2
C00412304,2042018.0,400,2018,04,2
C00412304,2282018.0,10,2018,28,2
C00412304,2282018.0,10,2018,28,2
C00412304,2112018.0,100,2018,11,2
C00412304,2122018.0,300,2018,12,2
C00412304,2202018.0,25,2018,20,2
C00412304,2242018.0,100,2018,24,2
C00412304,2202018.0,5,2018,20,2
C00412304,2092018.0,5,2018,09,2
C00412304,2202018.0,100,2018,20,2
C00412304,2042018.0,150,2018,04,2
C00412304,2222018.0,200,2018,22,2
C00412304,2282018.0,500,2018,28,2
C00412304,2142018.0,2,2018,14,2
C00412304,2172018.0,5,2018,17,2
C00412304,2282018.0,12,2018,28,2
C00412304,2282018.0,10,2018,28,2
C00412304,2052018.0,250,2018,05,2
C00412304,2132018.0,25,2018,13,2
C00412304,2222018.0,1000,2018,22,2
C00412304,2222018.0,1000,2018,22,2
C00412304,2042018.0,200,2018,04,2
C00412304,2252018.0,25,2018,25,2
C00412304,2162018.0,100,2018,16,2
C00412304,2112018.0,50,2018,11,2
C00412304,2142018.0,25,2018,14,2
C00412304,2212018.0,25,2018,21,2
C00412304,2282018.0,25,2018,28,2
C00412304,2162018.0,25,2018,16,2
C00412304,2182018.0,10,2018,18,2
C00412304,2212018.0,2500,2018,21,2
C00412304,2172018.0,10,2018,17,2
C00412304,2212018.0,25,2018,21,2
C00412304,2102018.0,25,2018,10,2
C00412304,2242018.0,100,2018,24,2
C00412304,2282018.0,50,2018,28,2
C00412304,2122018.0,2700,2018,12,2
C00412304,2122018.0,2700,2018,12,2
C00412304,2052018.0,10,2018,05,2
C00412304,2262018.0,25,2018,26,2
C00412304,2152018.0,250,2018,15,2
C00412304,2222018.0,25,2018,22,2
C00412304,2042018.0,5,2018,04,2
C00412304,2172018.0,5,2018,17,2
C00412304,2202018.0,5,2018,20,2
C00412304,2282018.0,10,2018,28,2
C00412304,2222018.0,100,2018,22,2
C00412304,2222018.0,100,2018,22,2
C00412304,2152018.0,5,2018,15,2
C00412304,2282018.0,25,2018,28,2
C00412304,2062018.0,5,2018,06,2
C00412304,2162018.0,5,2018,16,2
C00412304,2202018.0,5,2018,20,2
C00412304,2082018.0,25,2018,08,2
C00412304,2202018.0,10,2018,20,2
C00412304,2182018.0,10,2018,18,2
C00412304,2242018.0,5,2018,24,2
C00412304,2282018.0,15,2018,28,2
C00412304,2282018.0,500,2018,28,2
C00412304,2282018.0,50,2018,28,2
C00412304,2092018.0,15,2018,09,2
C00412304,2122018.0,10,2018,12,2
C00412304,2282018.0,1000,2018,28,2
C00412304,2062018.0,10,2018,06,2
C00412304,2102018.0,10,2018,10,2
C00412304,2192018.0,5,2018,19,2
C00412304,2212018.0,2700,2018,21,2
C00412304,2282018.0,10,2018,28,2
C00412304,2262018.0,50,2018,26,2
C00412304,2242018.0,10,2018,24,2
C00412304,2272018.0,10,2018,27,2
C00412304,2282018.0,5,2018,28,2
C00412304,2082018.0,25,2018,08,2
C00412304,2102018.0,100,2018,10,2
C00412304,2122018.0,25,2018,12,2
C00412304,2102018.0,50,2018,10,2
C00412304,2082018.0,250,2018,08,2
C00412304,2282018.0,1000,2018,28,2
C00412304,2282018.0,10,2018,28,2
C00412304,2152018.0,50,2018,15,2
C00412304,2272018.0,100,2018,27,2
C00412304,2062018.0,400,2018,06,2
C00412304,2082018.0,100,2018,08,2
C00412304,2172018.0,25,2018,17,2
C00412304,2272018.0,10,2018,27,2
C00412304,2242018.0,50,2018,24,2
C00412304,2252018.0,100,2018,25,2
C00412304,2162018.0,10,2018,16,2
C00412304,2282018.0,10,2018,28,2
C00412304,2122018.0,500,2018,12,2
C00412304,2092018.0,25,2018,09,2
C00412304,2142018.0,250,2018,14,2
C00412304,2082018.0,250,2018,08,2
C00412304,2212018.0,2700,2018,21,2
C00412304,2222018.0,500,2018,22,2
C00412304,2222018.0,200,2018,22,2
C00412304,2282018.0,100,2018,28,2
C00412304,2052018.0,10,2018,05,2
C00412304,2112018.0,25,2018,11,2
C00412304,2282018.0,25,2018,28,2
C00412304,2142018.0,15,2018,14,2
C00412304,2152018.0,500,2018,15,2
C00412304,2282018.0,1700,2018,28,2
C00412304,2282018.0,1000,2018,28,2
C00412304,2132018.0,250,2018,13,2
C00412304,2142018.0,10,2018,14,2
C00412304,2212018.0,25,2018,21,2
C00412304,2202018.0,25,2018,20,2
C00412304,2182018.0,50,2018,18,2
C00412304,2252018.0,8,2018,25,2
C00412304,2272018.0,6,2018,27,2
C00412304,2082018.0,25,2018,08,2
C00412304,2282018.0,25,2018,28,2
C00412304,2242018.0,200,2018,24,2
C00412304,2092018.0,10,2018,09,2
C00412304,2202018.0,25,2018,20,2
C00412304,2122018.0,50,2018,12,2
C00412304,2022018.0,25,2018,02,2
C00412304,2282018.0,100,2018,28,2
C00412304,2172018.0,25,2018,17,2
C00412304,2132018.0,1000,2018,13,2
C00412304,2192018.0,25,2018,19,2
C00412304,2062018.0,25,2018,06,2
C00412304,2142018.0,350,2018,14,2
C00412304,2082018.0,25,2018,08,2
C00412304,2072018.0,25,2018,07,2
C00412304,2282018.0,25,2018,28,2
C00412304,2242018.0,50,2018,24,2
C00412304,2072018.0,10,2018,07,2
C00412304,2282018.0,100,2018,28,2
C00412304,2212018.0,700,2018,21,2
C00412304,2212018.0,300,2018,21,2
C00412304,2252018.0,300,2018,25,2
C00412304,2192018.0,1000,2018,19,2
C00412304,2132018.0,2700,2018,13,2
C00412304,2132018.0,-200,2018,13,2
C00412304,2132018.0,200,2018,13,2
C00412304,2092018.0,10,2018,09,2
C00412304,2122018.0,100,2018,12,2
C00412304,2042018.0,25,2018,04,2
C00412304,2152018.0,225,2018,15,2
C00412304,2152018.0,225,2018,15,2
C00412304,2152018.0,225,2018,15,2
C00412304,2152018.0,225,2018,15,2
C00412304,2152018.0,225,2018,15,2
C00412304,2152018.0,225,2018,15,2
C00412304,2152018.0,225,2018,15,2
C00412304,2152018.0,225,2018,15,2
C00412304,2122018.0,500,2018,12,2
C00412304,2182018.0,100,2018,18,2
C00412304,2102018.0,500,2018,10,2
C00412304,2042018.0,100,2018,04,2
C00412304,2282018.0,10,2018,28,2
C00412304,2042018.0,100,2018,04,2
C00412304,2142018.0,250,2018,14,2
C00412304,2172018.0,50,2018,17,2
C00412304,2032018.0,25,2018,03,2
C00412304,2182018.0,10,2018,18,2
C00412304,2182018.0,20,2018,18,2
C00412304,2282018.0,25,2018,28,2
C00412304,2252018.0,25,2018,25,2
C00412304,2282018.0,2700,2018,28,2
C00412304,2222018.0,1000,2018,22,2
C00412304,2282018.0,100,2018,28,2
C00412304,2172018.0,10,2018,17,2
C00412304,2232018.0,10,2018,23,2
C00412304,2062018.0,2000,2018,06,2
C00412304,2212018.0,100,2018,21,2
C00412304,2282018.0,100,2018,28,2
C00412304,2182018.0,100,2018,18,2
C00412304,2202018.0,10,2018,20,2
C00412304,2022018.0,100,2018,02,2
C00412304,2222018.0,1,2018,22,2
C00412304,2242018.0,5,2018,24,2
C00412304,2152018.0,5,2018,15,2
C00412304,2102018.0,10,2018,10,2
C00412304,2212018.0,10,2018,21,2
C00412304,2072018.0,25,2018,07,2
C00412304,2282018.0,21,2018,28,2
C00412304,2142018.0,800,2018,14,2
C00412304,2202018.0,10,2018,20,2
C00412304,2232018.0,200,2018,23,2
C00412304,2272018.0,500,2018,27,2
C00412304,2102018.0,1000,2018,10,2
C00412304,2272018.0,1100,2018,27,2
C00412304,2092018.0,100,2018,09,2
C00412304,2122018.0,250,2018,12,2
C00412304,2122018.0,10,2018,12,2
C00412304,2222018.0,200,2018,22,2
C00412304,2222018.0,25,2018,22,2
C00412304,2022018.0,7,2018,02,2
C00412304,2172018.0,5,2018,17,2
C00412304,2212018.0,10,2018,21,2
C00412304,2092018.0,5,2018,09,2
C00412304,2062018.0,1000,2018,06,2
C00412304,2052018.0,250,2018,05,2
C00412304,2222018.0,2700,2018,22,2
C00412304,2242018.0,2700,2018,24,2
C00412304,2242018.0,20,2018,24,2
C00412304,2282018.0,20,2018,28,2
C00412304,2282018.0,10,2018,28,2
C00412304,2262018.0,10,2018,26,2
C00412304,2282018.0,5,2018,28,2
C00412304,2252018.0,5,2018,25,2
C00412304,2272018.0,200,2018,27,2
C00412304,2272018.0,800,2018,27,2
C00412304,2062018.0,50,2018,06,2
C00412304,2152018.0,2700,2018,15,2
C00412304,2282018.0,1000,2018,28,2
C00412304,2172018.0,25,2018,17,2
C00412304,2282018.0,25,2018,28,2
C00412304,2112018.0,25,2018,11,2
C00412304,2262018.0,500,2018,26,2
C00412304,2282018.0,500,2018,28,2
C00412304,2012018.0,50,2018,01,2
C00412304,2162018.0,50,2018,16,2
C00412304,2282018.0,10,2018,28,2
C00412304,2202018.0,100,2018,20,2
C00412304,2202018.0,10,2018,20,2
C00412304,2052018.0,25,2018,05,2
C00412304,2092018.0,25,2018,09,2
C00412304,2222018.0,35,2018,22,2
C00412304,2282018.0,110,2018,28,2
C00412304,2082018.0,25,2018,08,2
C00412304,2242018.0,5,2018,24,2
C00412304,2112018.0,100,2018,11,2
C00412304,2142018.0,250,2018,14,2
C00412304,2132018.0,100,2018,13,2
C00412304,2272018.0,250,2018,27,2
C00412304,2032018.0,40,2018,03,2
C00412304,2142018.0,100,2018,14,2
C00412304,2202018.0,25,2018,20,2
C00412304,2252018.0,5,2018,25,2
C00412304,2202018.0,200,2018,20,2
C00412304,2272018.0,40,2018,27,2
C00412304,2282018.0,500,2018,28,2
C00412304,2072018.0,10,2018,07,2
C00412304,2282018.0,90,2018,28,2
C00412304,2192018.0,25,2018,19,2
C00412304,2012018.0,500,2018,01,2
C00412304,2282018.0,100,2018,28,2
C00412304,2162018.0,250,2018,16,2
C00412304,2032018.0,25,2018,03,2
C00412304,2012018.0,2700,2018,01,2
C00412304,2192018.0,10,2018,19,2
C00412304,2072018.0,5,2018,07,2
C00412304,2152018.0,500,2018,15,2
C00412304,2192018.0,25,2018,19,2
C00412304,2282018.0,10,2018,28,2
C00412304,2132018.0,2500,2018,13,2
C00412304,2242018.0,100,2018,24,2
C00412304,2032018.0,200,2018,03,2
C00412304,2062018.0,25,2018,06,2
C00412304,2202018.0,5,2018,20,2
C00412304,2192018.0,50,2018,19,2
C00412304,2162018.0,1000,2018,16,2
C00412304,2282018.0,10,2018,28,2
C00412304,2232018.0,1000,2018,23,2
C00412304,2062018.0,250,2018,06,2
C00412304,2022018.0,25,2018,02,2
C00412304,2282018.0,100,2018,28,2
C00412304,2122018.0,100,2018,12,2
C00412304,2232018.0,200,2018,23,2
C00412304,2082018.0,21,2018,08,2
C00412304,2132018.0,10,2018,13,2
C00412304,2202018.0,15,2018,20,2
C00412304,2242018.0,25,2018,24,2
C00412304,2272018.0,33,2018,27,2
C00412304,2202018.0,500,2018,20,2
C00412304,2202018.0,50,2018,20,2
C00412304,2202018.0,25,2018,20,2
C00412304,2252018.0,5,2018,25,2
C00412304,2212018.0,50,2018,21,2
C00412304,2112018.0,100,2018,11,2
C00412304,2122018.0,500,2018,12,2
C00412304,2132018.0,7,2018,13,2
C00412304,2042018.0,250,2018,04,2
C00412304,2172018.0,10,2018,17,2
C00412304,2272018.0,25,2018,27,2
C00412304,2052018.0,25,2018,05,2
C00412304,2282018.0,100,2018,28,2
C00412304,2052018.0,25,2018,05,2
C00412304,2252018.0,20,2018,25,2
C00412304,2132018.0,2700,2018,13,2
C00412304,2282018.0,50,2018,28,2
C00412304,2262018.0,500,2018,26,2
C00412304,2272018.0,37,2018,27,2
C00412304,2202018.0,250,2018,20,2
C00412304,2282018.0,1000,2018,28,2
C00412304,2162018.0,200,2018,16,2
C00412304,2032018.0,50,2018,03,2
C00412304,2082018.0,100,2018,08,2
C00412304,2052018.0,100,2018,05,2
C00412304,2032018.0,40,2018,03,2
C00412304,2082018.0,-100,2018,08,2
C00412304,2202018.0,100,2018,20,2
C00412304,2042018.0,250,2018,04,2
C00412304,2062018.0,2700,2018,06,2
C00412304,2062018.0,2700,2018,06,2
C00412304,2152018.0,225,2018,15,2
C00412304,2152018.0,225,2018,15,2
C00412304,2152018.0,225,2018,15,2
C00412304,2152018.0,225,2018,15,2
C00412304,2062018.0,25,2018,06,2
C00412304,2272018.0,50,2018,27,2
C00412304,2042018.0,1000,2018,04,2
C00412304,2052018.0,10,2018,05,2
C00412304,2092018.0,50,2018,09,2
C00412304,2282018.0,100,2018,28,2
C00412304,2202018.0,25,2018,20,2
C00412304,2132018.0,300,2018,13,2
C00412304,2152018.0,500,2018,15,2
C00412304,2042018.0,500,2018,04,2
C00412304,2062018.0,100,2018,06,2
C00412304,2272018.0,25,2018,27,2
C00412304,2222018.0,100,2018,22,2
C00412304,2282018.0,25,2018,28,2
C00412304,2222018.0,1000,2018,22,2
C00412304,2202018.0,50,2018,20,2
C00412304,2252018.0,25,2018,25,2
C00412304,2092018.0,50,2018,09,2
C00412304,2102018.0,25,2018,10,2
C00412304,2202018.0,25,2018,20,2
C00412304,2042018.0,500,2018,04,2
C00412304,2202018.0,100,2018,20,2
C00412304,2202018.0,5,2018,20,2
C00412304,2272018.0,10,2018,27,2
C00412304,2072018.0,1000,2018,07,2
C00412304,2102018.0,50,2018,10,2
C00412304,2072018.0,12,2018,07,2
C00412304,2082018.0,10,2018,08,2
C00412304,2102018.0,10,2018,10,2
C00412304,2272018.0,100,2018,27,2
C00412304,2252018.0,100,2018,25,2
C00412304,2022018.0,25,2018,02,2
C00412304,2272018.0,100,2018,27,2
C00412304,2042018.0,100,2018,04,2
C00412304,2182018.0,150,2018,18,2
C00412304,2142018.0,100,2018,14,2
C00412304,2012018.0,50,2018,01,2
C00412304,2122018.0,25,2018,12,2
C00412304,2212018.0,100,2018,21,2
C00412304,2192018.0,1000,2018,19,2
C00412304,2202018.0,25,2018,20,2
C00412304,2272018.0,25,2018,27,2
C00412304,2172018.0,5,2018,17,2
C00412304,2072018.0,15,2018,07,2
C00412304,2142018.0,10,2018,14,2
C00412304,2212018.0,10,2018,21,2
C00412304,2162018.0,1000,2018,16,2
C00412304,2102018.0,10,2018,10,2
C00412304,2232018.0,10,2018,23,2
C00412304,2182018.0,50,2018,18,2
C00412304,2282018.0,2700,2018,28,2
C00412304,2222018.0,250,2018,22,2
C00412304,2122018.0,100,2018,12,2
C00412304,2112018.0,25,2018,11,2
C00412304,2222018.0,500,2018,22,2
C00412304,2182018.0,500,2018,18,2
C00412304,2142018.0,100,2018,14,2
C00412304,2212018.0,200,2018,21,2
C00412304,2222018.0,1000,2018,22,2
C00412304,2172018.0,10,2018,17,2
C00412304,2152018.0,1000,2018,15,2
C00412304,2162018.0,500,2018,16,2
C00412304,2022018.0,1350,2018,02,2
C00412304,2132018.0,8,2018,13,2
C00412304,2282018.0,25,2018,28,2
C00412304,2052018.0,4,2018,05,2
C00412304,2072018.0,10,2018,07,2
C00412304,2132018.0,200,2018,13,2
C00412304,2132018.0,800,2018,13,2
C00412304,2262018.0,1000,2018,26,2
C00412304,2182018.0,10,2018,18,2
C00412304,2112018.0,5,2018,11,2
C00412304,2042018.0,500,2018,04,2
C00412304,2122018.0,150,2018,12,2
C00412304,2282018.0,10,2018,28,2
C00412304,2212018.0,5,2018,21,2
C00412304,2252018.0,25,2018,25,2
C00412304,2282018.0,15,2018,28,2
C00412304,2282018.0,25,2018,28,2
C00412304,2282018.0,200,2018,28,2
C00412304,2222018.0,500,2018,22,2
C00412304,2202018.0,25,2018,20,2
C00412304,2062018.0,2500,2018,06,2
C00412304,2232018.0,2700,2018,23,2
C00412304,2152018.0,100,2018,15,2
C00412304,2042018.0,50,2018,04,2
C00412304,2272018.0,1000,2018,27,2
C00412304,2162018.0,500,2018,16,2
C00412304,2212018.0,25,2018,21,2
C00412304,2162018.0,100,2018,16,2
C00412304,2072018.0,100,2018,07,2
C00412304,2192018.0,50,2018,19,2
C00412304,2282018.0,50,2018,28,2
C00412304,2282018.0,50,2018,28,2
C00412304,2222018.0,100,2018,22,2
C00412304,2052018.0,150,2018,05,2
C00412304,2082018.0,10,2018,08,2
C00412304,2142018.0,50,2018,14,2
C00412304,2042018.0,250,2018,04,2
C00412304,2092018.0,50,2018,09,2
C00412304,2282018.0,50,2018,28,2
C00412304,2152018.0,10,2018,15,2
C00412304,2252018.0,5,2018,25,2
C00412304,2282018.0,50,2018,28,2
C00412304,2282018.0,50,2018,28,2
C00412304,2282018.0,250,2018,28,2
C00412304,2232018.0,1000,2018,23,2
C00412304,2282018.0,10,2018,28,2
C00412304,2282018.0,10,2018,28,2
C00412304,2262018.0,10,2018,26,2
C00412304,2282018.0,10,2018,28,2
C00412304,2202018.0,50,2018,20,2
C00412304,2042018.0,25,2018,04,2
C00412304,2142018.0,50,2018,14,2
C00412304,2202018.0,12,2018,20,2
C00412304,2122018.0,100,2018,12,2
C00412304,2042018.0,100,2018,04,2
C00412304,2202018.0,2700,2018,20,2
C00412304,2162018.0,250,2018,16,2
C00412304,2162018.0,100,2018,16,2
C00412304,2212018.0,2700,2018,21,2
C00412304,2222018.0,100,2018,22,2
C00412304,2282018.0,25,2018,28,2
C00412304,2092018.0,25,2018,09,2
C00412304,2062018.0,100,2018,06,2
C00412304,2172018.0,100,2018,17,2
C00412304,2222018.0,5,2018,22,2
C00412304,2202018.0,5,2018,20,2
C00412304,2282018.0,10,2018,28,2
C00412304,2222018.0,250,2018,22,2
C00412304,2072018.0,5,2018,07,2
C00412304,2242018.0,33,2018,24,2
C00412304,2262018.0,200,2018,26,2
C00412304,2182018.0,10,2018,18,2
C00412304,2202018.0,50,2018,20,2
C00412304,2202018.0,25,2018,20,2
C00412304,2252018.0,25,2018,25,2
C00412304,2272018.0,20,2018,27,2
C00412304,2212018.0,2700,2018,21,2
C00412304,2042018.0,250,2018,04,2
C00412304,2272018.0,25,2018,27,2
C00412304,2132018.0,50,2018,13,2
C00412304,2222018.0,25,2018,22,2
C00412304,2282018.0,50,2018,28,2
C00412304,2282018.0,100,2018,28,2
C00412304,2282018.0,500,2018,28,2
C00412304,2142018.0,81,2018,14,2
C00412304,2142018.0,75,2018,14,2
C00412304,2282018.0,100,2018,28,2
C00412304,2122018.0,250,2018,12,2
C00412304,2062018.0,1500,2018,06,2
C00412304,2252018.0,1000,2018,25,2
C00412304,2252018.0,10,2018,25,2
C00412304,2232018.0,50,2018,23,2
C00412304,2262018.0,50,2018,26,2
C00412304,2162018.0,25,2018,16,2
C00412304,2282018.0,25,2018,28,2
C00412304,2062018.0,2500,2018,06,2
C00412304,2122018.0,50,2018,12,2
C00412304,2052018.0,500,2018,05,2
C00412304,2282018.0,100,2018,28,2
C00412304,2052018.0,500,2018,05,2
C00412304,2252018.0,50,2018,25,2
C00412304,2232018.0,100,2018,23,2
C00412304,2092018.0,25,2018,09,2
C00412304,2202018.0,2700,2018,20,2
C00412304,2132018.0,50,2018,13,2
C00412304,2172018.0,25,2018,17,2
C00412304,2042018.0,2700,2018,04,2
C00412304,2182018.0,100,2018,18,2
C00412304,2092018.0,25,2018,09,2
C00412304,2142018.0,10,2018,14,2
C00412304,2062018.0,10,2018,06,2
C00412304,2222018.0,900,2018,22,2
C00412304,2152018.0,25,2018,15,2
C00412304,2092018.0,21,2018,09,2
C00412304,2122018.0,100,2018,12,2
C00412304,2042018.0,150,2018,04,2
C00412304,2162018.0,1000,2018,16,2
C00412304,2222018.0,500,2018,22,2
C00412304,2202018.0,25,2018,20,2
C00412304,2082018.0,10,2018,08,2
C00412304,2282018.0,100,2018,28,2
C00412304,2242018.0,100,2018,24,2
C00412304,2282018.0,500,2018,28,2
C00412304,2072018.0,5,2018,07,2
C00412304,2202018.0,250,2018,20,2
C00412304,2212018.0,250,2018,21,2
C00412304,2272018.0,50,2018,27,2
C00412304,2212018.0,500,2018,21,2
C00412304,2042018.0,200,2018,04,2
C00412304,2042018.0,250,2018,04,2
C00412304,2132018.0,25,2018,13,2
C00412304,2282018.0,25,2018,28,2
C00412304,2142018.0,25,2018,14,2
C00412304,2192018.0,50,2018,19,2
C00412304,2232018.0,33,2018,23,2
C00412304,2282018.0,5,2018,28,2
C00412304,2082018.0,5,2018,08,2
C00412304,2222018.0,25,2018,22,2
C00412304,2122018.0,2000,2018,12,2
C00412304,2082018.0,25,2018,08,2
C00412304,2282018.0,2700,2018,28,2
C00412304,2162018.0,100,2018,16,2
C00412304,2282018.0,25,2018,28,2
C00412304,2282018.0,2700,2018,28,2
C00412304,2122018.0,50,2018,12,2
C00412304,2052018.0,50,2018,05,2
C00412304,2222018.0,1000,2018,22,2
C00412304,2272018.0,75,2018,27,2
C00412304,2262018.0,10,2018,26,2
C00412304,2132018.0,100,2018,13,2
C00412304,2162018.0,1000,2018,16,2
C00412304,2282018.0,25,2018,28,2
C00412304,2092018.0,25,2018,09,2
C00412304,2282018.0,10,2018,28,2
C00412304,2282018.0,25,2018,28,2
C00412304,2232018.0,25,2018,23,2
C00412304,2222018.0,100,2018,22,2
C00412304,2282018.0,25,2018,28,2
C00412304,2272018.0,10,2018,27,2
C00412304,2252018.0,50,2018,25,2
C00412304,2092018.0,25,2018,09,2
C00412304,2182018.0,25,2018,18,2
C00412304,2222018.0,25,2018,22,2
C00412304,2252018.0,25,2018,25,2
C00412304,2282018.0,10,2018,28,2
C00412304,2052018.0,10,2018,05,2
C00412304,2272018.0,5,2018,27,2
C00412304,2042018.0,200,2018,04,2
C00412304,2152018.0,500,2018,15,2
C00412304,2062018.0,25,2018,06,2
C00412304,2282018.0,50,2018,28,2
C00412304,2032018.0,50,2018,03,2
C00412304,2082018.0,25,2018,08,2
C00412304,2172018.0,5,2018,17,2
C00412304,2192018.0,5,2018,19,2
C00412304,2202018.0,5,2018,20,2
C00412304,2112018.0,44,2018,11,2
C00412304,2222018.0,100,2018,22,2
C00412304,2212018.0,2700,2018,21,2
C00412304,2062018.0,25,2018,06,2
C00412304,2152018.0,25,2018,15,2
C00412304,2222018.0,25,2018,22,2
C00412304,2242018.0,25,2018,24,2
C00412304,2152018.0,50,2018,15,2
C00412304,2152018.0,400,2018,15,2
C00412304,2042018.0,300,2018,04,2
C00412304,2042018.0,700,2018,04,2
C00412304,2042018.0,300,2018,04,2
C00412304,2282018.0,1000,2018,28,2
C00412304,2202018.0,10,2018,20,2
C00412304,2282018.0,25,2018,28,2
C00412304,2282018.0,25,2018,28,2
C00412304,2092018.0,100,2018,09,2
C00412304,2282018.0,10,2018,28,2
C00412304,2232018.0,1000,2018,23,2
C00412304,2052018.0,100,2018,05,2
C00412304,2052018.0,150,2018,05,2
C00412304,2072018.0,50,2018,07,2
C00412304,2252018.0,25,2018,25,2
C00412304,2272018.0,5,2018,27,2
C00412304,2262018.0,5,2018,26,2
C00412304,2042018.0,50,2018,04,2
C00412304,2282018.0,50,2018,28,2
C00412304,2022018.0,100,2018,02,2
C00412304,2162018.0,100,2018,16,2
C00412304,2252018.0,100,2018,25,2
C00412304,2202018.0,50,2018,20,2
C00412304,2202018.0,10,2018,20,2
C00412304,2202018.0,5,2018,20,2
C00412304,2242018.0,33,2018,24,2
C00412304,2032018.0,25,2018,03,2
C00412304,2072018.0,25,2018,07,2
C00412304,2282018.0,50,2018,28,2
C00412304,2202018.0,10,2018,20,2
C00412304,2202018.0,10,2018,20,2
C00412304,2252018.0,10,2018,25,2
C00412304,2282018.0,200,2018,28,2
C00412304,2062018.0,25,2018,06,2
C00412304,2182018.0,25,2018,18,2
C00412304,2052018.0,25,2018,05,2
C00412304,2282018.0,100,2018,28,2
C00412304,2272018.0,100,2018,27,2
C00412304,2282018.0,100,2018,28,2
C00412304,2252018.0,25,2018,25,2
C00412304,2262018.0,10,2018,26,2
C00412304,2242018.0,10,2018,24,2
C00412304,2132018.0,1000,2018,13,2
C00412304,2132018.0,200,2018,13,2
C00412304,2122018.0,25,2018,12,2
C00412304,2212018.0,15,2018,21,2
C00412304,2162018.0,1000,2018,16,2
C00412304,2282018.0,25,2018,28,2
C00412304,2022018.0,500,2018,02,2
C00412304,2282018.0,100,2018,28,2
C00412304,2052018.0,100,2018,05,2
C00412304,2052018.0,100,2018,05,2
C00412304,2262018.0,100,2018,26,2
C00412304,2152018.0,25,2018,15,2
C00412304,2212018.0,10,2018,21,2
C00412304,2282018.0,50,2018,28,2
C00412304,2282018.0,25,2018,28,2
C00412304,2162018.0,25,2018,16,2
C00412304,2282018.0,50,2018,28,2
C00412304,2282018.0,100,2018,28,2
C00412304,2172018.0,25,2018,17,2
C00412304,2032018.0,10,2018,03,2
C00412304,2022018.0,25,2018,02,2
C00412304,2282018.0,100,2018,28,2
C00412304,2152018.0,250,2018,15,2
C00412304,2282018.0,200,2018,28,2
C00412304,2202018.0,5,2018,20,2
C00412304,2212018.0,5,2018,21,2
C00412304,2112018.0,335,2018,11,2
C00412304,2282018.0,1000,2018,28,2
C00412304,2282018.0,200,2018,28,2
C00412304,2282018.0,2700,2018,28,2
C00412304,2132018.0,50,2018,13,2
C00412304,2272018.0,250,2018,27,2
C00412304,2222018.0,50,2018,22,2
C00412304,2112018.0,25,2018,11,2
C00412304,2162018.0,25,2018,16,2
C00412304,2152018.0,10,2018,15,2
C00412304,2242018.0,10,2018,24,2
C00412304,2122018.0,5,2018,12,2
C00412304,2202018.0,5,2018,20,2
C00412304,2272018.0,220,2018,27,2
C00412304,2282018.0,50,2018,28,2
C00412304,2172018.0,5,2018,17,2
C00412304,2112018.0,300,2018,11,2
C00412304,2112018.0,1700,2018,11,2
C00412304,2252018.0,100,2018,25,2
C00412304,2222018.0,100,2018,22,2
C00412304,2282018.0,27000,2018,28,2
C00412304,2042018.0,100,2018,04,2
C00412304,2282018.0,17,2018,28,2
C00412304,2052018.0,1000,2018,05,2
C00412304,2172018.0,25,2018,17,2
C00412304,2282018.0,500,2018,28,2
C00412304,2052018.0,10,2018,05,2
C00412304,2202018.0,1000,2018,20,2
C00412304,2282018.0,100,2018,28,2
C00412304,2282018.0,100,2018,28,2
C00412304,2052018.0,50,2018,05,2
C00412304,2052018.0,5,2018,05,2
C00412304,2072018.0,25,2018,07,2
C00412304,2072018.0,250,2018,07,2
C00412304,2082018.0,-50,2018,08,2
C00412304,2082018.0,50,2018,08,2
C00412304,2092018.0,50,2018,09,2
C00412304,2112018.0,10,2018,11,2
C00412304,2212018.0,200,2018,21,2
C00412304,2252018.0,12,2018,25,2
C00412304,2212018.0,2700,2018,21,2
C00412304,2212018.0,2700,2018,21,2
C00412304,2282018.0,100,2018,28,2
C00412304,2202018.0,25,2018,20,2
C00412304,2042018.0,300,2018,04,2
C00412304,2222018.0,25,2018,22,2
C00412304,2072018.0,10,2018,07,2
C00412304,2162018.0,5,2018,16,2
C00412304,2122018.0,10,2018,12,2
C00412304,2122018.0,10,2018,12,2
C00412304,2012018.0,25,2018,01,2
C00412304,2282018.0,50,2018,28,2
C00412304,2152018.0,2700,2018,15,2
C00412304,2052018.0,150,2018,05,2
C00412304,2022018.0,50,2018,02,2
C00412304,2092018.0,10,2018,09,2
C00412304,2202018.0,300,2018,20,2
C00412304,2202018.0,25,2018,20,2
C00412304,2062018.0,250,2018,06,2
C00412304,2052018.0,100,2018,05,2
C00412304,2152018.0,500,2018,15,2
C00412304,2022018.0,5,2018,02,2
C00412304,2192018.0,5,2018,19,2
C00412304,2272018.0,10,2018,27,2
C00412304,2172018.0,10,2018,17,2
C00412304,2032018.0,50,2018,03,2
C00412304,2252018.0,10,2018,25,2
C00412304,2212018.0,1000,2018,21,2
C00412304,2232018.0,5,2018,23,2
C00412304,2282018.0,25,2018,28,2
C00412304,2232018.0,1500,2018,23,2
C00412304,2262018.0,1200,2018,26,2
C00412304,2262018.0,300,2018,26,2
C00412304,2032018.0,15,2018,03,2
C00412304,2092018.0,5,2018,09,2
C00412304,2272018.0,100,2018,27,2
C00412304,2252018.0,25,2018,25,2
C00412304,2222018.0,25,2018,22,2
C00412304,2282018.0,25,2018,28,2
C00412304,2272018.0,100,2018,27,2
C00412304,2152018.0,2700,2018,15,2
C00412304,2042018.0,200,2018,04,2
C00412304,2152018.0,300,2018,15,2
C00412304,2172018.0,35,2018,17,2
C00412304,2202018.0,10,2018,20,2
C00412304,2172018.0,10,2018,17,2
C00412304,2212018.0,5,2018,21,2
C00412304,2212018.0,5,2018,21,2
C00412304,2232018.0,10,2018,23,2
C00412304,2252018.0,100,2018,25,2
C00412304,2032018.0,25,2018,03,2
C00412304,2252018.0,800,2018,25,2
C00412304,2252018.0,10,2018,25,2
C00412304,2042018.0,100,2018,04,2
C00412304,2092018.0,5,2018,09,2
C00412304,2092018.0,10,2018,09,2
C00412304,2122018.0,500,2018,12,2
C00412304,2212018.0,25,2018,21,2
C00412304,2282018.0,25,2018,28,2
C00412304,2162018.0,1000,2018,16,2
C00412304,2062018.0,2700,2018,06,2
C00412304,2282018.0,27,2018,28,2
C00412304,2272018.0,10,2018,27,2
C00412304,2132018.0,25,2018,13,2
C00412304,2052018.0,50,2018,05,2
C00412304,2202018.0,5,2018,20,2
C00412304,2152018.0,10,2018,15,2
C00412304,2182018.0,5,2018,18,2
C00412304,2202018.0,5,2018,20,2
C00412304,2252018.0,5,2018,25,2
C00412304,2242018.0,5,2018,24,2
C00412304,2132018.0,250,2018,13,2
C00412304,2142018.0,200,2018,14,2
C00412304,2152018.0,100,2018,15,2
C00412304,2252018.0,150,2018,25,2
C00412304,2112018.0,25,2018,11,2
C00412304,2112018.0,50,2018,11,2
C00412304,2082018.0,25,2018,08,2
C00412304,2162018.0,250,2018,16,2
C00412304,2182018.0,50,2018,18,2
C00412304,2282018.0,25,2018,28,2
C00412304,2232018.0,1000,2018,23,2
C00412304,2012018.0,1950,2018,01,2
C00412304,2012018.0,50,2018,01,2
C00412304,2232018.0,25,2018,23,2
C00412304,2112018.0,25,2018,11,2
C00412304,2172018.0,25,2018,17,2
C00412304,2212018.0,15,2018,21,2
C00412304,2282018.0,200,2018,28,2
C00412304,2132018.0,1000,2018,13,2
C00412304,2082018.0,25,2018,08,2
C00412304,2122018.0,100,2018,12,2
C00412304,2032018.0,25,2018,03,2
C00412304,2162018.0,250,2018,16,2
C00412304,2132018.0,100,2018,13,2
C00412304,2012018.0,25,2018,01,2
C00412304,2152018.0,25,2018,15,2
C00412304,2282018.0,20,2018,28,2
C00412304,2152018.0,500,2018,15,2
C00412304,2182018.0,20,2018,18,2
C00412304,2232018.0,25,2018,23,2
C00412304,2282018.0,33,2018,28,2
C00412304,2152018.0,1000,2018,15,2
C00412304,2122018.0,100,2018,12,2
C00412304,2172018.0,10,2018,17,2
C00412304,2152018.0,10,2018,15,2
C00412304,2172018.0,25,2018,17,2
C00412304,2232018.0,100,2018,23,2
C00412304,2272018.0,25,2018,27,2
C00412304,2012018.0,5,2018,01,2
C00412304,2272018.0,25,2018,27,2
C00412304,2282018.0,50,2018,28,2
C00412304,2242018.0,500,2018,24,2
C00412304,2052018.0,100,2018,05,2
C00412304,2132018.0,1000,2018,13,2
C00412304,2182018.0,50,2018,18,2
C00412304,2282018.0,200,2018,28,2
C00412304,2142018.0,400,2018,14,2
C00412304,2072018.0,1000,2018,07,2
C00412304,2022018.0,500,2018,02,2
C00412304,2062018.0,500,2018,06,2
C00412304,2282018.0,25,2018,28,2
C00412304,2282018.0,10,2018,28,2
C00412304,2162018.0,1000,2018,16,2
C00412304,2122018.0,50,2018,12,2
C00412304,2282018.0,25,2018,28,2
C00412304,2062018.0,500,2018,06,2
C00412304,2282018.0,100,2018,28,2
C00412304,2012018.0,50,2018,01,2
C00412304,2242018.0,1000,2018,24,2
C00412304,2252018.0,5,2018,25,2
C00412304,2282018.0,25,2018,28,2
C00412304,2282018.0,25,2018,28,2
C00412304,2282018.0,25,2018,28,2
C00412304,2222018.0,1000,2018,22,2
C00412304,2222018.0,250,2018,22,2
C00412304,2222018.0,50,2018,22,2
C00412304,2122018.0,500,2018,12,2
C00412304,2212018.0,25,2018,21,2
C00412304,2222018.0,25,2018,22,2
C00412304,2282018.0,1000,2018,28,2
C00412304,2022018.0,5,2018,02,2
C00412304,2032018.0,25,2018,03,2
C00412304,2082018.0,20,2018,08,2
C00412304,2282018.0,25,2018,28,2
C00412304,2042018.0,100,2018,04,2
C00412304,2052018.0,25,2018,05,2
C00412304,2062018.0,50,2018,06,2
C00412304,2222018.0,200,2018,22,2
C00412304,2112018.0,10,2018,11,2
C00412304,2052018.0,100,2018,05,2
C00412304,2162018.0,25,2018,16,2
C00412304,2242018.0,250,2018,24,2
C00412304,2032018.0,50,2018,03,2
C00412304,2212018.0,20,2018,21,2
C00412304,2282018.0,100,2018,28,2
C00412304,2282018.0,100,2018,28,2
C00412304,2142018.0,500,2018,14,2
C00412304,2152018.0,2700,2018,15,2
C00412304,2282018.0,1000,2018,28,2
C00412304,2122018.0,10,2018,12,2
C00412304,2162018.0,10,2018,16,2
C00412304,2242018.0,10,2018,24,2
C00412304,2072018.0,25,2018,07,2
C00412304,2242018.0,50,2018,24,2
C00412304,2282018.0,5,2018,28,2
C00412304,2112018.0,5,2018,11,2
C00412304,2142018.0,5,2018,14,2
C00412304,2062018.0,100,2018,06,2
C00412304,2092018.0,50,2018,09,2
C00412304,2182018.0,100,2018,18,2
C00412304,2272018.0,33,2018,27,2
C00412304,2032018.0,10,2018,03,2
C00412304,2072018.0,100,2018,07,2
C00412304,2042018.0,25,2018,04,2
C00412304,2032018.0,50,2018,03,2
C00412304,2062018.0,100,2018,06,2
C00412304,2242018.0,25,2018,24,2
C00412304,2282018.0,150,2018,28,2
C00412304,2282018.0,50,2018,28,2
C00412304,2282018.0,25,2018,28,2
C00412304,2162018.0,200,2018,16,2
C00412304,2182018.0,10,2018,18,2
C00412304,2042018.0,100,2018,04,2
C00412304,2242018.0,50,2018,24,2
C00412304,2272018.0,50,2018,27,2
C00412304,2272018.0,100,2018,27,2
C00412304,2032018.0,50,2018,03,2
C00412304,2152018.0,2700,2018,15,2
C00412304,2282018.0,10,2018,28,2
C00412304,2282018.0,500,2018,28,2
C00412304,2212018.0,15,2018,21,2
C00412304,2242018.0,1300,2018,24,2
C00412304,2042018.0,250,2018,04,2
C00412304,2172018.0,25,2018,17,2
C00412304,2132018.0,100,2018,13,2
C00412304,2282018.0,200,2018,28,2
C00412304,2042018.0,500,2018,04,2
C00412304,2212018.0,1000,2018,21,2
C00412304,2262018.0,25,2018,26,2
C00412304,2282018.0,200,2018,28,2
C00412304,2122018.0,150,2018,12,2
C00412304,2232018.0,1000,2018,23,2
C00412304,2082018.0,200,2018,08,2
C00412304,2202018.0,25,2018,20,2
C00412304,2072018.0,50,2018,07,2
C00412304,2132018.0,5,2018,13,2
C00412304,2212018.0,5,2018,21,2
C00412304,2092018.0,10,2018,09,2
C00412304,2282018.0,25,2018,28,2
C00412304,2282018.0,25,2018,28,2
C00412304,2222018.0,250,2018,22,2
C00412304,2262018.0,1000,2018,26,2
C00412304,2262018.0,2000,2018,26,2
C00412304,2072018.0,7,2018,07,2
C00412304,2202018.0,11,2018,20,2
C00412304,2132018.0,2,2018,13,2
C00412304,2162018.0,100,2018,16,2
C00412304,2282018.0,100,2018,28,2
C00412304,2202018.0,25,2018,20,2
C00412304,2132018.0,250,2018,13,2
C00412304,2152018.0,1000,2018,15,2
C00412304,2282018.0,25,2018,28,2
C00412304,2022018.0,50,2018,02,2
C00412304,2212018.0,1000,2018,21,2
C00412304,2082018.0,10,2018,08,2
C00412304,2212018.0,250,2018,21,2
C00412304,2202018.0,50,2018,20,2
C00412304,2132018.0,900,2018,13,2
C00412304,2052018.0,100,2018,05,2
C00412304,2082018.0,25,2018,08,2
C00412304,2162018.0,75,2018,16,2
C00412304,2162018.0,25,2018,16,2
C00412304,2142018.0,1000,2018,14,2
C00412304,2122018.0,200,2018,12,2
C00412304,2202018.0,21,2018,20,2
C00412304,2272018.0,5,2018,27,2
C00412304,2262018.0,10000,2018,26,2
C00412304,2262018.0,1000,2018,26,2
C00412304,2122018.0,25,2018,12,2
C00412304,2182018.0,5,2018,18,2
C00412304,2182018.0,100,2018,18,2
C00412304,2282018.0,10,2018,28,2
C00412304,2282018.0,25,2018,28,2
C00412304,2132018.0,1,2018,13,2
C00412304,2232018.0,50,2018,23,2
C00412304,2142018.0,25,2018,14,2
C00412304,2142018.0,500,2018,14,2
C00412304,2212018.0,2500,2018,21,2
C00412304,2162018.0,200,2018,16,2
C00412304,2132018.0,25,2018,13,2
C00412304,2122018.0,250,2018,12,2
C00412304,2202018.0,500,2018,20,2
C00412304,2282018.0,20,2018,28,2
C00412304,2222018.0,250,2018,22,2
C00412304,2032018.0,25,2018,03,2
C00412304,2282018.0,200,2018,28,2
C00412304,2222018.0,50,2018,22,2
C00412304,2182018.0,10,2018,18,2
C00412304,2152018.0,1000,2018,15,2
C00412304,2142018.0,100,2018,14,2
C00412304,2092018.0,25,2018,09,2
C00412304,2092018.0,100,2018,09,2
C00412304,2272018.0,100,2018,27,2
C00412304,2042018.0,500,2018,04,2
C00412304,2082018.0,5,2018,08,2
C00412304,2152018.0,25,2018,15,2
C00412304,2182018.0,100,2018,18,2
C00412304,2282018.0,2700,2018,28,2
C00412304,2272018.0,44,2018,27,2
C00412304,2282018.0,440,2018,28,2
C00412304,2282018.0,12,2018,28,2
C00412304,2232018.0,10,2018,23,2
C00412304,2212018.0,5,2018,21,2
C00412304,2282018.0,5,2018,28,2
C00412304,2232018.0,1000,2018,23,2
C00412304,2282018.0,1000,2018,28,2
C00412304,2132018.0,50,2018,13,2
C00412304,2202018.0,100,2018,20,2
C00412304,2132018.0,25,2018,13,2
C00412304,2232018.0,25,2018,23,2
C00412304,2182018.0,150,2018,18,2
C00412304,2202018.0,10,2018,20,2
C00412304,2022018.0,50,2018,02,2
C00412304,2212018.0,1000,2018,21,2
C00412304,2032018.0,25,2018,03,2
C00412304,2052018.0,5,2018,05,2
C00412304,2092018.0,5,2018,09,2
C00412304,2202018.0,25,2018,20,2
C00412304,2252018.0,25,2018,25,2
C00412304,2282018.0,5,2018,28,2
C00412304,2242018.0,100,2018,24,2
C00412304,2282018.0,2700,2018,28,2
C00412304,2212018.0,200,2018,21,2
C00412304,2152018.0,2700,2018,15,2
C00412304,2152018.0,2700,2018,15,2
C00412304,2042018.0,250,2018,04,2
C00412304,2172018.0,100,2018,17,2
C00412304,2212018.0,5,2018,21,2
C00412304,2242018.0,5,2018,24,2
C00412304,2212018.0,10,2018,21,2
C00412304,2062018.0,25,2018,06,2
C00412304,2122018.0,500,2018,12,2
C00412304,2282018.0,1000,2018,28,2
C00412304,2122018.0,150,2018,12,2
C00412304,2202018.0,1700,2018,20,2
C00412304,2202018.0,300,2018,20,2
C00412304,2132018.0,1500,2018,13,2
C00412304,2282018.0,25,2018,28,2
C00412304,2122018.0,100,2018,12,2
C00412304,2162018.0,100,2018,16,2
C00412304,2212018.0,50,2018,21,2
C00412304,2122018.0,200,2018,12,2
C00412304,2202018.0,250,2018,20,2
C00412304,2212018.0,2700,2018,21,2
C00412304,2262018.0,25,2018,26,2
C00412304,2072018.0,25,2018,07,2
C00412304,2272018.0,25,2018,27,2
C00412304,2172018.0,25,2018,17,2
C00412304,2042018.0,250,2018,04,2
C00412304,2272018.0,50,2018,27,2
C00412304,2202018.0,100,2018,20,2
C00412304,2282018.0,25,2018,28,2
C00412304,2282018.0,25,2018,28,2
C00412304,2072018.0,10,2018,07,2
C00412304,2172018.0,5,2018,17,2
C00412304,2122018.0,5,2018,12,2
C00412304,2212018.0,5,2018,21,2
C00412304,2122018.0,500,2018,12,2
C00412304,2182018.0,500,2018,18,2
C00412304,2142018.0,150,2018,14,2
C00412304,2142018.0,150,2018,14,2
C00412304,2042018.0,300,2018,04,2
C00412304,2272018.0,10,2018,27,2
C00412304,2092018.0,250,2018,09,2
C00412304,2112018.0,100,2018,11,2
C00412304,2282018.0,50,2018,28,2
C00412304,2202018.0,500,2018,20,2
C00412304,2282018.0,25,2018,28,2
C00412304,2212018.0,200,2018,21,2
C00412304,2082018.0,50,2018,08,2
C00412304,2122018.0,25,2018,12,2
C00412304,2272018.0,25,2018,27,2
C00412304,2032018.0,7,2018,03,2
C00412304,2142018.0,3,2018,14,2
C00412304,2022018.0,200,2018,02,2
C00412304,2142018.0,200,2018,14,2
C00412304,2162018.0,500,2018,16,2
C00412304,2042018.0,250,2018,04,2
C00412304,2282018.0,200,2018,28,2
C00412304,2252018.0,250,2018,25,2
C00412304,2222018.0,50,2018,22,2
C00412304,2242018.0,50,2018,24,2
C00412304,2142018.0,10,2018,14,2
C00412304,2022018.0,50,2018,02,2
C00412304,2232018.0,25,2018,23,2
C00412304,2042018.0,150,2018,04,2
C00412304,2282018.0,20,2018,28,2
C00412304,2222018.0,10,2018,22,2
C00412304,2202018.0,250,2018,20,2
C00412304,2282018.0,25,2018,28,2
C00412304,2262018.0,15,2018,26,2
C00412304,2282018.0,50,2018,28,2
C00412304,2202018.0,2700,2018,20,2
C00412304,2132018.0,50,2018,13,2
C00412304,2052018.0,500,2018,05,2
C00412304,2142018.0,25,2018,14,2
C00412304,2282018.0,50,2018,28,2
C00412304,2112018.0,25,2018,11,2
C00412304,2202018.0,25,2018,20,2
C00412304,2282018.0,25,2018,28,2
C00412304,2182018.0,500,2018,18,2
C00412304,2272018.0,350,2018,27,2
C00412304,2032018.0,10,2018,03,2
C00412304,2072018.0,5,2018,07,2
C00412304,2022018.0,100,2018,02,2
C00412304,2042018.0,250,2018,04,2
C00412304,2032018.0,5,2018,03,2
C00412304,2172018.0,2000,2018,17,2
C00412304,2282018.0,50,2018,28,2
C00412304,2152018.0,500,2018,15,2
C00412304,2042018.0,100,2018,04,2
C00412304,2282018.0,25,2018,28,2
C00412304,2212018.0,1000,2018,21,2
C00412304,2282018.0,500,2018,28,2
C00412304,2282018.0,25,2018,28,2
C00412304,2282018.0,5,2018,28,2
C00412304,2282018.0,5,2018,28,2
C00412304,2102018.0,25,2018,10,2
C00412304,2032018.0,50,2018,03,2
C00412304,2022018.0,200,2018,02,2
C00412304,2212018.0,500,2018,21,2
C00412304,2222018.0,250,2018,22,2
C00412304,2152018.0,900,2018,15,2
C00412304,2282018.0,100,2018,28,2
C00412304,2232018.0,5,2018,23,2
C00412304,2212018.0,10,2018,21,2
C00412304,2282018.0,25,2018,28,2
C00412304,2082018.0,25,2018,08,2
C00412304,2252018.0,100,2018,25,2
C00412304,2162018.0,25,2018,16,2
C00412304,2282018.0,50,2018,28,2
C00412304,2122018.0,250,2018,12,2
C00412304,2022018.0,50,2018,02,2
C00412304,2042018.0,250,2018,04,2
C00412304,2162018.0,600,2018,16,2
C00412304,2282018.0,25,2018,28,2
C00412304,2282018.0,25,2018,28,2
C00412304,2192018.0,200,2018,19,2
C00412304,2282018.0,100,2018,28,2
C00412304,2282018.0,25,2018,28,2
C00412304,2152018.0,2700,2018,15,2
C00412304,2282018.0,25,2018,28,2
C00412304,2202018.0,100,2018,20,2
C00412304,2242018.0,100,2018,24,2
C00412304,2282018.0,1000,2018,28,2
C00412304,2132018.0,11,2018,13,2
C00412304,2052018.0,25,2018,05,2
C00412304,2132018.0,125,2018,13,2
C00412304,2182018.0,50,2018,18,2
C00412304,2082018.0,25,2018,08,2
C00412304,2252018.0,5,2018,25,2
C00412304,2042018.0,10,2018,04,2
C00412304,2062018.0,2700,2018,06,2
C00412304,2062018.0,2700,2018,06,2
C00412304,2062018.0,2700,2018,06,2
C00412304,2062018.0,2700,2018,06,2
C00412304,2282018.0,1000,2018,28,2
C00412304,2212018.0,2700,2018,21,2
C00412304,2212018.0,2700,2018,21,2
C00412304,2092018.0,100,2018,09,2
C00412304,2222018.0,1050,2018,22,2
C00412304,2222018.0,1650,2018,22,2
C00412304,2272018.0,50,2018,27,2
C00412304,2072018.0,10,2018,07,2
C00412304,2122018.0,10,2018,12,2
C00412304,2282018.0,50,2018,28,2
C00412304,2052018.0,5,2018,05,2
C00412304,2222018.0,25,2018,22,2
C00412304,2282018.0,25,2018,28,2
C00412304,2032018.0,10,2018,03,2
C00412304,2012018.0,5,2018,01,2
C00412304,2202018.0,10,2018,20,2
C00412304,2122018.0,250,2018,12,2
C00412304,2232018.0,5,2018,23,2
C00412304,2282018.0,5,2018,28,2
C00412304,2282018.0,10,2018,28,2
C00412304,2112018.0,25,2018,11,2
C00412304,2222018.0,250,2018,22,2
C00412304,2182018.0,150,2018,18,2
C00412304,2282018.0,100,2018,28,2
C00412304,2282018.0,250,2018,28,2
C00412304,2162018.0,25,2018,16,2
C00412304,2282018.0,25,2018,28,2
C00412304,2182018.0,100,2018,18,2
C00412304,2242018.0,17000,2018,24,2
C00412304,2242018.0,1000,2018,24,2
C00412304,2252018.0,250,2018,25,2
C00412304,2272018.0,25,2018,27,2
C00412304,2022018.0,350,2018,02,2
C00412304,2152018.0,500,2018,15,2
C00412304,2142018.0,2300,2018,14,2
C00412304,2222018.0,25,2018,22,2
C00412304,2042018.0,100,2018,04,2
C00412304,2072018.0,25,2018,07,2
C00412304,2252018.0,100,2018,25,2
C00412304,2172018.0,100,2018,17,2
C00412304,2032018.0,50,2018,03,2
C00412304,2032018.0,25,2018,03,2
C00412304,2122018.0,1000,2018,12,2
C00412304,2122018.0,50,2018,12,2
C00412304,2092018.0,100,2018,09,2
C00412304,2072018.0,10,2018,07,2
C00412304,2202018.0,1000,2018,20,2
C00412304,2072018.0,50,2018,07,2
C00412304,2242018.0,50,2018,24,2
C00412304,2232018.0,1000,2018,23,2
C00412304,2262018.0,25,2018,26,2
C00412304,2232018.0,25,2018,23,2
C00412304,2062018.0,34,2018,06,2
C00412304,2202018.0,10,2018,20,2
C00412304,2282018.0,10,2018,28,2
C00412304,2282018.0,25,2018,28,2
C00412304,2162018.0,25,2018,16,2
C00412304,2192018.0,100,2018,19,2
C00412304,2162018.0,10,2018,16,2
C00412304,2022018.0,100,2018,02,2
C00412304,2072018.0,50,2018,07,2
C00412304,2282018.0,25,2018,28,2
C00412304,2062018.0,5,2018,06,2
C00412304,2072018.0,5,2018,07,2
C00412304,2012018.0,-50,2018,01,2
C00412304,2012018.0,50,2018,01,2
C00412304,2042018.0,15,2018,04,2
C00412304,2252018.0,5,2018,25,2
C00412304,2282018.0,10,2018,28,2
C00412304,2282018.0,5,2018,28,2
C00412304,2202018.0,1000,2018,20,2
C00412304,2042018.0,500,2018,04,2
C00412304,2272018.0,10,2018,27,2
C00412304,2282018.0,25,2018,28,2
C00412304,2052018.0,25,2018,05,2
C00412304,2282018.0,100,2018,28,2
C00412304,2262018.0,100,2018,26,2
C00412304,2042018.0,100,2018,04,2
C00412304,2042018.0,100,2018,04,2
C00412304,2162018.0,225,2018,16,2
C00412304,2062018.0,200,2018,06,2
C00412304,2082018.0,10,2018,08,2
C00412304,2172018.0,10,2018,17,2
C00412304,2132018.0,100,2018,13,2
C00412304,2282018.0,25,2018,28,2
C00412304,2082018.0,25,2018,08,2
C00412304,2092018.0,10,2018,09,2
C00412304,2162018.0,25,2018,16,2
C00412304,2202018.0,5,2018,20,2
C00412304,2222018.0,5,2018,22,2
C00412304,2282018.0,5,2018,28,2
C00412304,2262018.0,10,2018,26,2
C00412304,2262018.0,5,2018,26,2
C00412304,2082018.0,100,2018,08,2
C00412304,2282018.0,1000,2018,28,2
C00412304,2142018.0,100,2018,14,2
C00412304,2282018.0,50,2018,28,2
C00412304,2282018.0,5,2018,28,2
C00412304,2282018.0,500,2018,28,2
C00412304,2082018.0,25,2018,08,2
C00412304,2222018.0,25,2018,22,2
C00412304,2262018.0,25,2018,26,2
C00412304,2122018.0,100,2018,12,2
C00412304,2082018.0,25,2018,08,2
C00412304,2282018.0,250,2018,28,2
C00412304,2112018.0,50,2018,11,2
C00412304,2202018.0,100,2018,20,2
C00412304,2052018.0,150,2018,05,2
C00412304,2132018.0,2200,2018,13,2
C00412304,2022018.0,650,2018,02,2
C00412304,2162018.0,10,2018,16,2
C00412304,2282018.0,25,2018,28,2
C00412304,2072018.0,25,2018,07,2
C00412304,2252018.0,500,2018,25,2
C00412304,2132018.0,25,2018,13,2
C00412304,2102018.0,25,2018,10,2
C00412304,2092018.0,25,2018,09,2
C00412304,2172018.0,25,2018,17,2
C00412304,2122018.0,25,2018,12,2
C00412304,2042018.0,500,2018,04,2
C00412304,2112018.0,25,2018,11,2
C00412304,2282018.0,25,2018,28,2
C00412304,2172018.0,1000,2018,17,2
C00412304,2252018.0,25,2018,25,2
C00412304,2252018.0,10,2018,25,2
C00412304,2202018.0,5,2018,20,2
C00412304,2162018.0,300,2018,16,2
C00412304,2282018.0,1000,2018,28,2
C00412304,2262018.0,1000,2018,26,2
C00412304,2102018.0,10,2018,10,2
C00412304,2152018.0,25,2018,15,2
C00412304,2252018.0,5,2018,25,2
C00412304,2272018.0,10,2018,27,2
C00412304,2282018.0,10,2018,28,2
C00412304,2282018.0,10,2018,28,2
C00412304,2202018.0,10,2018,20,2
C00412304,2272018.0,33,2018,27,2
C00412304,2282018.0,10,2018,28,2
C00412304,2282018.0,50,2018,28,2
C00412304,2252018.0,100,2018,25,2
C00412304,2062018.0,1000,2018,06,2
C00412304,2152018.0,1000,2018,15,2
C00412304,2262018.0,15,2018,26,2
C00412304,2222018.0,100,2018,22,2
C00412304,2212018.0,250,2018,21,2
C00412304,2062018.0,25,2018,06,2
C00412304,2192018.0,5,2018,19,2
C00412304,2172018.0,10,2018,17,2
C00412304,2082018.0,15,2018,08,2
C00412304,2222018.0,200,2018,22,2
C00412304,2062018.0,25,2018,06,2
C00412304,2272018.0,2700,2018,27,2
C00412304,2272018.0,2700,2018,27,2
C00412304,2282018.0,200,2018,28,2
C00412304,2022018.0,300,2018,02,2
C00412304,2142018.0,44,2018,14,2
C00412304,2202018.0,44,2018,20,2
C00412304,2192018.0,44,2018,19,2
C00412304,2242018.0,44,2018,24,2
C00412304,2262018.0,44,2018,26,2
C00412304,2052018.0,25,2018,05,2
C00412304,2042018.0,25,2018,04,2
C00412304,2252018.0,100,2018,25,2
C00412304,2282018.0,25,2018,28,2
C00412304,2252018.0,100,2018,25,2
C00412304,2142018.0,12,2018,14,2
C00412304,2212018.0,20,2018,21,2
C00412304,2282018.0,25,2018,28,2
C00412304,2212018.0,50,2018,21,2
C00412304,2012018.0,25,2018,01,2
C00412304,2072018.0,25,2018,07,2
C00412304,2252018.0,10,2018,25,2
C00412304,2242018.0,700,2018,24,2
C00412304,2042018.0,100,2018,04,2
C00412304,2252018.0,25,2018,25,2
C00412304,2242018.0,10,2018,24,2
C00412304,2052018.0,25,2018,05,2
C00412304,2072018.0,25,2018,07,2
C00412304,2282018.0,25,2018,28,2
C00412304,2162018.0,250,2018,16,2
C00412304,2182018.0,1000,2018,18,2
C00412304,2212018.0,10,2018,21,2
C00412304,2272018.0,200,2018,27,2
C00412304,2132018.0,25,2018,13,2
C00412304,2282018.0,25,2018,28,2
C00412304,2282018.0,25,2018,28,2
C00412304,2282018.0,25,2018,28,2
C00412304,2232018.0,100,2018,23,2
C00412304,2282018.0,10,2018,28,2
C00412304,2152018.0,65,2018,15,2
C00412304,2272018.0,60,2018,27,2
C00412304,2222018.0,30,2018,22,2
C00412304,2052018.0,5,2018,05,2
C00412304,2102018.0,250,2018,10,2
C00412304,2222018.0,100,2018,22,2
C00412304,2282018.0,1200,2018,28,2
C00412304,2052018.0,250,2018,05,2
C00412304,2282018.0,25,2018,28,2
C00412304,2122018.0,100,2018,12,2
C00412304,2252018.0,25,2018,25,2
C00412304,2162018.0,25,2018,16,2
C00412304,2162018.0,300,2018,16,2
C00412304,2132018.0,25,2018,13,2
C00412304,2062018.0,25,2018,06,2
C00412304,2112018.0,25,2018,11,2
C00412304,2122018.0,100,2018,12,2
C00412304,2012018.0,25,2018,01,2
C00412304,2112018.0,10,2018,11,2
C00412304,2282018.0,25,2018,28,2
C00412304,2122018.0,150,2018,12,2
C00412304,2212018.0,2700,2018,21,2
C00412304,2212018.0,2700,2018,21,2
C00412304,2212018.0,25,2018,21,2
C00412304,2112018.0,100,2018,11,2
C00412304,2062018.0,25,2018,06,2
C00412304,2202018.0,10,2018,20,2
C00412304,2082018.0,10,2018,08,2
C00412304,2252018.0,50,2018,25,2
C00412304,2282018.0,25,2018,28,2
C00412304,2152018.0,5,2018,15,2
C00412304,2192018.0,10,2018,19,2
C00412304,2202018.0,10,2018,20,2
C00412304,2232018.0,2700,2018,23,2
C00412304,2202018.0,5,2018,20,2
C00412304,2162018.0,50,2018,16,2
C00412304,2212018.0,250,2018,21,2
C00412304,2152018.0,100,2018,15,2
C00412304,2132018.0,100,2018,13,2
C00412304,2132018.0,50,2018,13,2
C00412304,2052018.0,250,2018,05,2
C00412304,2282018.0,5,2018,28,2
C00412304,2282018.0,2700,2018,28,2
C00412304,2282018.0,25,2018,28,2
C00412304,2142018.0,60,2018,14,2
C00412304,2212018.0,25,2018,21,2
C00412304,2252018.0,250,2018,25,2
C00412304,2122018.0,5,2018,12,2
C00412304,2112018.0,1000,2018,11,2
C00412304,2132018.0,5,2018,13,2
C00412304,2132018.0,10,2018,13,2
C00412304,2152018.0,500,2018,15,2
C00412304,2122018.0,150,2018,12,2
C00412304,2152018.0,100,2018,15,2
C00412304,2122018.0,1000,2018,12,2
C00412304,2132018.0,1000,2018,13,2
C00412304,2212018.0,1000,2018,21,2
C00412304,2122018.0,100,2018,12,2
C00412304,2272018.0,25,2018,27,2
C00412304,2282018.0,50,2018,28,2
C00412304,2152018.0,200,2018,15,2
C00412304,2202018.0,10,2018,20,2
C00412304,2052018.0,100,2018,05,2
C00412304,2072018.0,10,2018,07,2
C00412304,2242018.0,5,2018,24,2
C00412304,2272018.0,20,2018,27,2
C00412304,2282018.0,10,2018,28,2
C00412304,2212018.0,1700,2018,21,2
C00412304,2202018.0,1500,2018,20,2
C00412304,2042018.0,50,2018,04,2
C00412304,2282018.0,25,2018,28,2
C00412304,2202018.0,500,2018,20,2
C00412304,2272018.0,1000,2018,27,2
C00412304,2282018.0,10,2018,28,2
C00412304,2252018.0,150,2018,25,2
C00412304,2252018.0,25,2018,25,2
C00412304,2042018.0,100,2018,04,2
C00412304,2132018.0,2700,2018,13,2
C00412304,2042018.0,10,2018,04,2
C00412304,2042018.0,10,2018,04,2
C00412304,2252018.0,75,2018,25,2
C00412304,2252018.0,81,2018,25,2
C00412304,2232018.0,10,2018,23,2
C00412304,2242018.0,25,2018,24,2
C00412304,2132018.0,50,2018,13,2
C00412304,2122018.0,100,2018,12,2
C00412304,2182018.0,25,2018,18,2
C00412304,2222018.0,25,2018,22,2
C00412304,2252018.0,25,2018,25,2
C00412304,2052018.0,4,2018,05,2
C00412304,2132018.0,250,2018,13,2
C00412304,2012018.0,-50,2018,01,2
C00412304,2242018.0,33,2018,24,2
C00412304,2202018.0,10,2018,20,2
C00412304,2212018.0,1000,2018,21,2
C00412304,2262018.0,25,2018,26,2
C00412304,2152018.0,10,2018,15,2
C00412304,2282018.0,10,2018,28,2
C00412304,2202018.0,100,2018,20,2
C00412304,2282018.0,50,2018,28,2
C00412304,2252018.0,5,2018,25,2
C00412304,2132018.0,2,2018,13,2
C00412304,2202018.0,5,2018,20,2
C00412304,2282018.0,10,2018,28,2
C00412304,2132018.0,100,2018,13,2
C00412304,2272018.0,250,2018,27,2
C00412304,2052018.0,100,2018,05,2
C00412304,2282018.0,10,2018,28,2
C00412304,2262018.0,10,2018,26,2
C00412304,2282018.0,10,2018,28,2
C00412304,2092018.0,25,2018,09,2
C00412304,2232018.0,10,2018,23,2
C00412304,2242018.0,10,2018,24,2
C00412304,2252018.0,5,2018,25,2
C00412304,2272018.0,10,2018,27,2
C00412304,2282018.0,10,2018,28,2
C00412304,2202018.0,50,2018,20,2
C00412304,2282018.0,25,2018,28,2
C00412304,2082018.0,21,2018,08,2
C00412304,2032018.0,25,2018,03,2
C00412304,2032018.0,50,2018,03,2
C00412304,2252018.0,5,2018,25,2
C00412304,2242018.0,5,2018,24,2
C00412304,2272018.0,33,2018,27,2
C00412304,2072018.0,15,2018,07,2
C00412304,2112018.0,5,2018,11,2
C00412304,2162018.0,25,2018,16,2
C00412304,2182018.0,10,2018,18,2
C00412304,2202018.0,10,2018,20,2
C00412304,2242018.0,5,2018,24,2
C00412304,2282018.0,10,2018,28,2
C00412304,2112018.0,25,2018,11,2
C00412304,2132018.0,1500,2018,13,2
C00412304,2102018.0,250,2018,10,2
C00412304,2112018.0,25,2018,11,2
C00412304,2132018.0,1000,2018,13,2
C00412304,2132018.0,200,2018,13,2
C00412304,2102018.0,30,2018,10,2
C00412304,2162018.0,100,2018,16,2
C00412304,2242018.0,100,2018,24,2
C00412304,2172018.0,5,2018,17,2
C00412304,2122018.0,5,2018,12,2
C00412304,2212018.0,5,2018,21,2
C00412304,2212018.0,5,2018,21,2
C00412304,2082018.0,10,2018,08,2
C00412304,2132018.0,7,2018,13,2
C00412304,2172018.0,10,2018,17,2
C00412304,2262018.0,10,2018,26,2
C00412304,2282018.0,10,2018,28,2
C00412304,2032018.0,50,2018,03,2
C00412304,2062018.0,100,2018,06,2
C00412304,2032018.0,40,2018,03,2
C00412304,2142018.0,100,2018,14,2
C00412304,2272018.0,25,2018,27,2
C00412304,2062018.0,5,2018,06,2
C00412304,2132018.0,50,2018,13,2
C00412304,2282018.0,100,2018,28,2
C00412304,2282018.0,25,2018,28,2
C00412304,2202018.0,10,2018,20,2
C00412304,2202018.0,2700,2018,20,2
C00412304,2112018.0,10,2018,11,2
C00412304,2282018.0,1000,2018,28,2
C00412304,2052018.0,500,2018,05,2
C00412304,2252018.0,50,2018,25,2
C00412304,2282018.0,10,2018,28,2
C00412304,2272018.0,100,2018,27,2
C00412304,2262018.0,200,2018,26,2
C00412304,2022018.0,25,2018,02,2
C00412304,2172018.0,25,2018,17,2
C00412304,2282018.0,10,2018,28,2
C00412304,2042018.0,300,2018,04,2
C00412304,2112018.0,50,2018,11,2
C00412304,2202018.0,25,2018,20,2
C00412304,2282018.0,100,2018,28,2
C00412304,2242018.0,25,2018,24,2
C00412304,2282018.0,150,2018,28,2
C00412304,2032018.0,10,2018,03,2
C00412304,2162018.0,25,2018,16,2
C00412304,2112018.0,10,2018,11,2
C00412304,2092018.0,5,2018,09,2
C00412304,2232018.0,5,2018,23,2
C00412304,2212018.0,10,2018,21,2
C00412304,2032018.0,25,2018,03,2
C00412304,2072018.0,10,2018,07,2
C00412304,2112018.0,100,2018,11,2
C00412304,2202018.0,250,2018,20,2
C00412304,2212018.0,250,2018,21,2
C00412304,2282018.0,200,2018,28,2
C00412304,2162018.0,100,2018,16,2
C00412304,2162018.0,250,2018,16,2
C00412304,2052018.0,10,2018,05,2
C00412304,2082018.0,5,2018,08,2
C00412304,2142018.0,200,2018,14,2
C00412304,2162018.0,1000,2018,16,2
C00412304,2142018.0,800,2018,14,2
C00412304,2272018.0,10,2018,27,2
C00412304,2052018.0,25,2018,05,2
C00412304,2122018.0,250,2018,12,2
C00412304,2072018.0,7,2018,07,2
C00412304,2202018.0,11,2018,20,2
C00412304,2162018.0,1000,2018,16,2
C00412304,2202018.0,25,2018,20,2
C00412304,2272018.0,25,2018,27,2
C00412304,2122018.0,250,2018,12,2
C00412304,2122018.0,10,2018,12,2
C00412304,2282018.0,25,2018,28,2
C00412304,2032018.0,100,2018,03,2
C00412304,2012018.0,2700,2018,01,2
C00412304,2062018.0,25,2018,06,2
C00412304,2182018.0,10,2018,18,2
C00412304,2152018.0,1000,2018,15,2
C00412304,2142018.0,100,2018,14,2
C00412304,2202018.0,10,2018,20,2
C00412304,2282018.0,25,2018,28,2
C00412304,2282018.0,25,2018,28,2
C00412304,2042018.0,250,2018,04,2
C00412304,2272018.0,50,2018,27,2
C00412304,2042018.0,150,2018,04,2
C00412304,2062018.0,2700,2018,06,2
C00412304,2062018.0,2700,2018,06,2
C00412304,2062018.0,2700,2018,06,2
C00412304,2062018.0,2700,2018,06,2
C00412304,2202018.0,500,2018,20,2
C00412304,2132018.0,2700,2018,13,2
C00412304,2132018.0,-200,2018,13,2
C00412304,2132018.0,200,2018,13,2
C00412304,2032018.0,25,2018,03,2
C00412304,2142018.0,250,2018,14,2
C00412304,2042018.0,50,2018,04,2
C00412304,2282018.0,250,2018,28,2
C00412304,2042018.0,300,2018,04,2
C00412304,2282018.0,25,2018,28,2
C00412304,2162018.0,1000,2018,16,2
C00412304,2222018.0,500,2018,22,2
C00412304,2282018.0,25,2018,28,2
C00412304,2042018.0,200,2018,04,2
C00412304,2042018.0,100,2018,04,2
C00412304,2072018.0,1000,2018,07,2
C00412304,2212018.0,2700,2018,21,2
C00412304,2282018.0,500,2018,28,2
C00412304,2202018.0,25,2018,20,2
C00412304,2252018.0,5,2018,25,2
C00412304,2132018.0,25,2018,13,2
C00412304,2252018.0,5,2018,25,2
C00412304,2282018.0,25,2018,28,2
C00412304,2282018.0,25,2018,28,2
C00412304,2222018.0,75,2018,22,2
C00412304,2112018.0,50,2018,11,2
C00412304,2162018.0,250,2018,16,2
C00412304,2182018.0,1000,2018,18,2
C00412304,2162018.0,10,2018,16,2
C00412304,2282018.0,25,2018,28,2
C00412304,2232018.0,200,2018,23,2
C00412304,2032018.0,200,2018,03,2
C00412304,2142018.0,1000,2018,14,2
C00412304,2282018.0,25,2018,28,2
C00412304,2052018.0,10,2018,05,2
C00412304,2282018.0,5,2018,28,2
C00412304,2282018.0,100,2018,28,2
C00412304,2282018.0,10,2018,28,2
C00412304,2282018.0,25,2018,28,2
C00412304,2062018.0,2500,2018,06,2
C00412304,2252018.0,100,2018,25,2
C00412304,2252018.0,25,2018,25,2
C00412304,2052018.0,100,2018,05,2
C00412304,2132018.0,1000,2018,13,2
C00412304,2052018.0,100,2018,05,2
C00412304,2072018.0,5,2018,07,2
C00412304,2222018.0,1,2018,22,2
C00412304,2242018.0,5,2018,24,2
C00412304,2052018.0,25,2018,05,2
C00412304,2282018.0,2700,2018,28,2
C00412304,2112018.0,50,2018,11,2
C00412304,2072018.0,10,2018,07,2
C00412304,2162018.0,250,2018,16,2
C00412304,2222018.0,50,2018,22,2
C00412304,2242018.0,50,2018,24,2
C00412304,2102018.0,25,2018,10,2
C00412304,2122018.0,500,2018,12,2
C00412304,2202018.0,25,2018,20,2
C00412304,2202018.0,25,2018,20,2
C00412304,2212018.0,2700,2018,21,2
C00412304,2202018.0,500,2018,20,2
C00412304,2052018.0,25,2018,05,2
C00412304,2282018.0,100,2018,28,2
C00412304,2052018.0,5,2018,05,2
C00412304,2012018.0,50,2018,01,2
C00412304,2042018.0,15,2018,04,2
C00412304,2142018.0,400,2018,14,2
C00412304,2272018.0,100,2018,27,2
C00412304,2152018.0,500,2018,15,2
C00412304,2072018.0,100,2018,07,2
C00412304,2112018.0,25,2018,11,2
C00412304,2162018.0,250,2018,16,2
C00412304,2042018.0,25,2018,04,2
C00412304,2282018.0,100,2018,28,2
C00412304,2232018.0,1000,2018,23,2
C00412304,2282018.0,10,2018,28,2
C00412304,2222018.0,50,2018,22,2
C00412304,2282018.0,25,2018,28,2
C00412304,2042018.0,5,2018,04,2
C00412304,2122018.0,250,2018,12,2
C00412304,2032018.0,50,2018,03,2
C00412304,2062018.0,1000,2018,06,2
C00412304,2192018.0,25,2018,19,2
C00412304,2162018.0,25,2018,16,2
C00412304,2282018.0,25,2018,28,2
C00412304,2202018.0,25,2018,20,2
C00412304,2072018.0,250,2018,07,2
C00412304,2272018.0,50,2018,27,2
C00412304,2222018.0,100,2018,22,2
C00412304,2282018.0,1200,2018,28,2
C00412304,2202018.0,25,2018,20,2
C00412304,2282018.0,25,2018,28,2
C00412304,2232018.0,2700,2018,23,2
C00412304,2282018.0,100,2018,28,2
C00412304,2222018.0,2,2018,22,2
C00412304,2192018.0,5,2018,19,2
C00412304,2242018.0,10,2018,24,2
C00412304,2222018.0,100,2018,22,2
C00412304,2282018.0,25,2018,28,2
C00412304,2122018.0,10,2018,12,2
C00412304,2232018.0,100,2018,23,2
C00412304,2282018.0,1000,2018,28,2
C00412304,2232018.0,5,2018,23,2
C00412304,2252018.0,8,2018,25,2
C00412304,2042018.0,500,2018,04,2
C00412304,2252018.0,50,2018,25,2
C00412304,2282018.0,25,2018,28,2
C00412304,2282018.0,25,2018,28,2
C00412304,2282018.0,25,2018,28,2
C00412304,2282018.0,25,2018,28,2
C00412304,2142018.0,60,2018,14,2
C00412304,2212018.0,25,2018,21,2
C00412304,2042018.0,25,2018,04,2
C00412304,2282018.0,25,2018,28,2
C00412304,2282018.0,2700,2018,28,2
C00412304,2052018.0,25,2018,05,2
C00412304,2262018.0,50,2018,26,2
C00412304,2202018.0,500,2018,20,2
C00412304,2142018.0,25,2018,14,2
C00412304,2052018.0,150,2018,05,2
C00412304,2092018.0,25,2018,09,2
C00412304,2152018.0,10,2018,15,2
C00412304,2242018.0,10,2018,24,2
C00412304,2202018.0,5,2018,20,2
C00412304,2272018.0,10,2018,27,2
C00412304,2282018.0,10,2018,28,2
C00412304,2102018.0,5,2018,10,2
C00412304,2132018.0,5,2018,13,2
C00412304,2132018.0,10,2018,13,2
C00412304,2172018.0,10,2018,17,2
C00412304,2212018.0,5,2018,21,2
C00412304,2212018.0,5,2018,21,2
C00412304,2082018.0,100,2018,08,2
C00412304,2022018.0,200,2018,02,2
C00412304,2232018.0,500,2018,23,2
C00412304,2122018.0,15,2018,12,2
C00412304,2222018.0,50,2018,22,2
C00412304,2202018.0,1000,2018,20,2
C00412304,2272018.0,50,2018,27,2
C00412304,2202018.0,100,2018,20,2
C00412304,2162018.0,25,2018,16,2
C00412304,2282018.0,10,2018,28,2
C00412304,2032018.0,10,2018,03,2
C00412304,2052018.0,25,2018,05,2
C00412304,2152018.0,50,2018,15,2
C00412304,2272018.0,100,2018,27,2
C00412304,2212018.0,2700,2018,21,2
C00412304,2212018.0,2700,2018,21,2
C00412304,2212018.0,25,2018,21,2
C00412304,2282018.0,50,2018,28,2
C00412304,2082018.0,10,2018,08,2
C00412304,2102018.0,10,2018,10,2
C00412304,2232018.0,10,2018,23,2
C00412304,2242018.0,100,2018,24,2
C00412304,2042018.0,100,2018,04,2
C00412304,2282018.0,10,2018,28,2
C00412304,2192018.0,50,2018,19,2
C00412304,2252018.0,100,2018,25,2
C00412304,2282018.0,1000,2018,28,2
C00412304,2192018.0,200,2018,19,2
C00412304,2282018.0,50,2018,28,2
C00412304,2152018.0,67,2018,15,2
C00412304,2282018.0,12,2018,28,2
C00412304,2262018.0,10,2018,26,2
C00412304,2092018.0,250,2018,09,2
C00412304,2142018.0,200,2018,14,2
C00412304,2012018.0,50,2018,01,2
C00412304,2072018.0,25,2018,07,2
C00412304,2172018.0,25,2018,17,2
C00412304,2222018.0,900,2018,22,2
C00412304,2202018.0,500,2018,20,2
C00412304,2222018.0,1000,2018,22,2
C00412304,2142018.0,100,2018,14,2
C00412304,2212018.0,200,2018,21,2
C00412304,2042018.0,250,2018,04,2
C00412304,2062018.0,25,2018,06,2
C00412304,2202018.0,10,2018,20,2
C00412304,2062018.0,25,2018,06,2
C00412304,2112018.0,100,2018,11,2
C00412304,2132018.0,200,2018,13,2
C00412304,2282018.0,200,2018,28,2
C00412304,2132018.0,800,2018,13,2
C00412304,2262018.0,1000,2018,26,2
C00412304,2282018.0,2700,2018,28,2
C00412304,2092018.0,25,2018,09,2
C00412304,2142018.0,10,2018,14,2
C00412304,2202018.0,10,2018,20,2
C00412304,2052018.0,100,2018,05,2
C00412304,2052018.0,50,2018,05,2
C00412304,2282018.0,50,2018,28,2
C00412304,2122018.0,2700,2018,12,2
C00412304,2122018.0,2700,2018,12,2
C00412304,2052018.0,10,2018,05,2
C00412304,2122018.0,10,2018,12,2
C00412304,2082018.0,250,2018,08,2
C00412304,2142018.0,100,2018,14,2
C00412304,2042018.0,150,2018,04,2
C00412304,2112018.0,1700,2018,11,2
C00412304,2112018.0,300,2018,11,2
C00412304,2252018.0,100,2018,25,2
C00412304,2282018.0,25,2018,28,2
C00412304,2162018.0,25,2018,16,2
C00412304,2192018.0,100,2018,19,2
C00412304,2152018.0,100,2018,15,2
C00412304,2142018.0,25,2018,14,2
C00412304,2282018.0,25,2018,28,2
C00412304,2122018.0,150,2018,12,2
C00412304,2272018.0,60,2018,27,2
C00412304,2212018.0,1000,2018,21,2
C00412304,2062018.0,400,2018,06,2
C00412304,2162018.0,1000,2018,16,2
C00412304,2202018.0,25,2018,20,2
C00412304,2052018.0,50,2018,05,2
C00412304,2212018.0,2700,2018,21,2
C00412304,2152018.0,5,2018,15,2
C00412304,2222018.0,250,2018,22,2
C00412304,2182018.0,50,2018,18,2
C00412304,2202018.0,25,2018,20,2
C00412304,2272018.0,250,2018,27,2
C00412304,2252018.0,100,2018,25,2
C00412304,2212018.0,25,2018,21,2
C00412304,2192018.0,1000,2018,19,2
C00412304,2212018.0,1000,2018,21,2
C00412304,2282018.0,500,2018,28,2
C00412304,2012018.0,1950,2018,01,2
C00412304,2042018.0,100,2018,04,2
C00412304,2262018.0,10,2018,26,2
C00412304,2272018.0,37,2018,27,2
C00412304,2202018.0,250,2018,20,2
C00412304,2032018.0,25,2018,03,2
C00412304,2102018.0,50,2018,10,2
C00412304,2122018.0,500,2018,12,2
C00412304,2182018.0,500,2018,18,2
C00412304,2272018.0,1100,2018,27,2
C00412304,2092018.0,100,2018,09,2
C00412304,2132018.0,100,2018,13,2
C00412304,2262018.0,100,2018,26,2
C00412304,2152018.0,25,2018,15,2
C00412304,2072018.0,10,2018,07,2
C00412304,2242018.0,5,2018,24,2
C00412304,2032018.0,10,2018,03,2
C00412304,2232018.0,25,2018,23,2
C00412304,2282018.0,200,2018,28,2
C00412304,2062018.0,34,2018,06,2
C00412304,2222018.0,25,2018,22,2
C00412304,2072018.0,25,2018,07,2
C00412304,2202018.0,2700,2018,20,2
C00412304,2212018.0,1000,2018,21,2
C00412304,2122018.0,100,2018,12,2
C00412304,2102018.0,25,2018,10,2
C00412304,2252018.0,50,2018,25,2
C00412304,2012018.0,50,2018,01,2
C00412304,2132018.0,5,2018,13,2
C00412304,2202018.0,5,2018,20,2
C00412304,2212018.0,2700,2018,21,2
C00412304,2282018.0,10,2018,28,2
C00412304,2162018.0,10,2018,16,2
C00412304,2162018.0,200,2018,16,2
C00412304,2012018.0,25,2018,01,2
C00412304,2112018.0,10,2018,11,2
C00412304,2072018.0,25,2018,07,2
C00412304,2162018.0,1000,2018,16,2
C00412304,2052018.0,250,2018,05,2
C00412304,2142018.0,200,2018,14,2
C00412304,2142018.0,2300,2018,14,2
C00412304,2222018.0,25,2018,22,2
C00412304,2082018.0,250,2018,08,2
C00412304,2122018.0,25,2018,12,2
C00412304,2152018.0,250,2018,15,2
C00412304,2282018.0,200,2018,28,2
C00412304,2212018.0,5,2018,21,2
C00412304,2222018.0,25,2018,22,2
C00412304,2252018.0,25,2018,25,2
C00412304,2282018.0,25,2018,28,2
C00412304,2142018.0,500,2018,14,2
C00412304,2152018.0,2700,2018,15,2
C00412304,2282018.0,1000,2018,28,2
C00412304,2282018.0,50,2018,28,2
C00412304,2152018.0,500,2018,15,2
C00412304,2202018.0,50,2018,20,2
C00412304,2282018.0,25,2018,28,2
C00412304,2122018.0,100,2018,12,2
C00412304,2122018.0,500,2018,12,2
C00412304,2282018.0,1000,2018,28,2
C00412304,2282018.0,10,2018,28,2
C00412304,2282018.0,100,2018,28,2
C00412304,2222018.0,100,2018,22,2
C00412304,2122018.0,50,2018,12,2
C00412304,2282018.0,100,2018,28,2
C00412304,2082018.0,25,2018,08,2
C00412304,2042018.0,10,2018,04,2
C00412304,2282018.0,50,2018,28,2
C00412304,2282018.0,50,2018,28,2
C00412304,2282018.0,50,2018,28,2
C00412304,2222018.0,5,2018,22,2
C00412304,2202018.0,100,2018,20,2
C00412304,2282018.0,10,2018,28,2
C00412304,2092018.0,25,2018,09,2
C00412304,2252018.0,5,2018,25,2
C00412304,2232018.0,25,2018,23,2
C00412304,2222018.0,100,2018,22,2
C00412304,2262018.0,1000,2018,26,2
C00412304,2172018.0,25,2018,17,2
C00412304,2022018.0,300,2018,02,2
C00412304,2252018.0,25,2018,25,2
C00412304,2242018.0,10,2018,24,2
C00412304,2282018.0,5,2018,28,2
C00412304,2272018.0,10,2018,27,2
C00412304,2272018.0,33,2018,27,2
C00412304,2282018.0,10,2018,28,2
C00412304,2172018.0,5,2018,17,2
C00412304,2252018.0,10,2018,25,2
C00412304,2112018.0,25,2018,11,2
C00412304,2202018.0,2700,2018,20,2
C00412304,2192018.0,25,2018,19,2
C00412304,2012018.0,500,2018,01,2
C00412304,2282018.0,12,2018,28,2
C00412304,2072018.0,5,2018,07,2
C00412304,2052018.0,100,2018,05,2
C00412304,2062018.0,5,2018,06,2
C00412304,2182018.0,5,2018,18,2
C00412304,2032018.0,25,2018,03,2
C00412304,2052018.0,25,2018,05,2
C00412304,2042018.0,25,2018,04,2
C00412304,2282018.0,5,2018,28,2
C00412304,2252018.0,5,2018,25,2
C00412304,2222018.0,200,2018,22,2
C00412304,2252018.0,100,2018,25,2
C00412304,2122018.0,200,2018,12,2
C00412304,2272018.0,100,2018,27,2
C00412304,2272018.0,250,2018,27,2
C00412304,2172018.0,5,2018,17,2
C00412304,2042018.0,5,2018,04,2
C00412304,2132018.0,300,2018,13,2
C00412304,2142018.0,250,2018,14,2
C00412304,2052018.0,100,2018,05,2
C00412304,2262018.0,1000,2018,26,2
C00412304,2282018.0,25,2018,28,2
C00412304,2172018.0,25,2018,17,2
C00412304,2132018.0,50,2018,13,2
C00412304,2282018.0,50,2018,28,2
C00412304,2202018.0,2700,2018,20,2
C00412304,2282018.0,100,2018,28,2
C00412304,2132018.0,1000,2018,13,2
C00412304,2042018.0,100,2018,04,2
C00412304,2042018.0,100,2018,04,2
C00412304,2042018.0,100,2018,04,2
C00412304,2042018.0,100,2018,04,2
C00412304,2042018.0,100,2018,04,2
C00412304,2042018.0,100,2018,04,2
C00412304,2132018.0,2500,2018,13,2
C00412304,2182018.0,25,2018,18,2
C00412304,2182018.0,10,2018,18,2
C00412304,2182018.0,5,2018,18,2
C00412304,2132018.0,80,2018,13,2
C00412304,2112018.0,100,2018,11,2
C00412304,2112018.0,100,2018,11,2
C00412304,2042018.0,9,2018,04,2
C00412304,2182018.0,335,2018,18,2
C00412304,2252018.0,75,2018,25,2
C00412304,2252018.0,81,2018,25,2
C00412304,2252018.0,150,2018,25,2
C00412304,2182018.0,1700,2018,18,2
C00412304,2042018.0,500,2018,04,2
C00412304,2042018.0,100,2018,04,2
C00412304,2132018.0,2700,2018,13,2
C00412304,2042018.0,10,2018,04,2
C00412304,2042018.0,10,2018,04,2
C00412304,2262018.0,1350,2018,26,2
C00412304,2282018.0,100,2018,28,2
C00412304,2132018.0,1000,2018,13,2
C00412304,2252018.0,25,2018,25,2
C00412304,2132018.0,2500,2018,13,2
C00412304,2182018.0,25,2018,18,2
C00412304,2182018.0,10,2018,18,2
C00412304,2182018.0,5,2018,18,2
C00412304,2132018.0,80,2018,13,2
C00412304,2262018.0,1350,2018,26,2
C00412304,2112018.0,100,2018,11,2
C00412304,2112018.0,100,2018,11,2
C00412304,2042018.0,9,2018,04,2
C00412304,2182018.0,335,2018,18,2
C00412304,2182018.0,1700,2018,18,2
C00412304,2042018.0,500,2018,04,2
C00412304,2042018.0,50,2018,04,2
C00412304,2032018.0,25,2018,03,2
C00412304,2072018.0,25,2018,07,2
C00412304,2082018.0,25,2018,08,2
C00412304,2282018.0,200,2018,28,2
C00412304,2222018.0,50,2018,22,2
C00412304,2282018.0,20,2018,28,2
C00412304,2282018.0,50,2018,28,2
C00412304,2042018.0,100,2018,04,2
C00412304,2242018.0,50,2018,24,2
C00412304,2152018.0,2700,2018,15,2
C00412304,2152018.0,2700,2018,15,2
C00412304,2202018.0,100,2018,20,2
C00412304,2222018.0,100,2018,22,2
C00412304,2162018.0,500,2018,16,2
C00412304,2272018.0,1000,2018,27,2
C00412304,2162018.0,500,2018,16,2
C00412304,2222018.0,100,2018,22,2
C00412304,2282018.0,10,2018,28,2
C00412304,2202018.0,100,2018,20,2
C00412304,2052018.0,150,2018,05,2
C00412304,2152018.0,5,2018,15,2
C00412304,2192018.0,10,2018,19,2
C00412304,2202018.0,10,2018,20,2
C00412304,2062018.0,100,2018,06,2
C00412304,2022018.0,10,2018,02,2
C00412304,2092018.0,50,2018,09,2
C00412304,2182018.0,100,2018,18,2
C00412304,2282018.0,17,2018,28,2
C00412304,2052018.0,1000,2018,05,2
C00412304,2022018.0,25,2018,02,2
C00412304,2282018.0,500,2018,28,2
C00412304,2042018.0,1000,2018,04,2
C00412304,2282018.0,50,2018,28,2
C00412304,2122018.0,250,2018,12,2
C00412304,2022018.0,50,2018,02,2
C00412304,2042018.0,250,2018,04,2
C00412304,2122018.0,10,2018,12,2
C00412304,2092018.0,5,2018,09,2
C00412304,2092018.0,25,2018,09,2
C00412304,2212018.0,50,2018,21,2
C00412304,2122018.0,200,2018,12,2
C00412304,2202018.0,250,2018,20,2
C00412304,2222018.0,35,2018,22,2
C00412304,2272018.0,33,2018,27,2
C00412304,2052018.0,250,2018,05,2
C00412304,2282018.0,15,2018,28,2
C00412304,2282018.0,500,2018,28,2
C00412304,2162018.0,10,2018,16,2
C00412304,2202018.0,25,2018,20,2
C00412304,2232018.0,25,2018,23,2
C00412304,2042018.0,100,2018,04,2
C00412304,2242018.0,50,2018,24,2
C00412304,2252018.0,100,2018,25,2
C00412304,2212018.0,10,2018,21,2
C00412304,2132018.0,5,2018,13,2
C00412304,2212018.0,5,2018,21,2
C00412304,2282018.0,25,2018,28,2
C00412304,2142018.0,100,2018,14,2
C00412304,2062018.0,25,2018,06,2
C00412304,2252018.0,10,2018,25,2
C00412304,2282018.0,5,2018,28,2
C00412304,2172018.0,10,2018,17,2
C00412304,2282018.0,25,2018,28,2
C00412304,2282018.0,50,2018,28,2
C00412304,2282018.0,100,2018,28,2
C00412304,2182018.0,5,2018,18,2
C00412304,2182018.0,100,2018,18,2
C00412304,2062018.0,2700,2018,06,2
C00412304,2272018.0,33,2018,27,2
C00412304,2212018.0,2700,2018,21,2
C00412304,2212018.0,2700,2018,21,2
C00412304,2102018.0,25,2018,10,2
C00412304,2252018.0,25,2018,25,2
C00412304,2202018.0,25,2018,20,2
C00412304,2202018.0,5,2018,20,2
C00412304,2212018.0,5,2018,21,2
C00412304,2272018.0,10,2018,27,2
C00412304,2252018.0,800,2018,25,2
C00412304,2252018.0,100,2018,25,2
C00412304,2042018.0,250,2018,04,2
C00412304,2282018.0,50,2018,28,2
C00412304,2082018.0,25,2018,08,2
C00412304,2182018.0,100,2018,18,2
C00412304,2092018.0,25,2018,09,2
C00412304,2162018.0,300,2018,16,2
C00412304,2282018.0,1000,2018,28,2
C00412304,2132018.0,100,2018,13,2
C00412304,2282018.0,200,2018,28,2
C00412304,2042018.0,500,2018,04,2
C00412304,2072018.0,10,2018,07,2
C00412304,2282018.0,25,2018,28,2
C00412304,2282018.0,25,2018,28,2
C00412304,2282018.0,25,2018,28,2
C00412304,2222018.0,1000,2018,22,2
C00412304,2222018.0,250,2018,22,2
C00412304,2022018.0,200,2018,02,2
C00412304,2132018.0,10,2018,13,2
C00412304,2222018.0,50,2018,22,2
C00412304,2282018.0,5,2018,28,2
C00412304,2162018.0,100,2018,16,2
C00412304,2252018.0,25,2018,25,2
C00412304,2072018.0,50,2018,07,2
C00412304,2252018.0,25,2018,25,2
C00412304,2212018.0,20,2018,21,2
C00412304,2142018.0,5,2018,14,2
C00412304,2242018.0,5,2018,24,2
C00412304,2042018.0,25,2018,04,2
C00412304,2122018.0,100,2018,12,2
C00412304,2182018.0,10,2018,18,2
C00412304,2272018.0,10,2018,27,2
C00412304,2252018.0,1000,2018,25,2
C00412304,2112018.0,44,2018,11,2
C00412304,2142018.0,44,2018,14,2
C00412304,2202018.0,44,2018,20,2
C00412304,2242018.0,44,2018,24,2
C00412304,2192018.0,44,2018,19,2
C00412304,2162018.0,10,2018,16,2
C00412304,2282018.0,500,2018,28,2
C00412304,2282018.0,2700,2018,28,2
C00412304,2122018.0,50,2018,12,2
C00412304,2052018.0,50,2018,05,2
C00412304,2162018.0,5,2018,16,2
C00412304,2122018.0,10,2018,12,2
C00412304,2122018.0,10,2018,12,2
C00412304,2202018.0,10,2018,20,2
C00412304,2282018.0,50,2018,28,2
C00412304,2092018.0,50,2018,09,2
C00412304,2282018.0,10,2018,28,2
C00412304,2222018.0,200,2018,22,2
C00412304,2222018.0,500,2018,22,2
C00412304,2182018.0,50,2018,18,2
C00412304,2262018.0,44,2018,26,2
C00412304,2142018.0,50,2018,14,2
C00412304,2232018.0,1000,2018,23,2
C00412304,2282018.0,1000,2018,28,2
C00412304,2092018.0,50,2018,09,2
C00412304,2222018.0,200,2018,22,2
C00412304,2062018.0,25,2018,06,2
C00412304,2122018.0,100,2018,12,2
C00412304,2082018.0,25,2018,08,2
C00412304,2132018.0,25,2018,13,2
C00412304,2152018.0,50,2018,15,2
C00412304,2212018.0,25,2018,21,2
C00412304,2252018.0,25,2018,25,2
C00412304,2242018.0,500,2018,24,2
C00412304,2122018.0,150,2018,12,2
C00412304,2152018.0,100,2018,15,2
C00412304,2212018.0,25,2018,21,2
C00412304,2082018.0,25,2018,08,2
C00412304,2272018.0,10,2018,27,2
C00412304,2142018.0,10,2018,14,2
C00412304,2092018.0,100,2018,09,2
C00412304,2092018.0,15,2018,09,2
C00412304,2022018.0,100,2018,02,2
C00412304,2162018.0,100,2018,16,2
C00412304,2072018.0,10,2018,07,2
C00412304,2102018.0,10,2018,10,2
C00412304,2202018.0,10,2018,20,2
C00412304,2282018.0,90,2018,28,2
C00412304,2282018.0,110,2018,28,2
C00412304,2172018.0,10,2018,17,2
C00412304,2132018.0,8,2018,13,2
C00412304,2052018.0,500,2018,05,2
C00412304,2042018.0,250,2018,04,2
C00412304,2042018.0,250,2018,04,2
C00412304,2282018.0,200,2018,28,2
C00412304,2042018.0,500,2018,04,2
C00412304,2122018.0,150,2018,12,2
C00412304,2252018.0,50,2018,25,2
C00412304,2082018.0,21,2018,08,2
C00412304,2202018.0,10,2018,20,2
C00412304,2202018.0,5,2018,20,2
C00412304,2202018.0,5,2018,20,2
C00412304,2072018.0,25,2018,07,2
C00412304,2282018.0,25,2018,28,2
C00412304,2182018.0,10,2018,18,2
C00412304,2162018.0,200,2018,16,2
C00412304,2282018.0,50,2018,28,2
C00412304,2162018.0,200,2018,16,2
C00412304,2032018.0,50,2018,03,2
C00412304,2152018.0,25,2018,15,2
C00412304,2242018.0,10,2018,24,2
C00412304,2282018.0,10,2018,28,2
C00412304,2262018.0,10,2018,26,2
C00412304,2122018.0,250,2018,12,2
C00412304,2062018.0,1500,2018,06,2
C00412304,2272018.0,25,2018,27,2
C00412304,2282018.0,5,2018,28,2
C00412304,2282018.0,25,2018,28,2
C00412304,2022018.0,500,2018,02,2
C00412304,2282018.0,1700,2018,28,2
C00412304,2052018.0,25,2018,05,2
C00412304,2282018.0,100,2018,28,2
C00412304,2282018.0,100,2018,28,2
C00412304,2052018.0,150,2018,05,2
C00412304,2132018.0,2500,2018,13,2
C00412304,2082018.0,25,2018,08,2
C00412304,2172018.0,25,2018,17,2
C00412304,2232018.0,10,2018,23,2
C00412304,2232018.0,25,2018,23,2
C00412304,2212018.0,25,2018,21,2
C00412304,2172018.0,10,2018,17,2
C00412304,2232018.0,10,2018,23,2
C00412304,2272018.0,10,2018,27,2
C00412304,2282018.0,5,2018,28,2
C00412304,2272018.0,100,2018,27,2
C00412304,2092018.0,100,2018,09,2
C00412304,2282018.0,25,2018,28,2
C00412304,2212018.0,500,2018,21,2
C00412304,2042018.0,200,2018,04,2
C00412304,2122018.0,2000,2018,12,2
C00412304,2132018.0,25,2018,13,2
C00412304,2272018.0,25,2018,27,2
C00412304,2272018.0,220,2018,27,2
C00412304,2012018.0,25,2018,01,2
C00412304,2072018.0,10,2018,07,2
C00412304,2172018.0,10,2018,17,2
C00412304,2282018.0,50,2018,28,2
C00412304,2082018.0,25,2018,08,2
C00412304,2062018.0,25,2018,06,2
C00412304,2252018.0,10,2018,25,2
C00412304,2282018.0,10,2018,28,2
C00412304,2272018.0,10,2018,27,2
C00412304,2152018.0,50,2018,15,2
C00412304,2162018.0,100,2018,16,2
C00412304,2032018.0,15,2018,03,2
C00412304,2132018.0,1000,2018,13,2
C00412304,2282018.0,25,2018,28,2
C00412304,2282018.0,100,2018,28,2
C00412304,2152018.0,1000,2018,15,2
C00412304,2282018.0,50,2018,28,2
C00412304,2192018.0,1000,2018,19,2
C00412304,2212018.0,200,2018,21,2
C00412304,2082018.0,50,2018,08,2
C00412304,2092018.0,5,2018,09,2
C00412304,2152018.0,10,2018,15,2
C00412304,2172018.0,25,2018,17,2
C00412304,2192018.0,5,2018,19,2
C00412304,2282018.0,70,2018,28,2
C00412304,2222018.0,100,2018,22,2
C00412304,2222018.0,100,2018,22,2
C00412304,2022018.0,7,2018,02,2
C00412304,2172018.0,5,2018,17,2
C00412304,2062018.0,25,2018,06,2
C00412304,2122018.0,500,2018,12,2
C00412304,2252018.0,100,2018,25,2
C00412304,2282018.0,50,2018,28,2
C00412304,2112018.0,5,2018,11,2
C00412304,2182018.0,500,2018,18,2
C00412304,2272018.0,20,2018,27,2
C00412304,2282018.0,100,2018,28,2
C00412304,2162018.0,75,2018,16,2
C00412304,2162018.0,25,2018,16,2
C00412304,2202018.0,10,2018,20,2
C00412304,2182018.0,100,2018,18,2
C00412304,2232018.0,1000,2018,23,2
C00412304,2152018.0,5,2018,15,2
C00412304,2222018.0,30,2018,22,2
C00412304,2152018.0,100,2018,15,2
C00412304,2042018.0,100,2018,04,2
C00412304,2162018.0,10,2018,16,2
C00412304,2282018.0,25,2018,28,2
C00412304,2282018.0,25,2018,28,2
C00412304,2072018.0,25,2018,07,2
C00412304,2282018.0,44,2018,28,2
C00412304,2272018.0,44,2018,27,2
C00412304,2092018.0,25,2018,09,2
C00412304,2072018.0,25,2018,07,2
C00412304,2112018.0,25,2018,11,2
C00412304,2132018.0,1,2018,13,2
C00412304,2142018.0,25,2018,14,2
C00412304,2282018.0,10,2018,28,2
C00412304,2032018.0,5,2018,03,2
C00412304,2072018.0,5,2018,07,2
C00412304,2212018.0,25,2018,21,2
C00412304,2042018.0,50,2018,04,2
C00412304,2112018.0,100,2018,11,2
C00412304,2022018.0,25,2018,02,2
C00412304,2062018.0,2700,2018,06,2
C00412304,2282018.0,50,2018,28,2
C00412304,2242018.0,100,2018,24,2
C00412304,2272018.0,25,2018,27,2
C00412304,2282018.0,50,2018,28,2
C00412304,2112018.0,10,2018,11,2
C00412304,2252018.0,250,2018,25,2
C00412304,2282018.0,25,2018,28,2
C00412304,2212018.0,10,2018,21,2
C00412304,2052018.0,100,2018,05,2
C00412304,2152018.0,500,2018,15,2
C00412304,2052018.0,25,2018,05,2
C00412304,2062018.0,50,2018,06,2
C00412304,2062018.0,25,2018,06,2
C00412304,2282018.0,25,2018,28,2
C00412304,2242018.0,25,2018,24,2
C00412304,2272018.0,15,2018,27,2
C00412304,2252018.0,10,2018,25,2
C00412304,2282018.0,20,2018,28,2
C00412304,2222018.0,250,2018,22,2
C00412304,2032018.0,25,2018,03,2
C00412304,2032018.0,50,2018,03,2
C00412304,2282018.0,200,2018,28,2
C00412304,2212018.0,200,2018,21,2
C00412304,2122018.0,100,2018,12,2
C00412304,2032018.0,40,2018,03,2
C00412304,2082018.0,-100,2018,08,2
C00412304,2082018.0,100,2018,08,2
C00412304,2202018.0,100,2018,20,2
C00412304,2042018.0,250,2018,04,2
C00412304,2132018.0,25,2018,13,2
C00412304,2202018.0,10,2018,20,2
C00412304,2042018.0,500,2018,04,2
C00412304,2022018.0,100,2018,02,2
C00412304,2142018.0,50,2018,14,2
C00412304,2202018.0,12,2018,20,2
C00412304,2082018.0,20,2018,08,2
C00412304,2282018.0,25,2018,28,2
C00412304,2282018.0,25,2018,28,2
C00412304,2062018.0,25,2018,06,2
C00412304,2152018.0,225,2018,15,2
C00412304,2232018.0,1500,2018,23,2
C00412304,2182018.0,100,2018,18,2
C00412304,2122018.0,500,2018,12,2
C00412304,2032018.0,50,2018,03,2
C00412304,2082018.0,25,2018,08,2
C00412304,2272018.0,5,2018,27,2
C00412304,2262018.0,5,2018,26,2
C00412304,2212018.0,10,2018,21,2
C00412304,2252018.0,10,2018,25,2
C00412304,2282018.0,25,2018,28,2
C00412304,2202018.0,10,2018,20,2
C00412304,2202018.0,50,2018,20,2
C00412304,2282018.0,50,2018,28,2
C00412304,2282018.0,100,2018,28,2
C00412304,2272018.0,25,2018,27,2
C00412304,2132018.0,250,2018,13,2
C00412304,2162018.0,1000,2018,16,2
C00412304,2262018.0,10,2018,26,2
C00412304,2282018.0,100,2018,28,2
C00412304,2202018.0,25,2018,20,2
C00412304,2152018.0,25,2018,15,2
C00412304,2222018.0,250,2018,22,2
C00412304,2262018.0,1000,2018,26,2
C00412304,2262018.0,2000,2018,26,2
C00412304,2282018.0,25,2018,28,2
C00412304,2282018.0,10,2018,28,2
C00412304,2032018.0,25,2018,03,2
C00412304,2132018.0,100,2018,13,2
C00412304,2072018.0,15,2018,07,2
C00412304,2142018.0,10,2018,14,2
C00412304,2282018.0,2700,2018,28,2
C00412304,2282018.0,1700,2018,28,2
C00412304,2282018.0,1000,2018,28,2
C00412304,2132018.0,250,2018,13,2
C00412304,2282018.0,27,2018,28,2
C00412304,2042018.0,150,2018,04,2
C00412304,2282018.0,20,2018,28,2
C00412304,2092018.0,25,2018,09,2
C00412304,2142018.0,500,2018,14,2
C00412304,2062018.0,100,2018,06,2
C00412304,2272018.0,25,2018,27,2
C00412304,2282018.0,25,2018,28,2
C00412304,2282018.0,25,2018,28,2
C00412304,2282018.0,25,2018,28,2
C00412304,2222018.0,250,2018,22,2
C00412304,2282018.0,2700,2018,28,2
C00412304,2232018.0,50,2018,23,2
C00412304,2262018.0,50,2018,26,2
C00412304,2152018.0,500,2018,15,2
C00412304,2042018.0,500,2018,04,2
C00412304,2212018.0,50,2018,21,2
C00412304,2112018.0,100,2018,11,2
C00412304,2262018.0,1200,2018,26,2
C00412304,2262018.0,300,2018,26,2
C00412304,2102018.0,500,2018,10,2
C00412304,2012018.0,5,2018,01,2
C00412304,2022018.0,100,2018,02,2
C00412304,2102018.0,100,2018,10,2
C00412304,2252018.0,10,2018,25,2
C00412304,2092018.0,25,2018,09,2
C00412304,2282018.0,10,2018,28,2
C00412304,2242018.0,700,2018,24,2
C00412304,2172018.0,25,2018,17,2
C00412304,2242018.0,1300,2018,24,2
C00412304,2242018.0,33,2018,24,2
C00412304,2222018.0,5,2018,22,2
C00412304,2202018.0,5,2018,20,2
C00412304,2282018.0,25,2018,28,2
C00412304,2122018.0,100,2018,12,2
C00412304,2282018.0,25,2018,28,2
C00412304,2282018.0,25,2018,28,2
C00412304,2282018.0,50,2018,28,2
C00412304,2082018.0,-50,2018,08,2
C00412304,2082018.0,50,2018,08,2
C00412304,2092018.0,50,2018,09,2
C00412304,2202018.0,10,2018,20,2
C00412304,2012018.0,25,2018,01,2
C00412304,2052018.0,100,2018,05,2
C00412304,2142018.0,2,2018,14,2
C00412304,2172018.0,5,2018,17,2
C00412304,2162018.0,500,2018,16,2
C00412304,2022018.0,1350,2018,02,2
C00412304,2182018.0,10,2018,18,2
C00412304,2202018.0,25,2018,20,2
C00412304,2262018.0,25,2018,26,2
C00412304,2162018.0,25,2018,16,2
C00412304,2262018.0,25,2018,26,2
C00412304,2202018.0,100,2018,20,2
C00412304,2222018.0,1000,2018,22,2
C00412304,2202018.0,50,2018,20,2
C00412304,2212018.0,10,2018,21,2
C00412304,2172018.0,10,2018,17,2
C00412304,2192018.0,10,2018,19,2
C00412304,2092018.0,10,2018,09,2
C00412304,2202018.0,100,2018,20,2
C00412304,2172018.0,10,2018,17,2
C00412304,2222018.0,50,2018,22,2
C00412304,2212018.0,2500,2018,21,2
C00412304,2282018.0,500,2018,28,2
C00412304,2042018.0,150,2018,04,2
C00412304,2202018.0,25,2018,20,2
C00412304,2022018.0,50,2018,02,2
C00412304,2132018.0,10,2018,13,2
C00412304,2202018.0,15,2018,20,2
C00412304,2242018.0,25,2018,24,2
C00412304,2032018.0,10,2018,03,2
C00412304,2072018.0,5,2018,07,2
C00412304,2232018.0,5,2018,23,2
C00412304,2242018.0,2700,2018,24,2
C00412304,2132018.0,-900,2018,13,2
C00412304,2132018.0,900,2018,13,2
C00412304,2232018.0,40,2018,23,2
C00412304,2022018.0,50,2018,02,2
C00412304,2092018.0,10,2018,09,2
C00412304,2232018.0,25,2018,23,2
C00412304,2222018.0,100,2018,22,2
C00412304,2052018.0,150,2018,05,2
C00412304,2082018.0,10,2018,08,2
C00412304,2062018.0,5,2018,06,2
C00412304,2162018.0,5,2018,16,2
C00412304,2202018.0,5,2018,20,2
C00412304,2152018.0,200,2018,15,2
C00412304,2062018.0,250,2018,06,2
C00412304,2122018.0,300,2018,12,2
C00412304,2152018.0,250,2018,15,2
C00412304,2282018.0,1000,2018,28,2
C00412304,2112018.0,25,2018,11,2
C00412304,2282018.0,100,2018,28,2
C00412304,2202018.0,25,2018,20,2
C00412304,2022018.0,100,2018,02,2
C00412304,2232018.0,2700,2018,23,2
C00412304,2282018.0,25,2018,28,2
C00412304,2132018.0,125,2018,13,2
C00412304,2122018.0,500,2018,12,2
C00412304,2272018.0,100,2018,27,2
C00412304,2022018.0,25,2018,02,2
C00412304,2232018.0,25,2018,23,2
C00412304,2282018.0,25,2018,28,2
C00412304,2112018.0,50,2018,11,2
C00412304,2222018.0,2700,2018,22,2
C00412304,2272018.0,6,2018,27,2
C00412304,2052018.0,5,2018,05,2
C00412304,2092018.0,5,2018,09,2
C00412304,2252018.0,5,2018,25,2
C00412304,2282018.0,10,2018,28,2
C00412304,2282018.0,5,2018,28,2
C00412304,2092018.0,30,2018,09,2
C00412304,2282018.0,5,2018,28,2
C00412304,2282018.0,10,2018,28,2
C00412304,2102018.0,100,2018,10,2
C00412304,2222018.0,200,2018,22,2
C00412304,2052018.0,5,2018,05,2
C00412304,2162018.0,50,2018,16,2
C00412304,2202018.0,25,2018,20,2
C00412304,2102018.0,10,2018,10,2
C00412304,2212018.0,10,2018,21,2
C00412304,2212018.0,15,2018,21,2
C00412304,2252018.0,25,2018,25,2
C00412304,2252018.0,25,2018,25,2
C00412304,2112018.0,25,2018,11,2
C00412304,2162018.0,25,2018,16,2
C00412304,2062018.0,2000,2018,06,2
C00412304,2152018.0,2700,2018,15,2
C00412304,2152018.0,2700,2018,15,2
C00412304,2042018.0,250,2018,04,2
C00412304,2172018.0,100,2018,17,2
C00412304,2202018.0,21,2018,20,2
C00412304,2272018.0,5,2018,27,2
C00412304,2122018.0,100,2018,12,2
C00412304,2242018.0,33,2018,24,2
C00412304,2282018.0,1000,2018,28,2
C00412304,2022018.0,50,2018,02,2
C00412304,2062018.0,50,2018,06,2
C00412304,2152018.0,2700,2018,15,2
C00412304,2252018.0,100,2018,25,2
C00412304,2222018.0,100,2018,22,2
C00412304,2022018.0,50,2018,02,2
C00412304,2232018.0,50,2018,23,2
C00412304,2202018.0,25,2018,20,2
C00412304,2122018.0,100,2018,12,2
C00412304,2132018.0,900,2018,13,2
C00412304,2162018.0,300,2018,16,2
C00412304,2142018.0,350,2018,14,2
C00412304,2282018.0,100,2018,28,2
C00412304,2052018.0,100,2018,05,2
C00412304,2082018.0,25,2018,08,2
C00412304,2212018.0,25,2018,21,2
C00412304,2282018.0,10,2018,28,2
C00412304,2282018.0,2700,2018,28,2
C00412304,2162018.0,100,2018,16,2
C00412304,2132018.0,1000,2018,13,2
C00412304,2082018.0,10,2018,08,2
C00412304,2172018.0,10,2018,17,2
C00412304,2272018.0,2700,2018,27,2
C00412304,2272018.0,2700,2018,27,2
C00412304,2282018.0,200,2018,28,2
C00412304,2282018.0,5,2018,28,2
C00412304,2282018.0,2700,2018,28,2
C00412304,2042018.0,100,2018,04,2
C00412304,2132018.0,25,2018,13,2
C00412304,2272018.0,200,2018,27,2
C00412304,2282018.0,25,2018,28,2
C00412304,2062018.0,1000,2018,06,2
C00412304,2132018.0,1000,2018,13,2
C00412304,2172018.0,5,2018,17,2
C00412304,2142018.0,10,2018,14,2
C00412304,2192018.0,5,2018,19,2
C00412304,2202018.0,5,2018,20,2
C00412304,2202018.0,5,2018,20,2
C00412304,2222018.0,5,2018,22,2
C00412304,2282018.0,5,2018,28,2
C00412304,2222018.0,2700,2018,22,2
C00412304,2282018.0,50,2018,28,2
C00412304,2222018.0,25,2018,22,2
C00412304,2242018.0,200,2018,24,2
C00412304,2042018.0,250,2018,04,2
C00412304,2172018.0,10,2018,17,2
C00412304,2222018.0,200,2018,22,2
C00412304,2222018.0,25,2018,22,2
C00412304,2032018.0,25,2018,03,2
C00412304,2112018.0,25,2018,11,2
C00412304,2212018.0,2700,2018,21,2
C00412304,2212018.0,2700,2018,21,2
C00412304,2092018.0,100,2018,09,2
C00412304,2222018.0,1050,2018,22,2
C00412304,2202018.0,10,2018,20,2
C00412304,2272018.0,25,2018,27,2
C00412304,2282018.0,50,2018,28,2
C00412304,2212018.0,700,2018,21,2
C00412304,2042018.0,100,2018,04,2
C00412304,2252018.0,25,2018,25,2
C00412304,2282018.0,15,2018,28,2
C00412304,2282018.0,25,2018,28,2
C00412304,2062018.0,25,2018,06,2
C00412304,2112018.0,1000,2018,11,2
C00412304,2212018.0,2700,2018,21,2
C00412304,2042018.0,250,2018,04,2
C00412304,2072018.0,50,2018,07,2
C00412304,2282018.0,100,2018,28,2
C00412304,2152018.0,100,2018,15,2
C00412304,2232018.0,1000,2018,23,2
C00412304,2082018.0,200,2018,08,2
C00412304,2262018.0,1000,2018,26,2
C00412304,2012018.0,5,2018,01,2
C00412304,2092018.0,100,2018,09,2
C00412304,2012018.0,50,2018,01,2
C00412304,2232018.0,200,2018,23,2
C00412304,2042018.0,500,2018,04,2
C00412304,2202018.0,1000,2018,20,2
C00412304,2122018.0,25,2018,12,2
C00412304,2092018.0,10,2018,09,2
C00412304,2162018.0,25,2018,16,2
C00412304,2282018.0,10,2018,28,2
C00412304,2262018.0,5,2018,26,2
C00412304,2112018.0,500,2018,11,2
C00412304,2202018.0,500,2018,20,2
C00412304,2252018.0,150,2018,25,2
C00412304,2212018.0,15,2018,21,2
C00412304,2242018.0,100,2018,24,2
C00412304,2282018.0,10,2018,28,2
C00412304,2012018.0,25,2018,01,2
C00412304,2222018.0,25,2018,22,2
C00412304,2222018.0,1650,2018,22,2
C00412304,2142018.0,50,2018,14,2
C00412304,2112018.0,25,2018,11,2
C00412304,2242018.0,5,2018,24,2
C00412304,2202018.0,50,2018,20,2
C00412304,2042018.0,100,2018,04,2
C00412304,2122018.0,1000,2018,12,2
C00412304,2202018.0,25,2018,20,2
C00412304,2252018.0,100,2018,25,2
C00412304,2202018.0,50,2018,20,2
C00412304,2082018.0,5,2018,08,2
C00412304,2052018.0,5,2018,05,2
C00412304,2072018.0,25,2018,07,2
C00412304,2062018.0,25,2018,06,2
C00412304,2072018.0,5,2018,07,2
C00412304,2062018.0,25,2018,06,2
C00412304,2112018.0,25,2018,11,2
C00412304,2092018.0,25,2018,09,2
C00412304,2172018.0,25,2018,17,2
C00412304,2122018.0,25,2018,12,2
C00412304,2242018.0,50,2018,24,2
C00412304,2242018.0,50,2018,24,2
C00412304,2282018.0,1000,2018,28,2
C00412304,2222018.0,500,2018,22,2
C00412304,2192018.0,25,2018,19,2
C00412304,2082018.0,25,2018,08,2
C00412304,2272018.0,200,2018,27,2
C00412304,2272018.0,800,2018,27,2
C00412304,2132018.0,25,2018,13,2
C00412304,2052018.0,10,2018,05,2
C00412304,2202018.0,1000,2018,20,2
C00412304,2172018.0,25,2018,17,2
C00412304,2222018.0,2700,2018,22,2
C00412304,2222018.0,2700,2018,22,2
C00412304,2102018.0,50,2018,10,2
C00412304,2242018.0,100,2018,24,2
C00412304,2282018.0,10,2018,28,2
C00412304,2262018.0,10,2018,26,2
C00412304,2272018.0,10,2018,27,2
C00412304,2172018.0,1000,2018,17,2
C00412304,2282018.0,25,2018,28,2
C00412304,2252018.0,20,2018,25,2
C00412304,2282018.0,10,2018,28,2
C00412304,2282018.0,1000,2018,28,2
C00412304,2282018.0,25,2018,28,2
C00412304,2162018.0,25,2018,16,2
C00412304,2262018.0,25,2018,26,2
C00412304,2282018.0,25,2018,28,2
C00412304,2272018.0,1000,2018,27,2
C00412304,2282018.0,50,2018,28,2
C00412304,2282018.0,100,2018,28,2
C00412304,2172018.0,25,2018,17,2
C00412304,2082018.0,25,2018,08,2
C00412304,2282018.0,25,2018,28,2
C00412304,2282018.0,25,2018,28,2
C00412304,2032018.0,25,2018,03,2
C00412304,2182018.0,10,2018,18,2
C00412304,2212018.0,100,2018,21,2
C00412304,2282018.0,100,2018,28,2
C00412304,2282018.0,25,2018,28,2
C00412304,2212018.0,25,2018,21,2
C00412304,2032018.0,50,2018,03,2
C00412304,2282018.0,10,2018,28,2
C00412304,2162018.0,1000,2018,16,2
C00412304,2142018.0,12,2018,14,2
C00412304,2062018.0,2500,2018,06,2
C00412304,2272018.0,100,2018,27,2
C00412304,2162018.0,25,2018,16,2
C00412304,2172018.0,10,2018,17,2
C00412304,2122018.0,10,2018,12,2
C00412304,2182018.0,25,2018,18,2
C00412304,2192018.0,5,2018,19,2
C00412304,2212018.0,10,2018,21,2
C00412304,2202018.0,5,2018,20,2
C00412304,2242018.0,20,2018,24,2
C00412304,2282018.0,5,2018,28,2
C00412304,2162018.0,50,2018,16,2
C00412304,2222018.0,25,2018,22,2
C00412304,2152018.0,1000,2018,15,2
C00412304,2022018.0,500,2018,02,2
C00412304,2232018.0,100,2018,23,2
C00412304,2282018.0,5,2018,28,2
C00412304,2222018.0,20,2018,22,2
C00412304,2252018.0,25,2018,25,2
C00412304,2282018.0,500,2018,28,2
C00412304,2212018.0,1000,2018,21,2
C00412304,2032018.0,7,2018,03,2
C00412304,2142018.0,3,2018,14,2
C00412304,2202018.0,10,2018,20,2
C00412304,2022018.0,100,2018,02,2
C00412304,2232018.0,1000,2018,23,2
C00412304,2122018.0,25,2018,12,2
C00412304,2202018.0,25,2018,20,2
C00412304,2162018.0,225,2018,16,2
C00412304,2062018.0,200,2018,06,2
C00412304,2152018.0,10,2018,15,2
C00412304,2132018.0,11,2018,13,2
C00412304,2172018.0,25,2018,17,2
C00412304,2072018.0,15,2018,07,2
C00412304,2072018.0,10,2018,07,2
C00412304,2282018.0,25,2018,28,2
C00412304,2172018.0,500,2018,17,2
C00412304,2222018.0,250,2018,22,2
C00412304,2282018.0,500,2018,28,2
C00412304,2282018.0,50,2018,28,2
C00412304,2042018.0,25,2018,04,2
C00412304,2052018.0,100,2018,05,2
C00412304,2162018.0,100,2018,16,2
C00412304,2272018.0,50,2018,27,2
C00412304,2042018.0,250,2018,04,2
C00412304,2122018.0,5,2018,12,2
C00412304,2172018.0,5,2018,17,2
C00412304,2232018.0,5,2018,23,2
C00412304,2202018.0,5,2018,20,2
C00412304,2282018.0,20,2018,28,2
C00412304,2282018.0,10,2018,28,2
C00412304,2072018.0,25,2018,07,2
C00412304,2132018.0,2700,2018,13,2
C00412304,2202018.0,50,2018,20,2
C00412304,2272018.0,10,2018,27,2
C00412304,2232018.0,33,2018,23,2
C00412304,2242018.0,100,2018,24,2
C00412304,2282018.0,10,2018,28,2
C00412304,2282018.0,100,2018,28,2
C00412304,2042018.0,200,2018,04,2
C00412304,2282018.0,25,2018,28,2
C00412304,2122018.0,5,2018,12,2
C00412304,2202018.0,5,2018,20,2
C00412304,2282018.0,200,2018,28,2
C00412304,2132018.0,1000,2018,13,2
C00412304,2222018.0,25,2018,22,2
C00412304,2222018.0,10,2018,22,2
C00412304,2202018.0,250,2018,20,2
C00412304,2072018.0,25,2018,07,2
C00412304,2242018.0,50,2018,24,2
C00412304,2152018.0,225,2018,15,2
C00412304,2152018.0,225,2018,15,2
C00412304,2152018.0,225,2018,15,2
C00412304,2072018.0,50,2018,07,2
C00412304,2202018.0,5,2018,20,2
C00412304,2092018.0,10,2018,09,2
C00412304,2162018.0,25,2018,16,2
C00412304,2202018.0,25,2018,20,2
C00412304,2242018.0,10,2018,24,2
C00412304,2272018.0,10,2018,27,2
C00412304,2282018.0,5,2018,28,2
C00412304,2282018.0,10,2018,28,2
C00412304,2282018.0,250,2018,28,2
C00412304,2132018.0,50,2018,13,2
C00412304,2102018.0,10,2018,10,2
C00412304,2242018.0,1000,2018,24,2
C00412304,2252018.0,250,2018,25,2
C00412304,2272018.0,50,2018,27,2
C00412304,2062018.0,25,2018,06,2
C00412304,2172018.0,25,2018,17,2
C00412304,2082018.0,10,2018,08,2
C00412304,2202018.0,25,2018,20,2
C00412304,2102018.0,25,2018,10,2
C00412304,2152018.0,25,2018,15,2
C00412304,2102018.0,10,2018,10,2
C00412304,2122018.0,10,2018,12,2
C00412304,2122018.0,25,2018,12,2
C00412304,2062018.0,2700,2018,06,2
C00412304,2212018.0,2500,2018,21,2
C00412304,2012018.0,10,2018,01,2
C00412304,2072018.0,25,2018,07,2
C00412304,2252018.0,10,2018,25,2
C00412304,2172018.0,50,2018,17,2
C00412304,2152018.0,1000,2018,15,2
C00412304,2262018.0,15,2018,26,2
C00412304,2252018.0,500,2018,25,2
C00412304,2172018.0,100,2018,17,2
C00412304,2092018.0,10,2018,09,2
C00412304,2152018.0,225,2018,15,2
C00412304,2152018.0,225,2018,15,2
C00412304,2152018.0,225,2018,15,2
C00412304,2152018.0,225,2018,15,2
C00412304,2152018.0,225,2018,15,2
C00412304,2152018.0,225,2018,15,2
C00412304,2152018.0,225,2018,15,2
C00412304,2202018.0,25,2018,20,2
C00412304,2182018.0,20,2018,18,2
C00412304,2272018.0,33,2018,27,2
C00412304,2122018.0,10,2018,12,2
C00412304,2242018.0,250,2018,24,2
C00412304,2142018.0,500,2018,14,2
C00412304,2232018.0,300,2018,23,2
C00412304,2022018.0,25,2018,02,2
C00412304,2072018.0,12,2018,07,2
C00412304,2082018.0,10,2018,08,2
C00412304,2052018.0,10,2018,05,2
C00412304,2162018.0,20,2018,16,2
C00412304,2182018.0,20,2018,18,2
C00412304,2262018.0,15,2018,26,2
C00412304,2282018.0,25,2018,28,2
C00412304,2202018.0,1500,2018,20,2
C00412304,2282018.0,50,2018,28,2
C00412304,2192018.0,50,2018,19,2
C00412304,2232018.0,25,2018,23,2
C00412304,2052018.0,10,2018,05,2
C00412304,2272018.0,5,2018,27,2
C00412304,2212018.0,250,2018,21,2
C00412304,2112018.0,100,2018,11,2
C00412304,2172018.0,100,2018,17,2
C00412304,2082018.0,5,2018,08,2
C00412304,2282018.0,2000,2018,28,2
C00412304,2062018.0,2700,2018,06,2
C00412304,2062018.0,100,2018,06,2
C00412304,2112018.0,5,2018,11,2
C00412304,2232018.0,10,2018,23,2
C00412304,2212018.0,5,2018,21,2
C00412304,2172018.0,10,2018,17,2
C00412304,2192018.0,50,2018,19,2
C00412304,2112018.0,335,2018,11,2
C00412304,2282018.0,1000,2018,28,2
C00412304,2282018.0,200,2018,28,2
C00412304,2152018.0,500,2018,15,2
C00412304,2182018.0,20,2018,18,2
C00412304,2232018.0,25,2018,23,2
C00412304,2282018.0,33,2018,28,2
C00412304,2202018.0,25,2018,20,2
C00412304,2202018.0,300,2018,20,2
C00412304,2022018.0,50,2018,02,2
C00412304,2122018.0,150,2018,12,2
C00412304,2212018.0,100,2018,21,2
C00412304,2192018.0,1000,2018,19,2
C00412304,2282018.0,10,2018,28,2
C00412304,2142018.0,150,2018,14,2
C00412304,2142018.0,150,2018,14,2
C00412304,2142018.0,81,2018,14,2
C00412304,2062018.0,25,2018,06,2
C00412304,2152018.0,25,2018,15,2
C00412304,2222018.0,25,2018,22,2
C00412304,2242018.0,25,2018,24,2
C00412304,2282018.0,25,2018,28,2
C00412304,2082018.0,2000,2018,08,2
C00412304,2042018.0,400,2018,04,2
C00412304,2162018.0,25,2018,16,2
C00412304,2222018.0,25,2018,22,2
C00412304,2282018.0,1000,2018,28,2
C00412304,2042018.0,250,2018,04,2
C00412304,2022018.0,500,2018,02,2
C00412304,2232018.0,2700,2018,23,2
C00412304,2282018.0,100,2018,28,2
C00412304,2212018.0,1000,2018,21,2
C00412304,2202018.0,1000,2018,20,2
C00412304,2232018.0,1000,2018,23,2
C00412304,2262018.0,25,2018,26,2
C00412304,2222018.0,25,2018,22,2
C00412304,2222018.0,500,2018,22,2
C00412304,2062018.0,2700,2018,06,2
C00412304,2062018.0,2700,2018,06,2
C00412304,2052018.0,100,2018,05,2
C00412304,2082018.0,25,2018,08,2
C00412304,2052018.0,300,2018,05,2
C00412304,2222018.0,100,2018,22,2
C00412304,2092018.0,50,2018,09,2
C00412304,2202018.0,100,2018,20,2
C00412304,2132018.0,25,2018,13,2
C00412304,2232018.0,25,2018,23,2
C00412304,2272018.0,50,2018,27,2
C00412304,2182018.0,25,2018,18,2
C00412304,2072018.0,1000,2018,07,2
C00412304,2042018.0,100,2018,04,2
C00412304,2182018.0,150,2018,18,2
C00412304,2122018.0,100,2018,12,2
C00412304,2182018.0,100,2018,18,2
C00412304,2282018.0,100,2018,28,2
C00412304,2142018.0,75,2018,14,2
C00412304,2172018.0,200,2018,17,2
C00412304,2152018.0,500,2018,15,2
C00412304,2182018.0,150,2018,18,2
C00412304,2122018.0,25,2018,12,2
C00412304,2172018.0,35,2018,17,2
C00412304,2272018.0,100,2018,27,2
C00412304,2122018.0,100,2018,12,2
C00412304,2152018.0,2700,2018,15,2
C00412304,2152018.0,300,2018,15,2
C00412304,2152018.0,1000,2018,15,2
C00412304,2282018.0,250,2018,28,2
C00412304,2152018.0,25,2018,15,2
C00412304,2272018.0,500,2018,27,2
C00412304,2092018.0,21,2018,09,2
C00412304,2062018.0,10,2018,06,2
C00412304,2102018.0,10,2018,10,2
C00412304,2192018.0,5,2018,19,2
C00412304,2242018.0,10,2018,24,2
C00412304,2282018.0,10,2018,28,2
C00412304,2202018.0,1700,2018,20,2
C00412304,2202018.0,300,2018,20,2
C00412304,2102018.0,25,2018,10,2
C00412304,2122018.0,50,2018,12,2
C00412304,2052018.0,500,2018,05,2
C00412304,2082018.0,25,2018,08,2
C00412304,2282018.0,25,2018,28,2
C00412304,2052018.0,25,2018,05,2
C00412304,2132018.0,50,2018,13,2
C00412304,2282018.0,500,2018,28,2
C00412304,2192018.0,25,2018,19,2
C00412304,2122018.0,25,2018,12,2
C00412304,2212018.0,15,2018,21,2
C00412304,2262018.0,25,2018,26,2
C00412304,2282018.0,5,2018,28,2
C00412304,2072018.0,5,2018,07,2
C00412304,2152018.0,10,2018,15,2
C00412304,2232018.0,5,2018,23,2
C00412304,2092018.0,25,2018,09,2
C00412304,2062018.0,100,2018,06,2
C00412304,2172018.0,100,2018,17,2
C00412304,2242018.0,100,2018,24,2
C00412304,2202018.0,200,2018,20,2
C00412304,2272018.0,40,2018,27,2
C00412304,2282018.0,500,2018,28,2
C00412304,2022018.0,50,2018,02,2
C00412304,2122018.0,15,2018,12,2
C00412304,2202018.0,50,2018,20,2
C00412304,2272018.0,25,2018,27,2
C00412304,2282018.0,50,2018,28,2
C00412304,2062018.0,1000,2018,06,2
C00412304,2282018.0,100,2018,28,2
C00412304,2042018.0,50,2018,04,2
C00412304,2142018.0,15,2018,14,2
C00412304,2152018.0,500,2018,15,2
C00412304,2042018.0,200,2018,04,2
C00412304,2152018.0,500,2018,15,2
C00412304,2082018.0,15,2018,08,2
C00412304,2202018.0,25,2018,20,2
C00412304,2152018.0,5,2018,15,2
C00412304,2282018.0,5,2018,28,2
C00412304,2262018.0,500,2018,26,2
C00412304,2212018.0,250,2018,21,2
C00412304,2272018.0,20,2018,27,2
C00412304,2022018.0,350,2018,02,2
C00412304,2112018.0,5,2018,11,2
C00412304,2012018.0,100,2018,01,2
C00412304,2262018.0,25,2018,26,2
C00412304,2062018.0,10,2018,06,2
C00412304,2172018.0,50,2018,17,2
C00412304,2112018.0,10,2018,11,2
C00412304,2262018.0,20,2018,26,2
C00412304,2282018.0,50,2018,28,2
C00412304,2052018.0,250,2018,05,2
C00412304,2132018.0,50,2018,13,2
C00412304,2122018.0,1000,2018,12,2
C00412304,2122018.0,50,2018,12,2
C00412304,2122018.0,1000,2018,12,2
C00412304,2272018.0,50,2018,27,2
C00412304,2282018.0,50,2018,28,2
C00412304,2222018.0,1000,2018,22,2
C00412304,2222018.0,1700,2018,22,2
C00412304,2072018.0,25,2018,07,2
C00412304,2092018.0,10,2018,09,2
C00412304,2282018.0,2700,2018,28,2
C00412304,2212018.0,200,2018,21,2
C00412304,2282018.0,100,2018,28,2
C00412304,2072018.0,10,2018,07,2
C00412304,2152018.0,65,2018,15,2
C00412304,2072018.0,100,2018,07,2
C00412304,2222018.0,200,2018,22,2
C00412304,2212018.0,50,2018,21,2
C00412304,2052018.0,150,2018,05,2
C00412304,2132018.0,2200,2018,13,2
C00412304,2232018.0,100,2018,23,2
C00412304,2092018.0,10,2018,09,2
C00412304,2172018.0,50,2018,17,2
C00412304,2022018.0,5,2018,02,2
C00412304,2252018.0,25,2018,25,2
C00412304,2062018.0,500,2018,06,2
C00412304,2282018.0,100,2018,28,2
C00412304,2012018.0,50,2018,01,2
C00412304,2202018.0,50,2018,20,2
C00412304,2032018.0,50,2018,03,2
C00412304,2082018.0,25,2018,08,2
C00412304,2212018.0,500,2018,21,2
C00412304,2182018.0,50,2018,18,2
C00412304,2192018.0,50,2018,19,2
C00412304,2022018.0,650,2018,02,2
C00412304,2152018.0,900,2018,15,2
C00412304,2092018.0,100,2018,09,2
C00412304,2282018.0,25,2018,28,2
C00412304,2162018.0,25,2018,16,2
C00412304,2282018.0,25,2018,28,2
C00412304,2022018.0,5,2018,02,2
C00412304,2212018.0,250,2018,21,2
C00412304,2212018.0,1000,2018,21,2
C00412304,2212018.0,1700,2018,21,2
C00412304,2112018.0,100,2018,11,2
C00412304,2042018.0,100,2018,04,2
C00412304,2092018.0,5,2018,09,2
C00412304,2092018.0,25,2018,09,2
C00412304,2272018.0,25,2018,27,2
C00412304,2212018.0,50,2018,21,2
C00412304,2212018.0,5,2018,21,2
C00412304,2222018.0,100,2018,22,2
C00412304,2252018.0,25,2018,25,2
C00412304,2062018.0,500,2018,06,2
C00412304,2212018.0,2700,2018,21,2
C00412304,2202018.0,10,2018,20,2
C00412304,2272018.0,35,2018,27,2
C00412304,2282018.0,10,2018,28,2
C00412304,2282018.0,21,2018,28,2
C00412304,2282018.0,10,2018,28,2
C00412304,2282018.0,10,2018,28,2
C00412304,2282018.0,21,2018,28,2
C00412304,2262018.0,1000,2018,26,2
C00412304,2082018.0,25,2018,08,2
C00412304,2182018.0,10,2018,18,2
C00412304,2202018.0,5,2018,20,2
C00412304,2202018.0,10,2018,20,2
C00412304,2282018.0,10,2018,28,2
C00412304,2132018.0,100,2018,13,2
C00412304,2282018.0,100,2018,28,2
C00412304,2082018.0,100,2018,08,2
C00412304,2172018.0,25,2018,17,2
C00412304,2202018.0,100,2018,20,2
C00412304,2242018.0,100,2018,24,2
C00412304,2282018.0,100,2018,28,2
C00412304,2262018.0,100,2018,26,2
C00412304,2182018.0,50,2018,18,2
C00412304,2162018.0,250,2018,16,2
C00412304,2212018.0,20,2018,21,2
C00412304,2252018.0,5,2018,25,2
C00412304,2032018.0,10,2018,03,2
C00412304,2282018.0,25,2018,28,2
C00412304,2132018.0,25,2018,13,2
C00412304,2222018.0,1000,2018,22,2
C00412304,2222018.0,1000,2018,22,2
C00412304,2042018.0,200,2018,04,2
C00412304,2212018.0,5,2018,21,2
C00412304,2282018.0,100,2018,28,2
C00412304,2262018.0,500,2018,26,2
C00412304,2122018.0,250,2018,12,2
C00412304,2242018.0,10,2018,24,2
C00412304,2122018.0,25,2018,12,2
C00412304,2202018.0,100,2018,20,2
C00412304,2122018.0,25,2018,12,2
C00412304,2212018.0,15,2018,21,2
C00412304,2072018.0,10,2018,07,2
C00412304,2132018.0,25,2018,13,2
C00412304,2142018.0,25,2018,14,2
C00412304,2282018.0,25,2018,28,2
C00412304,2282018.0,25,2018,28,2
C00412304,2282018.0,25,2018,28,2
C00412304,2052018.0,250,2018,05,2
C00412304,2122018.0,50,2018,12,2
C00412304,2282018.0,25,2018,28,2
C00412304,2102018.0,1000,2018,10,2
C00412304,2082018.0,100,2018,08,2
C00412304,2282018.0,100,2018,28,2
C00412304,2262018.0,25,2018,26,2
C00412304,2282018.0,100,2018,28,2
C00412304,2042018.0,500,2018,04,2
C00412304,2162018.0,600,2018,16,2
C00412304,2222018.0,1000,2018,22,2
C00412304,2282018.0,25,2018,28,2
C00412304,2272018.0,75,2018,27,2
C00412304,2092018.0,10,2018,09,2
C00412304,2112018.0,25,2018,11,2
C00412304,2122018.0,500,2018,12,2
C00412304,2152018.0,25,2018,15,2
C00412304,2212018.0,10,2018,21,2
C00412304,2282018.0,50,2018,28,2
C00412304,2282018.0,25,2018,28,2
C00412304,2282018.0,2700,2018,28,2
C00412304,2222018.0,1000,2018,22,2
C00412304,2282018.0,100,2018,28,2
C00412304,2182018.0,25,2018,18,2
C00412304,2212018.0,10,2018,21,2
C00412304,2152018.0,225,2018,15,2
C00412304,2022018.0,25,2018,02,2
C00412304,2212018.0,100,2018,21,2
C00412304,2232018.0,1000,2018,23,2
C00412304,2052018.0,100,2018,05,2
C00412304,2052018.0,150,2018,05,2
C00412304,2182018.0,100,2018,18,2
C00412304,2242018.0,1700,2018,24,2
C00412304,2242018.0,1000,2018,24,2
C00412304,2042018.0,100,2018,04,2
C00412304,2252018.0,250,2018,25,2
C00412304,2042018.0,2700,2018,04,2
C00412304,2182018.0,500,2018,18,2
C00412304,2272018.0,350,2018,27,2
C00412304,2222018.0,250,2018,22,2
C00412304,2182018.0,150,2018,18,2
C00412304,2112018.0,25,2018,11,2
C00412304,2152018.0,400,2018,15,2
C00412304,2042018.0,300,2018,04,2
C00412304,2042018.0,700,2018,04,2
C00412304,2042018.0,300,2018,04,2
C00412304,2282018.0,1000,2018,28,2
C00412304,2142018.0,10,2018,14,2
C00412304,2212018.0,25,2018,21,2
C00412304,2252018.0,12,2018,25,2
C00412304,2132018.0,100,2018,13,2
C00412304,2282018.0,500,2018,28,2
C00412304,2272018.0,100,2018,27,2
C00412304,2252018.0,100,2018,25,2
C00412304,2092018.0,5,2018,09,2
C00412304,2102018.0,25,2018,10,2
C00412304,2282018.0,5,2018,28,2
C00412304,2282018.0,500,2018,28,2
C00412304,2052018.0,25,2018,05,2
C00412304,2282018.0,100,2018,28,2
C00412304,2282018.0,25,2018,28,2
C00412304,2252018.0,12,2018,25,2
C00412304,2072018.0,50,2018,07,2
C00412304,2182018.0,25,2018,18,2
C00412304,2182018.0,25,2018,18,2
C00412304,2042018.0,100,2018,04,2
C00412304,2262018.0,1000,2018,26,2
C00412304,2122018.0,100,2018,12,2
C00412304,2092018.0,50,2018,09,2
C00412304,2282018.0,100,2018,28,2
C00412304,2192018.0,5,2018,19,2
C00412304,2282018.0,25,2018,28,2
C00412304,2282018.0,10,2018,28,2
C00412304,2282018.0,25,2018,28,2
C00412304,2222018.0,500,2018,22,2
C00412304,2242018.0,500,2018,24,2
C00412304,2282018.0,25,2018,28,2
C00412304,2212018.0,25,2018,21,2
C00412304,2122018.0,150,2018,12,2
C00412304,2152018.0,2700,2018,15,2
C00412304,2152018.0,500,2018,15,2
C00412304,2192018.0,25,2018,19,2
C00412304,2062018.0,500,2018,06,2
C00412304,2042018.0,100,2018,04,2
C00412304,2142018.0,250,2018,14,2
C00412304,2182018.0,50,2018,18,2
C00412304,2282018.0,2700,2018,28,2
C00308676,2162018.0,25,2018,16,2
C00308676,2182018.0,15,2018,18,2
C00308676,2192018.0,25,2018,19,2
C00308676,2182018.0,50,2018,18,2
C00308676,2232018.0,50,2018,23,2
C00308676,2212018.0,25,2018,21,2
C00308676,2182018.0,15,2018,18,2
C00308676,2192018.0,25,2018,19,2
C00308676,2282018.0,25,2018,28,2
C00308676,2212018.0,250,2018,21,2
C00308676,2122018.0,25,2018,12,2
C00308676,2112018.0,25,2018,11,2
C00308676,2282018.0,19,2018,28,2
C00308676,2282018.0,50,2018,28,2
C00308676,2092018.0,25,2018,09,2
C00308676,2182018.0,50,2018,18,2
C00308676,2042018.0,15,2018,04,2
C00308676,2282018.0,15,2018,28,2
C00308676,2282018.0,25,2018,28,2
C00308676,2062018.0,50,2018,06,2
C00308676,2012018.0,250,2018,01,2
C00308676,2012018.0,7,2018,01,2
C00308676,2272018.0,25,2018,27,2
C00308676,2092018.0,25,2018,09,2
C00308676,2042018.0,15,2018,04,2
C00308676,2182018.0,10,2018,18,2
C00308676,2162018.0,50,2018,16,2
C00308676,2242018.0,25,2018,24,2
C00308676,2282018.0,3,2018,28,2
C00308676,2152018.0,15,2018,15,2
C00308676,2142018.0,300,2018,14,2
C00308676,2042018.0,10,2018,04,2
C00308676,2282018.0,25,2018,28,2
C00308676,2142018.0,25,2018,14,2
C00308676,2202018.0,15,2018,20,2
C00308676,2052018.0,100,2018,05,2
C00308676,2282018.0,15,2018,28,2
C00308676,2182018.0,100,2018,18,2
C00308676,2222018.0,450,2018,22,2
C00308676,2112018.0,20,2018,11,2
C00308676,2072018.0,150,2018,07,2
C00308676,2282018.0,25,2018,28,2
C00308676,2222018.0,15,2018,22,2
C00308676,2252018.0,7,2018,25,2
C00308676,2202018.0,25,2018,20,2
C00308676,2052018.0,250,2018,05,2
C00308676,2262018.0,350,2018,26,2
C00308676,2192018.0,15,2018,19,2
C00308676,2082018.0,25,2018,08,2
C00308676,2142018.0,25,2018,14,2
C00308676,2042018.0,10,2018,04,2
C00308676,2032018.0,25,2018,03,2
C00308676,2212018.0,25,2018,21,2
C00308676,2172018.0,10,2018,17,2
C00308676,2032018.0,25,2018,03,2
C00308676,2122018.0,25,2018,12,2
C00308676,2162018.0,15,2018,16,2
C00308676,2222018.0,15,2018,22,2
C00308676,2162018.0,25,2018,16,2
C00308676,2202018.0,20,2018,20,2
C00308676,2122018.0,50,2018,12,2
C00308676,2212018.0,25,2018,21,2
C00308676,2142018.0,250,2018,14,2
C00308676,2152018.0,25,2018,15,2
C00308676,2092018.0,1000,2018,09,2
C00308676,2202018.0,25,2018,20,2
C00308676,2052018.0,100,2018,05,2
C00308676,2262018.0,25,2018,26,2
C00308676,2282018.0,12,2018,28,2
C00308676,2272018.0,25,2018,27,2
C00308676,2222018.0,5,2018,22,2
C00308676,2042018.0,250,2018,04,2
C00308676,2282018.0,25,2018,28,2
C00308676,2242018.0,25,2018,24,2
C00308676,2282018.0,10,2018,28,2
C00308676,2272018.0,7,2018,27,2
C00308676,2132018.0,100,2018,13,2
C00308676,2102018.0,50,2018,10,2
C00308676,2262018.0,10,2018,26,2
C00308676,2082018.0,100,2018,08,2
C00308676,2112018.0,36,2018,11,2
C00308676,2282018.0,25,2018,28,2
C00308676,2152018.0,25,2018,15,2
C00308676,2232018.0,25,2018,23,2
C00308676,2262018.0,30,2018,26,2
C00308676,2142018.0,25,2018,14,2
C00308676,2062018.0,75,2018,06,2
C00308676,2202018.0,25,2018,20,2
C00308676,2282018.0,12,2018,28,2
C00308676,2202018.0,25,2018,20,2
C00308676,2142018.0,50,2018,14,2
C00308676,2192018.0,15,2018,19,2
C00308676,2172018.0,25,2018,17,2
C00308676,2092018.0,15,2018,09,2
C00308676,2232018.0,10,2018,23,2
C00308676,2062018.0,25,2018,06,2
C00308676,2282018.0,50,2018,28,2
C00308676,2282018.0,18,2018,28,2
C00308676,2122018.0,500,2018,12,2
C00308676,2182018.0,5,2018,18,2
C00308676,2282018.0,20,2018,28,2
C00308676,2052018.0,100,2018,05,2
C00308676,2272018.0,50,2018,27,2
C00308676,2042018.0,15,2018,04,2
C00308676,2182018.0,100,2018,18,2
C00308676,2252018.0,25,2018,25,2
C00308676,2082018.0,50,2018,08,2
C00308676,2192018.0,15,2018,19,2
C00308676,2212018.0,75,2018,21,2
C00308676,2012018.0,7,2018,01,2
C00308676,2072018.0,36,2018,07,2
C00308676,2172018.0,250,2018,17,2
C00308676,2252018.0,10,2018,25,2
C00308676,2282018.0,2,2018,28,2
C00308676,2222018.0,250,2018,22,2
C00308676,2102018.0,50,2018,10,2
C00308676,2222018.0,25,2018,22,2
C00308676,2202018.0,200,2018,20,2
C00308676,2282018.0,25,2018,28,2
C00308676,2072018.0,100,2018,07,2
C00308676,2282018.0,15,2018,28,2
C00308676,2282018.0,18,2018,28,2
C00308676,2062018.0,50,2018,06,2
C00308676,2052018.0,100,2018,05,2
C00308676,2092018.0,50,2018,09,2
C00308676,2012018.0,12,2018,01,2
C00308676,2102018.0,25,2018,10,2
C00308676,2282018.0,50,2018,28,2
C00308676,2052018.0,150,2018,05,2
C00308676,2132018.0,250,2018,13,2
C00308676,2122018.0,250,2018,12,2
C00308676,2172018.0,3,2018,17,2
C00308676,2082018.0,50,2018,08,2
C00308676,2212018.0,1,2018,21,2
C00308676,2122018.0,250,2018,12,2
C00308676,2262018.0,25,2018,26,2
C00308676,2042018.0,10,2018,04,2
C00308676,2182018.0,25,2018,18,2
C00308676,2252018.0,15,2018,25,2
C00308676,2062018.0,10,2018,06,2
C00308676,2172018.0,5,2018,17,2
C00308676,2172018.0,25,2018,17,2
C00308676,2052018.0,50,2018,05,2
C00308676,2262018.0,10,2018,26,2
C00308676,2192018.0,15,2018,19,2
C00308676,2152018.0,250,2018,15,2
C00308676,2222018.0,25,2018,22,2
C00308676,2192018.0,25,2018,19,2
C00308676,2162018.0,25,2018,16,2
C00308676,2122018.0,250,2018,12,2
C00308676,2132018.0,15,2018,13,2
C00308676,2222018.0,25,2018,22,2
C00308676,2022018.0,15,2018,02,2
C00308676,2052018.0,1,2018,05,2
C00308676,2052018.0,100,2018,05,2
C00308676,2012018.0,250,2018,01,2
C00308676,2202018.0,15,2018,20,2
C00308676,2012018.0,50,2018,01,2
C00308676,2142018.0,15,2018,14,2
C00308676,2282018.0,5,2018,28,2
C00308676,2282018.0,12,2018,28,2
C00308676,2252018.0,25,2018,25,2
C00308676,2282018.0,25,2018,28,2
C00308676,2022018.0,8,2018,02,2
C00308676,2012018.0,20,2018,01,2
C00308676,2162018.0,15,2018,16,2
C00308676,2122018.0,150,2018,12,2
C00308676,2042018.0,25,2018,04,2
C00308676,2162018.0,250,2018,16,2
C00308676,2282018.0,15,2018,28,2
C00308676,2282018.0,25,2018,28,2
C00308676,2162018.0,50,2018,16,2
C00308676,2162018.0,15,2018,16,2
C00308676,2152018.0,15,2018,15,2
C00308676,2142018.0,25,2018,14,2
C00308676,2012018.0,25,2018,01,2
C00308676,2062018.0,100,2018,06,2
C00308676,2092018.0,25,2018,09,2
C00308676,2092018.0,15,2018,09,2
C00308676,2262018.0,1000,2018,26,2
C00308676,2202018.0,10,2018,20,2
C00308676,2202018.0,25,2018,20,2
C00308676,2032018.0,120,2018,03,2
C00308676,2212018.0,50,2018,21,2
C00308676,2272018.0,250,2018,27,2
C00308676,2212018.0,100,2018,21,2
C00308676,2052018.0,75,2018,05,2
C00308676,2272018.0,200,2018,27,2
C00308676,2112018.0,4,2018,11,2
C00308676,2232018.0,15,2018,23,2
C00308676,2052018.0,300,2018,05,2
C00308676,2132018.0,15,2018,13,2
C00308676,2232018.0,100,2018,23,2
C00308676,2182018.0,100,2018,18,2
C00308676,2112018.0,25,2018,11,2
C00308676,2282018.0,25,2018,28,2
C00308676,2152018.0,25,2018,15,2
C00308676,2282018.0,25,2018,28,2
C00308676,2082018.0,15,2018,08,2
C00308676,2202018.0,25,2018,20,2
C00308676,2042018.0,50,2018,04,2
C00308676,2082018.0,25,2018,08,2
C00308676,2022018.0,25,2018,02,2
C00308676,2082018.0,50,2018,08,2
C00308676,2252018.0,50,2018,25,2
C00308676,2152018.0,25,2018,15,2
C00308676,2212018.0,920,2018,21,2
C00308676,2202018.0,50,2018,20,2
C00308676,2042018.0,25,2018,04,2
C00308676,2082018.0,15,2018,08,2
C00308676,2172018.0,25,2018,17,2
C00308676,2282018.0,10,2018,28,2
C00308676,2252018.0,7,2018,25,2
C00308676,2282018.0,25,2018,28,2
C00308676,2202018.0,25,2018,20,2
C00308676,2072018.0,150,2018,07,2
C00308676,2082018.0,5,2018,08,2
C00308676,2282018.0,25,2018,28,2
C00308676,2022018.0,25,2018,02,2
C00308676,2022018.0,25,2018,02,2
C00308676,2052018.0,15,2018,05,2
C00308676,2282018.0,25,2018,28,2
C00308676,2282018.0,25,2018,28,2
C00308676,2282018.0,3,2018,28,2
C00308676,2282018.0,7,2018,28,2
C00308676,2012018.0,25,2018,01,2
C00308676,2122018.0,300,2018,12,2
C00308676,2122018.0,25,2018,12,2
C00308676,2052018.0,150,2018,05,2
C00308676,2052018.0,75,2018,05,2
C00308676,2182018.0,5,2018,18,2
C00308676,2082018.0,50,2018,08,2
C00308676,2272018.0,25,2018,27,2
C00308676,2072018.0,250,2018,07,2
C00308676,2042018.0,15,2018,04,2
C00308676,2052018.0,25,2018,05,2
C00308676,2282018.0,12,2018,28,2
C00308676,2082018.0,1000,2018,08,2
C00308676,2182018.0,15,2018,18,2
C00308676,2282018.0,1500,2018,28,2
C00308676,2252018.0,10,2018,25,2
C00308676,2062018.0,50,2018,06,2
C00308676,2272018.0,150,2018,27,2
C00308676,2212018.0,150,2018,21,2
C00308676,2022018.0,36,2018,02,2
C00308676,2282018.0,3,2018,28,2
C00308676,2272018.0,50,2018,27,2
C00308676,2022018.0,24,2018,02,2
C00308676,2252018.0,15,2018,25,2
C00308676,2212018.0,25,2018,21,2
C00308676,2082018.0,25,2018,08,2
C00308676,2192018.0,15,2018,19,2
C00308676,2132018.0,50,2018,13,2
C00308676,2172018.0,250,2018,17,2
C00308676,2092018.0,15,2018,09,2
C00308676,2212018.0,25,2018,21,2
C00308676,2252018.0,15,2018,25,2
C00308676,2252018.0,25,2018,25,2
C00308676,2202018.0,15,2018,20,2
C00308676,2152018.0,100,2018,15,2
C00308676,2042018.0,15,2018,04,2
C00308676,2252018.0,100,2018,25,2
C00308676,2212018.0,50,2018,21,2
C00308676,2282018.0,10,2018,28,2
C00308676,2282018.0,25,2018,28,2
C00308676,2242018.0,25,2018,24,2
C00308676,2282018.0,12,2018,28,2
C00308676,2012018.0,25,2018,01,2
C00308676,2092018.0,25,2018,09,2
C00308676,2112018.0,7,2018,11,2
C00308676,2232018.0,100,2018,23,2
C00308676,2182018.0,25,2018,18,2
C00308676,2122018.0,24,2018,12,2
C00308676,2172018.0,25,2018,17,2
C00308676,2282018.0,10,2018,28,2
C00308676,2092018.0,5,2018,09,2
C00308676,2272018.0,15,2018,27,2
C00308676,2282018.0,12,2018,28,2
C00308676,2232018.0,12,2018,23,2
C00308676,2072018.0,15,2018,07,2
C00308676,2202018.0,25,2018,20,2
C00308676,2192018.0,5,2018,19,2
C00308676,2122018.0,250,2018,12,2
C00308676,2252018.0,1,2018,25,2
C00308676,2052018.0,200,2018,05,2
C00308676,2252018.0,25,2018,25,2
C00308676,2152018.0,20,2018,15,2
C00308676,2022018.0,15,2018,02,2
C00308676,2192018.0,50,2018,19,2
C00308676,2262018.0,15,2018,26,2
C00308676,2252018.0,25,2018,25,2
C00308676,2282018.0,25,2018,28,2
C00308676,2212018.0,10,2018,21,2
C00308676,2282018.0,4,2018,28,2
C00308676,2102018.0,100,2018,10,2
C00308676,2212018.0,35,2018,21,2
C00308676,2022018.0,15,2018,02,2
C00308676,2112018.0,100,2018,11,2
C00308676,2042018.0,150,2018,04,2
C00650374,2282018.0,2500,2018,28,2
C00670695,2202018.0,1000,2018,20,2
C00670695,2212018.0,250,2018,21,2
C00670695,2162018.0,2700,2018,16,2
C00670695,2232018.0,8100,2018,23,2
C00670695,2232018.0,-2700,2018,23,2
C00670695,2232018.0,2700,2018,23,2
C00670695,2232018.0,-2700,2018,23,2
C00670695,2232018.0,2700,2018,23,2
C00670695,2162018.0,250,2018,16,2
C00670695,2162018.0,500,2018,16,2
C00670695,2182018.0,500,2018,18,2
C00670695,2182018.0,8100,2018,18,2
C00670695,2182018.0,-2700,2018,18,2
C00670695,2162018.0,250,2018,16,2
C00670695,2262018.0,1000,2018,26,2
C00670695,2162018.0,1000,2018,16,2
C00670695,2202018.0,8100,2018,20,2
C00670695,2202018.0,-2700,2018,20,2
C00670695,2202018.0,2700,2018,20,2
C00670695,2202018.0,-2700,2018,20,2
C00670695,2202018.0,2700,2018,20,2
C00670695,2202018.0,8100,2018,20,2
C00670695,2182018.0,-2700,2018,18,2
C00670695,2182018.0,2700,2018,18,2
C00670695,2162018.0,5400,2018,16,2
C00670695,2162018.0,-2700,2018,16,2
C00670695,2162018.0,2700,2018,16,2
C00670695,2162018.0,5400,2018,16,2
C00670695,2162018.0,-2700,2018,16,2
C00670695,2162018.0,2700,2018,16,2
C00670695,2192018.0,2700,2018,19,2
C00670695,2202018.0,8100,2018,20,2
C00670695,2202018.0,-2700,2018,20,2
C00670695,2202018.0,2700,2018,20,2
C00670695,2202018.0,-2700,2018,20,2
C00670695,2202018.0,2700,2018,20,2
C00670695,2212018.0,500,2018,21,2
C00670695,2212018.0,8100,2018,21,2
C00670695,2212018.0,-2700,2018,21,2
C00670695,2212018.0,2700,2018,21,2
C00670695,2182018.0,2700,2018,18,2
C00670695,2212018.0,-2700,2018,21,2
C00670695,2212018.0,2700,2018,21,2
C00670695,2212018.0,8100,2018,21,2
C00670695,2212018.0,-2700,2018,21,2
C00670695,2212018.0,2700,2018,21,2
C00670695,2212018.0,-2700,2018,21,2
C00670695,2162018.0,500,2018,16,2
C00670695,2162018.0,250,2018,16,2
C00670695,2162018.0,250,2018,16,2
C00670695,2202018.0,1000,2018,20,2
C00670695,2202018.0,2700,2018,20,2
C00670695,2182018.0,2700,2018,18,2
C00670695,2162018.0,1000,2018,16,2
C00670695,2232018.0,300,2018,23,2
C00670695,2222018.0,8100,2018,22,2
C00670695,2222018.0,-2700,2018,22,2
C00670695,2222018.0,2700,2018,22,2
C00670695,2222018.0,-2700,2018,22,2
C00670695,2222018.0,2700,2018,22,2
C00670695,2222018.0,8100,2018,22,2
C00670695,2222018.0,-2700,2018,22,2
C00670695,2202018.0,-2700,2018,20,2
C00670695,2202018.0,2700,2018,20,2
C00670695,2202018.0,-2700,2018,20,2
C00670695,2202018.0,2700,2018,20,2
C00670695,2272018.0,1000,2018,27,2
C00670695,2202018.0,8100,2018,20,2
C00670695,2202018.0,-2700,2018,20,2
C00670695,2202018.0,2700,2018,20,2
C00670695,2202018.0,-2700,2018,20,2
C00670695,2202018.0,2700,2018,20,2
C00670695,2272018.0,2700,2018,27,2
C00670695,2202018.0,1000,2018,20,2
C00670695,2242018.0,1000,2018,24,2
C00670695,2182018.0,1000,2018,18,2
C00670695,2162018.0,250,2018,16,2
C00670695,2272018.0,1000,2018,27,2
C00670695,2162018.0,1000,2018,16,2
C00670695,2172018.0,250,2018,17,2
C00670695,2172018.0,250,2018,17,2
C00670695,2162018.0,2700,2018,16,2
C00670695,2162018.0,2700,2018,16,2
C00670695,2162018.0,250,2018,16,2
C00670695,2162018.0,1000,2018,16,2
C00670695,2212018.0,500,2018,21,2
C00670695,2162018.0,500,2018,16,2
C00670695,2222018.0,8100,2018,22,2
C00670695,2222018.0,-2700,2018,22,2
C00670695,2222018.0,2700,2018,22,2
C00670695,2192018.0,100,2018,19,2
C00670695,2222018.0,-2700,2018,22,2
C00670695,2282018.0,2700,2018,28,2
C00670695,2242018.0,1000,2018,24,2
C00670695,2282018.0,-2700,2018,28,2
C00670695,2282018.0,2700,2018,28,2
C00670695,2232018.0,1000,2018,23,2
C00670695,2282018.0,-2700,2018,28,2
C00670695,2232018.0,500,2018,23,2
C00670695,2202018.0,500,2018,20,2
C00670695,2202018.0,500,2018,20,2
C00670695,2282018.0,8100,2018,28,2
C00670695,2222018.0,500,2018,22,2
C00670695,2212018.0,250,2018,21,2
C00670695,2222018.0,2700,2018,22,2
C00670695,2222018.0,-2700,2018,22,2
C00670695,2222018.0,2700,2018,22,2
C00670695,2162018.0,1000,2018,16,2
C00670695,2212018.0,1000,2018,21,2
C00670695,2232018.0,1000,2018,23,2
C00670695,2172018.0,8100,2018,17,2
C00670695,2172018.0,-2700,2018,17,2
C00670695,2172018.0,2700,2018,17,2
C00670695,2172018.0,-2700,2018,17,2
C00670695,2172018.0,2700,2018,17,2
C00670695,2222018.0,8100,2018,22,2
C00670695,2212018.0,2700,2018,21,2
C00670695,2212018.0,2700,2018,21,2
C00670695,2222018.0,1000,2018,22,2
C00670695,2172018.0,500,2018,17,2
C00670695,2232018.0,250,2018,23,2
C00670695,2262018.0,8100,2018,26,2
C00670695,2262018.0,-2700,2018,26,2
C00670695,2262018.0,2700,2018,26,2
C00670695,2262018.0,-2700,2018,26,2
C00670695,2262018.0,2700,2018,26,2
C00670695,2262018.0,8100,2018,26,2
C00670695,2262018.0,-2700,2018,26,2
C00670695,2262018.0,2700,2018,26,2
C00670695,2202018.0,1000,2018,20,2
C00670695,2162018.0,1000,2018,16,2
C00670695,2202018.0,500,2018,20,2
C00670695,2202018.0,8100,2018,20,2
C00670695,2202018.0,-2700,2018,20,2
C00670695,2202018.0,2700,2018,20,2
C00670695,2162018.0,250,2018,16,2
C00670695,2202018.0,1000,2018,20,2
C00670695,2232018.0,1000,2018,23,2
C00670695,2222018.0,1000,2018,22,2
C00670695,2232018.0,1000,2018,23,2
C00670695,2222018.0,1000,2018,22,2
C00670695,2172018.0,100,2018,17,2
C00670695,2212018.0,-2700,2018,21,2
C00670695,2162018.0,250,2018,16,2
C00670695,2262018.0,2700,2018,26,2
C00670695,2212018.0,8100,2018,21,2
C00670695,2212018.0,2700,2018,21,2
C00670695,2212018.0,-2700,2018,21,2
C00670695,2212018.0,2700,2018,21,2
C00670695,2222018.0,250,2018,22,2
C00670695,2242018.0,1000,2018,24,2
C00670695,2162018.0,1000,2018,16,2
C00670695,2202018.0,-2700,2018,20,2
C00670695,2202018.0,2700,2018,20,2
C00670695,2202018.0,8100,2018,20,2
C00670695,2202018.0,-2700,2018,20,2
C00670695,2202018.0,2700,2018,20,2
C00670695,2202018.0,-2700,2018,20,2
C00670695,2202018.0,2700,2018,20,2
C00670695,2202018.0,8100,2018,20,2
C00670695,2202018.0,-2700,2018,20,2
C00670695,2262018.0,-2700,2018,26,2
C00670695,2202018.0,2700,2018,20,2
C00670695,2202018.0,-2700,2018,20,2
C00670695,2202018.0,2700,2018,20,2
C00670695,2262018.0,2700,2018,26,2
C00670695,2212018.0,1000,2018,21,2
C00670695,2232018.0,500,2018,23,2
C00670695,2202018.0,1000,2018,20,2
C00670695,2202018.0,500,2018,20,2
C00670695,2262018.0,8100,2018,26,2
C00670695,2262018.0,-2700,2018,26,2
C00670695,2262018.0,2700,2018,26,2
C00670695,2262018.0,-2700,2018,26,2
C00670695,2262018.0,2700,2018,26,2
C00670695,2162018.0,500,2018,16,2
C00670695,2212018.0,8100,2018,21,2
C00670695,2212018.0,-2700,2018,21,2
C00670695,2212018.0,2700,2018,21,2
C00670695,2232018.0,5400,2018,23,2
C00670695,2232018.0,-2700,2018,23,2
C00670695,2232018.0,2700,2018,23,2
C00670695,2262018.0,8100,2018,26,2
C00670695,2262018.0,-2700,2018,26,2
C00670695,2262018.0,2700,2018,26,2
C00670695,2262018.0,-2700,2018,26,2
C00670695,2262018.0,2700,2018,26,2
C00670695,2212018.0,2700,2018,21,2
C00670695,2202018.0,500,2018,20,2
C00670695,2162018.0,250,2018,16,2
C00670695,2212018.0,-2700,2018,21,2
C00670695,2272018.0,5400,2018,27,2
C00670695,2272018.0,-2700,2018,27,2
C00670695,2272018.0,2700,2018,27,2
C00670695,2222018.0,2700,2018,22,2
C00670695,2172018.0,500,2018,17,2
C00670695,2162018.0,100,2018,16,2
C00670695,2192018.0,250,2018,19,2
C00670695,2252018.0,250,2018,25,2
C00670695,2162018.0,8100,2018,16,2
C00670695,2162018.0,-2700,2018,16,2
C00670695,2162018.0,2700,2018,16,2
C00670695,2202018.0,-2700,2018,20,2
C00670695,2162018.0,-2700,2018,16,2
C00670695,2162018.0,2700,2018,16,2
C00670695,2202018.0,8100,2018,20,2
C00670695,2202018.0,2700,2018,20,2
C00670695,2202018.0,-2700,2018,20,2
C00670695,2162018.0,500,2018,16,2
C00670695,2222018.0,2700,2018,22,2
C00670695,2222018.0,2700,2018,22,2
C00670695,2222018.0,8100,2018,22,2
C00670695,2222018.0,-2700,2018,22,2
C00670695,2222018.0,2700,2018,22,2
C00670695,2222018.0,-2700,2018,22,2
C00670695,2212018.0,5400,2018,21,2
C00670695,2262018.0,8100,2018,26,2
C00670695,2202018.0,2700,2018,20,2
C00670695,2222018.0,1000,2018,22,2
C00670695,2262018.0,-2700,2018,26,2
C00670695,2262018.0,2700,2018,26,2
C00670695,2262018.0,-2700,2018,26,2
C00670695,2262018.0,2700,2018,26,2
C00670695,2172018.0,1000,2018,17,2
C00670695,2162018.0,300,2018,16,2
C00670695,2162018.0,1000,2018,16,2
C00670695,2162018.0,500,2018,16,2
C00670695,2162018.0,500,2018,16,2
C00670695,2262018.0,250,2018,26,2
C00670695,2212018.0,1000,2018,21,2
C00670695,2162018.0,1000,2018,16,2
C00670695,2262018.0,8100,2018,26,2
C00670695,2262018.0,-2700,2018,26,2
C00670695,2222018.0,-2700,2018,22,2
C00670695,2222018.0,2700,2018,22,2
C00670695,2212018.0,-2700,2018,21,2
C00670695,2222018.0,-2700,2018,22,2
C00670695,2222018.0,2700,2018,22,2
C00670695,2212018.0,8100,2018,21,2
C00670695,2212018.0,2700,2018,21,2
C00670695,2212018.0,-2700,2018,21,2
C00670695,2212018.0,2700,2018,21,2
C00670695,2232018.0,500,2018,23,2
C00670695,2212018.0,-2700,2018,21,2
C00670695,2212018.0,2700,2018,21,2
C00670695,2202018.0,1000,2018,20,2
C00670695,2202018.0,1000,2018,20,2
C00670695,2242018.0,1000,2018,24,2
C00670695,2162018.0,1000,2018,16,2
C00670695,2212018.0,1000,2018,21,2
C00670695,2162018.0,2700,2018,16,2
C00670695,2162018.0,8100,2018,16,2
C00670695,2162018.0,-2700,2018,16,2
C00670695,2162018.0,2700,2018,16,2
C00670695,2162018.0,-2700,2018,16,2
C00670695,2202018.0,250,2018,20,2
C00670695,2162018.0,1000,2018,16,2
C00670695,2282018.0,-2700,2018,28,2
C00670695,2182018.0,1000,2018,18,2
C00670695,2232018.0,2700,2018,23,2
C00670695,2282018.0,5400,2018,28,2
C00670695,2282018.0,2700,2018,28,2
C00670695,2172018.0,250,2018,17,2
C00670695,2232018.0,8100,2018,23,2
C00670695,2232018.0,-2700,2018,23,2
C00670695,2232018.0,2700,2018,23,2
C00670695,2232018.0,2700,2018,23,2
C00670695,2162018.0,250,2018,16,2
C00670695,2262018.0,2700,2018,26,2
C00670695,2262018.0,-2700,2018,26,2
C00670695,2262018.0,2700,2018,26,2
C00670695,2182018.0,250,2018,18,2
C00670695,2192018.0,8100,2018,19,2
C00670695,2202018.0,1000,2018,20,2
C00670695,2162018.0,250,2018,16,2
C00670695,2192018.0,-2700,2018,19,2
C00670695,2162018.0,2700,2018,16,2
C00670695,2202018.0,1000,2018,20,2
C00670695,2162018.0,8100,2018,16,2
C00670695,2162018.0,-2700,2018,16,2
C00670695,2162018.0,2700,2018,16,2
C00670695,2162018.0,-2700,2018,16,2
C00670695,2162018.0,2700,2018,16,2
C00670695,2162018.0,1000,2018,16,2
C00670695,2242018.0,1000,2018,24,2
C00670695,2282018.0,1000,2018,28,2
C00670695,2162018.0,400,2018,16,2
C00670695,2272018.0,2700,2018,27,2
C00670695,2202018.0,250,2018,20,2
C00670695,2202018.0,8100,2018,20,2
C00670695,2162018.0,2700,2018,16,2
C00670695,2192018.0,2700,2018,19,2
C00670695,2192018.0,-2700,2018,19,2
C00670695,2192018.0,2700,2018,19,2
C00670695,2162018.0,2700,2018,16,2
C00670695,2162018.0,2000,2018,16,2
C00670695,2162018.0,250,2018,16,2
C00670695,2232018.0,2700,2018,23,2
C00670695,2202018.0,500,2018,20,2
C00670695,2202018.0,2700,2018,20,2
C00670695,2202018.0,-2700,2018,20,2
C00670695,2202018.0,2700,2018,20,2
C00670695,2202018.0,-2700,2018,20,2
C00670695,2162018.0,250,2018,16,2
C00670695,2202018.0,1000,2018,20,2
C00670695,2202018.0,8100,2018,20,2
C00670695,2202018.0,-2700,2018,20,2
C00670695,2202018.0,2700,2018,20,2
C00670695,2202018.0,-2700,2018,20,2
C00670695,2202018.0,2700,2018,20,2
C00670695,2162018.0,250,2018,16,2
C00670695,2162018.0,1000,2018,16,2
C00670695,2162018.0,1000,2018,16,2
C00264697,2282018.0,10,2018,28,2
C00264697,2282018.0,10,2018,28,2
C00264697,2252018.0,20,2018,25,2
C00264697,2192018.0,10,2018,19,2
C00264697,2172018.0,100,2018,17,2
C00264697,2212018.0,500,2018,21,2
C00264697,2012018.0,100,2018,01,2
C00264697,2202018.0,50,2018,20,2
C00264697,2262018.0,50,2018,26,2
C00264697,2282018.0,5,2018,28,2
C00264697,2282018.0,5,2018,28,2
C00264697,2052018.0,100,2018,05,2
C00264697,2222018.0,50,2018,22,2
C00264697,2262018.0,10,2018,26,2
C00264697,2022018.0,26,2018,02,2
C00264697,2162018.0,100,2018,16,2
C00264697,2052018.0,30,2018,05,2
C00264697,2152018.0,250,2018,15,2
C00264697,2202018.0,1500,2018,20,2
C00264697,2222018.0,75,2018,22,2
C00264697,2032018.0,50,2018,03,2
C00264697,2282018.0,10,2018,28,2
C00264697,2282018.0,25,2018,28,2
C00264697,2282018.0,50,2018,28,2
C00264697,2212018.0,100,2018,21,2
C00264697,2202018.0,5,2018,20,2
C00264697,2232018.0,10,2018,23,2
C00264697,2042018.0,50,2018,04,2
C00264697,2262018.0,100,2018,26,2
C00264697,2282018.0,1,2018,28,2
C00264697,2152018.0,75,2018,15,2
C00264697,2192018.0,10,2018,19,2
C00264697,2022018.0,50,2018,02,2
C00264697,2022018.0,35,2018,02,2
C00264697,2042018.0,500,2018,04,2
C00264697,2052018.0,100,2018,05,2
C00264697,2052018.0,2,2018,05,2
C00264697,2092018.0,26,2018,09,2
C00264697,2092018.0,75,2018,09,2
C00264697,2042018.0,5,2018,04,2
C00264697,2042018.0,50,2018,04,2
C00264697,2272018.0,21,2018,27,2
C00264697,2272018.0,10,2018,27,2
C00264697,2282018.0,25,2018,28,2
C00264697,2282018.0,10,2018,28,2
C00264697,2212018.0,100,2018,21,2
C00264697,2212018.0,1,2018,21,2
C00264697,2082018.0,50,2018,08,2
C00264697,2132018.0,25,2018,13,2
C00264697,2152018.0,26,2018,15,2
C00264697,2182018.0,250,2018,18,2
C00264697,2282018.0,26,2018,28,2
C00264697,2142018.0,26,2018,14,2
C00264697,2142018.0,26,2018,14,2
C00264697,2172018.0,26,2018,17,2
C00264697,2262018.0,25,2018,26,2
C00264697,2052018.0,10,2018,05,2
C00264697,2092018.0,10,2018,09,2
C00264697,2242018.0,5,2018,24,2
C00264697,2262018.0,10,2018,26,2
C00264697,2222018.0,5,2018,22,2
C00264697,2232018.0,26,2018,23,2
C00264697,2142018.0,10,2018,14,2
C00264697,2172018.0,5,2018,17,2
C00264697,2082018.0,500,2018,08,2
C00264697,2102018.0,5,2018,10,2
C00264697,2072018.0,50,2018,07,2
C00264697,2082018.0,10,2018,08,2
C00264697,2092018.0,1000,2018,09,2
C00264697,2052018.0,100,2018,05,2
C00264697,2202018.0,26,2018,20,2
C00264697,2282018.0,10,2018,28,2
C00264697,2262018.0,20,2018,26,2
C00264697,2272018.0,25,2018,27,2
C00264697,2282018.0,100,2018,28,2
C00264697,2052018.0,10,2018,05,2
C00264697,2062018.0,10,2018,06,2
C00264697,2072018.0,50,2018,07,2
C00264697,2112018.0,26,2018,11,2
C00264697,2152018.0,10,2018,15,2
C00264697,2152018.0,5,2018,15,2
C00264697,2232018.0,50,2018,23,2
C00264697,2142018.0,20,2018,14,2
C00264697,2162018.0,25,2018,16,2
C00264697,2172018.0,25,2018,17,2
C00264697,2152018.0,25,2018,15,2
C00264697,2172018.0,500,2018,17,2
C00264697,2212018.0,25,2018,21,2
C00264697,2212018.0,500,2018,21,2
C00264697,2232018.0,1,2018,23,2
C00264697,2232018.0,5,2018,23,2
C00264697,2152018.0,5,2018,15,2
C00264697,2162018.0,100,2018,16,2
C00264697,2162018.0,5,2018,16,2
C00264697,2172018.0,100,2018,17,2
C00264697,2102018.0,100,2018,10,2
C00264697,2132018.0,54,2018,13,2
C00264697,2102018.0,2,2018,10,2
C00264697,2272018.0,26,2018,27,2
C00264697,2272018.0,5,2018,27,2
C00264697,2282018.0,5,2018,28,2
C00264697,2242018.0,10,2018,24,2
C00264697,2052018.0,10,2018,05,2
C00264697,2092018.0,250,2018,09,2
C00264697,2282018.0,50,2018,28,2
C00264697,2102018.0,26,2018,10,2
C00264697,2052018.0,1,2018,05,2
C00264697,2062018.0,5,2018,06,2
C00264697,2212018.0,27,2018,21,2
C00264697,2212018.0,250,2018,21,2
C00264697,2052018.0,5,2018,05,2
C00264697,2092018.0,26,2018,09,2
C00264697,2092018.0,26,2018,09,2
C00264697,2242018.0,10,2018,24,2
C00264697,2242018.0,26,2018,24,2
C00264697,2122018.0,50,2018,12,2
C00264697,2262018.0,1,2018,26,2
C00264697,2272018.0,1,2018,27,2
C00264697,2152018.0,50,2018,15,2
C00264697,2192018.0,10,2018,19,2
C00264697,2212018.0,1,2018,21,2
C00264697,2272018.0,250,2018,27,2
C00264697,2112018.0,500,2018,11,2
C00264697,2142018.0,10,2018,14,2
C00264697,2182018.0,30,2018,18,2
C00264697,2172018.0,10,2018,17,2
C00264697,2012018.0,10,2018,01,2
C00264697,2022018.0,50,2018,02,2
C00264697,2272018.0,20,2018,27,2
C00264697,2042018.0,50,2018,04,2
C00264697,2272018.0,10,2018,27,2
C00264697,2272018.0,10,2018,27,2
C00264697,2082018.0,30,2018,08,2
C00264697,2122018.0,10,2018,12,2
C00264697,2172018.0,10,2018,17,2
C00264697,2032018.0,5,2018,03,2
C00264697,2032018.0,100,2018,03,2
C00264697,2122018.0,1000,2018,12,2
C00264697,2262018.0,26,2018,26,2
C00264697,2162018.0,5,2018,16,2
C00264697,2182018.0,10,2018,18,2
C00264697,2032018.0,10,2018,03,2
C00264697,2272018.0,26,2018,27,2
C00264697,2122018.0,100,2018,12,2
C00264697,2012018.0,5,2018,01,2
C00264697,2162018.0,10,2018,16,2
C00264697,2132018.0,10,2018,13,2
C00264697,2132018.0,26,2018,13,2
C00264697,2152018.0,50,2018,15,2
C00264697,2252018.0,500,2018,25,2
C00264697,2222018.0,75,2018,22,2
C00264697,2082018.0,5,2018,08,2
C00264697,2172018.0,2700,2018,17,2
C00264697,2052018.0,150,2018,05,2
C00264697,2222018.0,50,2018,22,2
C00264697,2242018.0,50,2018,24,2
C00264697,2202018.0,100,2018,20,2
C00264697,2222018.0,26,2018,22,2
C00264697,2222018.0,5,2018,22,2
C00264697,2232018.0,26,2018,23,2
C00264697,2242018.0,100,2018,24,2
C00264697,2062018.0,10,2018,06,2
C00264697,2112018.0,30,2018,11,2
C00264697,2212018.0,118,2018,21,2
C00264697,2062018.0,26,2018,06,2
C00264697,2082018.0,100,2018,08,2
C00264697,2112018.0,5,2018,11,2
C00264697,2212018.0,100,2018,21,2
C00264697,2202018.0,1,2018,20,2
C00264697,2202018.0,5,2018,20,2
C00264697,2222018.0,17,2018,22,2
C00264697,2232018.0,25,2018,23,2
C00264697,2242018.0,26,2018,24,2
C00264697,2042018.0,5,2018,04,2
C00264697,2282018.0,5,2018,28,2
C00264697,2022018.0,150,2018,02,2
C00264697,2022018.0,50,2018,02,2
C00264697,2272018.0,25,2018,27,2
C00264697,2272018.0,26,2018,27,2
C00264697,2022018.0,5,2018,02,2
C00264697,2282018.0,25,2018,28,2
C00264697,2282018.0,10,2018,28,2
C00264697,2052018.0,100,2018,05,2
C00264697,2192018.0,100,2018,19,2
C00264697,2192018.0,25,2018,19,2
C00264697,2202018.0,30,2018,20,2
C00264697,2272018.0,50,2018,27,2
C00264697,2282018.0,10,2018,28,2
C00264697,2282018.0,26,2018,28,2
C00264697,2232018.0,25,2018,23,2
C00264697,2142018.0,100,2018,14,2
C00264697,2162018.0,26,2018,16,2
C00264697,2052018.0,10,2018,05,2
C00264697,2112018.0,10,2018,11,2
C00264697,2042018.0,5,2018,04,2
C00264697,2272018.0,1,2018,27,2
C00264697,2282018.0,26,2018,28,2
C00264697,2282018.0,50,2018,28,2
C00264697,2032018.0,3,2018,03,2
C00264697,2282018.0,25,2018,28,2
C00264697,2282018.0,50,2018,28,2
C00264697,2192018.0,1,2018,19,2
C00264697,2262018.0,35,2018,26,2
C00264697,2072018.0,250,2018,07,2
C00264697,2222018.0,100,2018,22,2
C00264697,2212018.0,100,2018,21,2
C00264697,2152018.0,25,2018,15,2
C00264697,2142018.0,5,2018,14,2
C00264697,2262018.0,100,2018,26,2
C00264697,2282018.0,18,2018,28,2
C00264697,2282018.0,20,2018,28,2
C00264697,2252018.0,5,2018,25,2
C00264697,2262018.0,1,2018,26,2
C00264697,2262018.0,300,2018,26,2
C00264697,2282018.0,50,2018,28,2
C00264697,2272018.0,10,2018,27,2
C00264697,2282018.0,50,2018,28,2
C00264697,2282018.0,5,2018,28,2
C00264697,2122018.0,27,2018,12,2
C00264697,2152018.0,25,2018,15,2
C00264697,2222018.0,10,2018,22,2
C00264697,2222018.0,5,2018,22,2
C00264697,2252018.0,40,2018,25,2
C00264697,2132018.0,10,2018,13,2
C00264697,2262018.0,10,2018,26,2
C00264697,2272018.0,25,2018,27,2
C00264697,2282018.0,25,2018,28,2
C00264697,2282018.0,25,2018,28,2
C00264697,2102018.0,10,2018,10,2
C00264697,2222018.0,250,2018,22,2
C00264697,2232018.0,10,2018,23,2
C00264697,2162018.0,100,2018,16,2
C00264697,2032018.0,10,2018,03,2
C00264697,2262018.0,25,2018,26,2
C00264697,2262018.0,25,2018,26,2
C00264697,2282018.0,25,2018,28,2
C00264697,2282018.0,2,2018,28,2
C00264697,2162018.0,1000,2018,16,2
C00264697,2262018.0,50,2018,26,2
C00264697,2282018.0,10,2018,28,2
C00264697,2282018.0,10,2018,28,2
C00264697,2242018.0,50,2018,24,2
C00264697,2252018.0,25,2018,25,2
C00264697,2262018.0,26,2018,26,2
C00264697,2272018.0,1000,2018,27,2
C00264697,2202018.0,5,2018,20,2
C00264697,2282018.0,25,2018,28,2
C00264697,2282018.0,50,2018,28,2
C00264697,2282018.0,100,2018,28,2
C00264697,2202018.0,5,2018,20,2
C00264697,2072018.0,500,2018,07,2
C00264697,2272018.0,250,2018,27,2
C00264697,2222018.0,50,2018,22,2
C00264697,2242018.0,50,2018,24,2
C00264697,2282018.0,25,2018,28,2
C00264697,2282018.0,26,2018,28,2
C00264697,2082018.0,30,2018,08,2
C00264697,2172018.0,10,2018,17,2
C00264697,2012018.0,50,2018,01,2
C00264697,2202018.0,10,2018,20,2
C00264697,2212018.0,5,2018,21,2
C00264697,2242018.0,10,2018,24,2
C00264697,2272018.0,10,2018,27,2
C00264697,2162018.0,26,2018,16,2
C00264697,2172018.0,5,2018,17,2
C00264697,2282018.0,12,2018,28,2
C00264697,2282018.0,27,2018,28,2
C00264697,2022018.0,250,2018,02,2
C00264697,2262018.0,20,2018,26,2
C00264697,2142018.0,10,2018,14,2
C00264697,2142018.0,25,2018,14,2
C00264697,2162018.0,10,2018,16,2
C00264697,2152018.0,1000,2018,15,2
C00264697,2202018.0,15,2018,20,2
C00264697,2142018.0,10,2018,14,2
C00264697,2262018.0,26,2018,26,2
C00264697,2262018.0,100,2018,26,2
C00264697,2282018.0,25,2018,28,2
C00264697,2052018.0,50,2018,05,2
C00264697,2242018.0,10,2018,24,2
C00264697,2252018.0,10,2018,25,2
C00264697,2102018.0,150,2018,10,2
C00264697,2102018.0,50,2018,10,2
C00264697,2262018.0,15,2018,26,2
C00264697,2272018.0,26,2018,27,2
C00264697,2282018.0,26,2018,28,2
C00264697,2192018.0,26,2018,19,2
C00264697,2252018.0,100,2018,25,2
C00264697,2182018.0,26,2018,18,2
C00264697,2182018.0,30,2018,18,2
C00264697,2202018.0,4,2018,20,2
C00264697,2052018.0,500,2018,05,2
C00264697,2282018.0,50,2018,28,2
C00264697,2052018.0,25,2018,05,2
C00264697,2062018.0,25,2018,06,2
C00264697,2222018.0,500,2018,22,2
C00264697,2242018.0,10,2018,24,2
C00264697,2242018.0,10,2018,24,2
C00264697,2172018.0,10,2018,17,2
C00264697,2152018.0,1000,2018,15,2
C00264697,2192018.0,150,2018,19,2
C00264697,2182018.0,26,2018,18,2
C00264697,2012018.0,10,2018,01,2
C00264697,2042018.0,50,2018,04,2
C00264697,2282018.0,7,2018,28,2
C00264697,2052018.0,26,2018,05,2
C00264697,2122018.0,10,2018,12,2
C00264697,2142018.0,10,2018,14,2
C00264697,2142018.0,26,2018,14,2
C00264697,2172018.0,26,2018,17,2
C00264697,2172018.0,1,2018,17,2
C00264697,2122018.0,10,2018,12,2
C00264697,2272018.0,27,2018,27,2
C00264697,2262018.0,100,2018,26,2
C00264697,2272018.0,25,2018,27,2
C00264697,2272018.0,10,2018,27,2
C00264697,2272018.0,10,2018,27,2
C00264697,2282018.0,50,2018,28,2
C00264697,2162018.0,50,2018,16,2
C00264697,2192018.0,5,2018,19,2
C00264697,2282018.0,25,2018,28,2
C00264697,2212018.0,27,2018,21,2
C00264697,2252018.0,26,2018,25,2
C00264697,2252018.0,26,2018,25,2
C00264697,2102018.0,2,2018,10,2
C00264697,2032018.0,26,2018,03,2
C00264697,2042018.0,25,2018,04,2
C00264697,2262018.0,500,2018,26,2
C00264697,2132018.0,500,2018,13,2
C00264697,2282018.0,100,2018,28,2
C00264697,2192018.0,10,2018,19,2
C00264697,2232018.0,10,2018,23,2
C00264697,2252018.0,100,2018,25,2
C00264697,2212018.0,250,2018,21,2
C00264697,2212018.0,250,2018,21,2
C00264697,2262018.0,26,2018,26,2
C00264697,2272018.0,10,2018,27,2
C00264697,2282018.0,50,2018,28,2
C00264697,2192018.0,150,2018,19,2
C00264697,2122018.0,10,2018,12,2
C00264697,2212018.0,10,2018,21,2
C00264697,2222018.0,5,2018,22,2
C00264697,2242018.0,50,2018,24,2
C00264697,2242018.0,26,2018,24,2
C00264697,2182018.0,100,2018,18,2
C00264697,2022018.0,1500,2018,02,2
C00264697,2182018.0,1,2018,18,2
C00264697,2142018.0,26,2018,14,2
C00264697,2282018.0,1000,2018,28,2
C00264697,2232018.0,5,2018,23,2
C00264697,2232018.0,10,2018,23,2
C00264697,2252018.0,26,2018,25,2
C00264697,2022018.0,10,2018,02,2
C00264697,2262018.0,26,2018,26,2
C00264697,2272018.0,20,2018,27,2
C00264697,2172018.0,500,2018,17,2
C00264697,2032018.0,10,2018,03,2
C00264697,2142018.0,5,2018,14,2
C00264697,2192018.0,10,2018,19,2
C00264697,2012018.0,25,2018,01,2
C00264697,2052018.0,5,2018,05,2
C00264697,2212018.0,500,2018,21,2
C00264697,2052018.0,25,2018,05,2
C00264697,2202018.0,5,2018,20,2
C00264697,2222018.0,26,2018,22,2
C00264697,2222018.0,26,2018,22,2
C00264697,2262018.0,50,2018,26,2
C00264697,2172018.0,15,2018,17,2
C00264697,2282018.0,27,2018,28,2
C00264697,2282018.0,25,2018,28,2
C00264697,2282018.0,10,2018,28,2
C00264697,2212018.0,8,2018,21,2
C00264697,2232018.0,10,2018,23,2
C00264697,2242018.0,10,2018,24,2
C00264697,2252018.0,27,2018,25,2
C00264697,2082018.0,50,2018,08,2
C00264697,2122018.0,5,2018,12,2
C00264697,2152018.0,5,2018,15,2
C00264697,2162018.0,50,2018,16,2
C00264697,2072018.0,30,2018,07,2
C00264697,2022018.0,30,2018,02,2
C00264697,2282018.0,25,2018,28,2
C00264697,2282018.0,5,2018,28,2
C00264697,2032018.0,150,2018,03,2
C00264697,2202018.0,5,2018,20,2
C00264697,2232018.0,500,2018,23,2
C00264697,2072018.0,150,2018,07,2
C00264697,2252018.0,100,2018,25,2
C00264697,2182018.0,15,2018,18,2
C00264697,2172018.0,10,2018,17,2
C00264697,2252018.0,21,2018,25,2
C00264697,2022018.0,500,2018,02,2
C00264697,2272018.0,25,2018,27,2
C00264697,2272018.0,10,2018,27,2
C00264697,2282018.0,10,2018,28,2
C00264697,2282018.0,25,2018,28,2
C00264697,2282018.0,100,2018,28,2
C00264697,2012018.0,50,2018,01,2
C00264697,2142018.0,150,2018,14,2
C00264697,2282018.0,50,2018,28,2
C00264697,2282018.0,5,2018,28,2
C00264697,2082018.0,25,2018,08,2
C00264697,2092018.0,5,2018,09,2
C00264697,2112018.0,50,2018,11,2
C00264697,2232018.0,10,2018,23,2
C00264697,2252018.0,5,2018,25,2
C00264697,2162018.0,20,2018,16,2
C00264697,2212018.0,200,2018,21,2
C00264697,2262018.0,26,2018,26,2
C00264697,2252018.0,26,2018,25,2
C00264697,2252018.0,26,2018,25,2
C00264697,2222018.0,2000,2018,22,2
C00264697,2212018.0,27,2018,21,2
C00264697,2262018.0,10,2018,26,2
C00264697,2182018.0,50,2018,18,2
C00264697,2022018.0,10,2018,02,2
C00264697,2142018.0,500,2018,14,2
C00264697,2162018.0,150,2018,16,2
C00264697,2212018.0,22,2018,21,2
C00264697,2212018.0,100,2018,21,2
C00264697,2222018.0,5,2018,22,2
C00264697,2232018.0,30,2018,23,2
C00264697,2242018.0,26,2018,24,2
C00264697,2252018.0,50,2018,25,2
C00264697,2282018.0,50,2018,28,2
C00264697,2282018.0,25,2018,28,2
C00264697,2122018.0,10,2018,12,2
C00264697,2192018.0,5,2018,19,2
C00264697,2202018.0,10,2018,20,2
C00264697,2072018.0,30,2018,07,2
C00264697,2152018.0,25,2018,15,2
C00264697,2142018.0,3,2018,14,2
C00264697,2132018.0,26,2018,13,2
C00264697,2142018.0,100,2018,14,2
C00264697,2122018.0,250,2018,12,2
C00264697,2222018.0,100,2018,22,2
C00264697,2262018.0,50,2018,26,2
C00264697,2282018.0,26,2018,28,2
C00264697,2282018.0,10,2018,28,2
C00264697,2122018.0,26,2018,12,2
C00264697,2132018.0,25,2018,13,2
C00264697,2202018.0,25,2018,20,2
C00264697,2202018.0,150,2018,20,2
C00264697,2112018.0,5,2018,11,2
C00264697,2032018.0,25,2018,03,2
C00264697,2272018.0,26,2018,27,2
C00264697,2152018.0,150,2018,15,2
C00264697,2232018.0,25,2018,23,2
C00264697,2252018.0,25,2018,25,2
C00264697,2042018.0,250,2018,04,2
C00264697,2162018.0,25,2018,16,2
C00264697,2122018.0,2700,2018,12,2
C00264697,2182018.0,-2000,2018,18,2
C00264697,2182018.0,2000,2018,18,2
C00264697,2152018.0,26,2018,15,2
C00264697,2152018.0,5,2018,15,2
C00264697,2162018.0,50,2018,16,2
C00264697,2162018.0,26,2018,16,2
C00264697,2162018.0,1,2018,16,2
C00264697,2152018.0,26,2018,15,2
C00264697,2182018.0,26,2018,18,2
C00264697,2262018.0,26,2018,26,2
C00264697,2262018.0,5,2018,26,2
C00264697,2282018.0,26,2018,28,2
C00264697,2282018.0,25,2018,28,2
C00264697,2202018.0,25,2018,20,2
C00264697,2282018.0,100,2018,28,2
C00264697,2052018.0,250,2018,05,2
C00264697,2152018.0,150,2018,15,2
C00264697,2232018.0,1000,2018,23,2
C00264697,2102018.0,10,2018,10,2
C00264697,2052018.0,50,2018,05,2
C00264697,2052018.0,26,2018,05,2
C00264697,2062018.0,10,2018,06,2
C00264697,2082018.0,25,2018,08,2
C00264697,2092018.0,13,2018,09,2
C00264697,2092018.0,26,2018,09,2
C00264697,2102018.0,26,2018,10,2
C00264697,2032018.0,75,2018,03,2
C00264697,2282018.0,250,2018,28,2
C00264697,2172018.0,26,2018,17,2
C00264697,2102018.0,10,2018,10,2
C00264697,2182018.0,26,2018,18,2
C00264697,2202018.0,10,2018,20,2
C00264697,2202018.0,5,2018,20,2
C00264697,2232018.0,10,2018,23,2
C00264697,2242018.0,10,2018,24,2
C00264697,2252018.0,8,2018,25,2
C00264697,2252018.0,50,2018,25,2
C00264697,2182018.0,250,2018,18,2
C00264697,2172018.0,10,2018,17,2
C00264697,2202018.0,10,2018,20,2
C00264697,2222018.0,5,2018,22,2
C00264697,2222018.0,29,2018,22,2
C00264697,2012018.0,250,2018,01,2
C00264697,2042018.0,100,2018,04,2
C00264697,2192018.0,26,2018,19,2
C00264697,2162018.0,25,2018,16,2
C00264697,2282018.0,50,2018,28,2
C00264697,2212018.0,250,2018,21,2
C00264697,2052018.0,10,2018,05,2
C00264697,2282018.0,17,2018,28,2
C00264697,2282018.0,40,2018,28,2
C00264697,2012018.0,11,2018,01,2
C00264697,2242018.0,10,2018,24,2
C00264697,2022018.0,10,2018,02,2
C00264697,2272018.0,25,2018,27,2
C00264697,2152018.0,250,2018,15,2
C00264697,2202018.0,5,2018,20,2
C00264697,2222018.0,10,2018,22,2
C00264697,2202018.0,200,2018,20,2
C00264697,2262018.0,40,2018,26,2
C00264697,2222018.0,2500,2018,22,2
C00264697,2222018.0,250,2018,22,2
C00264697,2082018.0,10,2018,08,2
C00264697,2012018.0,50,2018,01,2
C00264697,2022018.0,100,2018,02,2
C00264697,2052018.0,26,2018,05,2
C00264697,2282018.0,26,2018,28,2
C00264697,2042018.0,26,2018,04,2
C00264697,2282018.0,10,2018,28,2
C00264697,2282018.0,5,2018,28,2
C00264697,2282018.0,500,2018,28,2
C00264697,2162018.0,35,2018,16,2
C00264697,2182018.0,5,2018,18,2
C00264697,2022018.0,150,2018,02,2
C00264697,2232018.0,20,2018,23,2
C00264697,2272018.0,50,2018,27,2
C00264697,2172018.0,100,2018,17,2
C00264697,2122018.0,27,2018,12,2
C00264697,2132018.0,5,2018,13,2
C00264697,2152018.0,10,2018,15,2
C00264697,2102018.0,5,2018,10,2
C00264697,2212018.0,250,2018,21,2
C00264697,2132018.0,2,2018,13,2
C00264697,2152018.0,2,2018,15,2
C00264697,2182018.0,26,2018,18,2
C00264697,2082018.0,5,2018,08,2
C00264697,2132018.0,10,2018,13,2
C00264697,2152018.0,5,2018,15,2
C00264697,2272018.0,250,2018,27,2
C00264697,2242018.0,5,2018,24,2
C00264697,2072018.0,1000,2018,07,2
C00264697,2092018.0,25,2018,09,2
C00264697,2102018.0,26,2018,10,2
C00264697,2112018.0,26,2018,11,2
C00264697,2142018.0,50,2018,14,2
C00264697,2162018.0,75,2018,16,2
C00264697,2262018.0,20,2018,26,2
C00264697,2112018.0,20,2018,11,2
C00264697,2282018.0,1,2018,28,2
C00264697,2252018.0,25,2018,25,2
C00264697,2252018.0,25,2018,25,2
C00264697,2122018.0,10,2018,12,2
C00264697,2182018.0,26,2018,18,2
C00264697,2282018.0,25,2018,28,2
C00264697,2012018.0,25,2018,01,2
C00264697,2032018.0,10,2018,03,2
C00264697,2042018.0,5,2018,04,2
C00264697,2262018.0,5,2018,26,2
C00264697,2282018.0,26,2018,28,2
C00264697,2282018.0,10,2018,28,2
C00264697,2282018.0,25,2018,28,2
C00264697,2212018.0,500,2018,21,2
C00264697,2262018.0,26,2018,26,2
C00264697,2072018.0,100,2018,07,2
C00264697,2072018.0,100,2018,07,2
C00264697,2162018.0,50,2018,16,2
C00264697,2052018.0,10,2018,05,2
C00264697,2202018.0,26,2018,20,2
C00264697,2072018.0,150,2018,07,2
C00264697,2162018.0,1000,2018,16,2
C00264697,2162018.0,-900,2018,16,2
C00264697,2162018.0,900,2018,16,2
C00264697,2042018.0,150,2018,04,2
C00264697,2012018.0,100,2018,01,2
C00264697,2042018.0,26,2018,04,2
C00264697,2262018.0,5,2018,26,2
C00264697,2282018.0,25,2018,28,2
C00264697,2282018.0,25,2018,28,2
C00264697,2052018.0,17,2018,05,2
C00264697,2132018.0,500,2018,13,2
C00264697,2052018.0,25,2018,05,2
C00264697,2052018.0,20,2018,05,2
C00264697,2272018.0,30,2018,27,2
C00264697,2282018.0,26,2018,28,2
C00264697,2272018.0,26,2018,27,2
C00264697,2282018.0,10,2018,28,2
C00264697,2122018.0,50,2018,12,2
C00264697,2022018.0,26,2018,02,2
C00264697,2152018.0,100,2018,15,2
C00264697,2152018.0,10,2018,15,2
C00264697,2102018.0,100,2018,10,2
C00264697,2062018.0,1,2018,06,2
C00264697,2062018.0,50,2018,06,2
C00264697,2092018.0,25,2018,09,2
C00264697,2072018.0,5,2018,07,2
C00264697,2062018.0,25,2018,06,2
C00264697,2062018.0,50,2018,06,2
C00264697,2152018.0,5,2018,15,2
C00264697,2152018.0,10,2018,15,2
C00264697,2182018.0,25,2018,18,2
C00264697,2112018.0,10,2018,11,2
C00264697,2022018.0,50,2018,02,2
C00264697,2262018.0,27,2018,26,2
C00264697,2042018.0,26,2018,04,2
C00264697,2262018.0,26,2018,26,2
C00264697,2042018.0,5,2018,04,2
C00264697,2272018.0,10,2018,27,2
C00264697,2282018.0,10,2018,28,2
C00264697,2282018.0,25,2018,28,2
C00264697,2032018.0,25,2018,03,2
C00264697,2262018.0,11,2018,26,2
C00264697,2282018.0,50,2018,28,2
C00264697,2282018.0,5,2018,28,2
C00264697,2152018.0,75,2018,15,2
C00264697,2242018.0,50,2018,24,2
C00264697,2252018.0,50,2018,25,2
C00264697,2252018.0,100,2018,25,2
C00264697,2062018.0,500,2018,06,2
C00264697,2162018.0,100,2018,16,2
C00264697,2272018.0,5,2018,27,2
C00264697,2062018.0,26,2018,06,2
C00264697,2082018.0,1000,2018,08,2
C00264697,2112018.0,-287,2018,11,2
C00264697,2112018.0,287,2018,11,2
C00264697,2102018.0,50,2018,10,2
C00264697,2272018.0,5,2018,27,2
C00264697,2142018.0,10,2018,14,2
C00264697,2282018.0,150,2018,28,2
C00264697,2142018.0,10,2018,14,2
C00264697,2192018.0,500,2018,19,2
C00264697,2092018.0,15,2018,09,2
C00264697,2082018.0,200,2018,08,2
C00264697,2142018.0,10,2018,14,2
C00264697,2182018.0,100,2018,18,2
C00264697,2192018.0,500,2018,19,2
C00264697,2272018.0,10,2018,27,2
C00264697,2282018.0,50,2018,28,2
C00264697,2092018.0,500,2018,09,2
C00264697,2152018.0,100,2018,15,2
C00264697,2222018.0,5,2018,22,2
C00264697,2232018.0,20,2018,23,2
C00264697,2242018.0,10,2018,24,2
C00264697,2252018.0,100,2018,25,2
C00264697,2142018.0,50,2018,14,2
C00264697,2022018.0,10,2018,02,2
C00264697,2022018.0,180,2018,02,2
C00264697,2122018.0,100,2018,12,2
C00264697,2012018.0,5,2018,01,2
C00264697,2262018.0,50,2018,26,2
C00264697,2282018.0,200,2018,28,2
C00264697,2282018.0,25,2018,28,2
C00264697,2202018.0,250,2018,20,2
C00264697,2122018.0,5,2018,12,2
C00264697,2172018.0,200,2018,17,2
C00264697,2232018.0,25,2018,23,2
C00264697,2162018.0,10,2018,16,2
C00264697,2072018.0,5,2018,07,2
C00264697,2212018.0,1000,2018,21,2
C00264697,2212018.0,-192,2018,21,2
C00264697,2212018.0,192,2018,21,2
C00264697,2282018.0,1,2018,28,2
C00264697,2262018.0,35,2018,26,2
C00264697,2072018.0,100,2018,07,2
C00264697,2172018.0,26,2018,17,2
C00264697,2182018.0,27,2018,18,2
C00264697,2282018.0,50,2018,28,2
C00264697,2152018.0,100,2018,15,2
C00264697,2192018.0,50,2018,19,2
C00264697,2212018.0,26,2018,21,2
C00264697,2222018.0,5,2018,22,2
C00264697,2252018.0,50,2018,25,2
C00264697,2282018.0,100,2018,28,2
C00264697,2062018.0,26,2018,06,2
C00264697,2182018.0,26,2018,18,2
C00264697,2182018.0,20,2018,18,2
C00264697,2202018.0,26,2018,20,2
C00264697,2162018.0,10,2018,16,2
C00264697,2182018.0,26,2018,18,2
C00264697,2282018.0,5,2018,28,2
C00264697,2092018.0,50,2018,09,2
C00264697,2072018.0,5,2018,07,2
C00264697,2072018.0,2,2018,07,2
C00264697,2192018.0,300,2018,19,2
C00264697,2092018.0,1000,2018,09,2
C00264697,2052018.0,5,2018,05,2
C00264697,2212018.0,2500,2018,21,2
C00264697,2212018.0,-900,2018,21,2
C00264697,2212018.0,900,2018,21,2
C00264697,2232018.0,5,2018,23,2
C00264697,2252018.0,250,2018,25,2
C00264697,2252018.0,25,2018,25,2
C00264697,2252018.0,15,2018,25,2
C00264697,2262018.0,500,2018,26,2
C00264697,2072018.0,150,2018,07,2
C00264697,2022018.0,50,2018,02,2
C00264697,2022018.0,50,2018,02,2
C00264697,2262018.0,25,2018,26,2
C00264697,2282018.0,25,2018,28,2
C00264697,2282018.0,25,2018,28,2
C00264697,2082018.0,20,2018,08,2
C00264697,2092018.0,25,2018,09,2
C00264697,2172018.0,50,2018,17,2
C00264697,2282018.0,10,2018,28,2
C00264697,2282018.0,15,2018,28,2
C00264697,2282018.0,20,2018,28,2
C00264697,2142018.0,5,2018,14,2
C00264697,2162018.0,25,2018,16,2
C00264697,2032018.0,10,2018,03,2
C00264697,2282018.0,27,2018,28,2
C00264697,2282018.0,26,2018,28,2
C00264697,2282018.0,26,2018,28,2
C00264697,2192018.0,10,2018,19,2
C00264697,2202018.0,5,2018,20,2
C00264697,2272018.0,300,2018,27,2
C00264697,2142018.0,10,2018,14,2
C00264697,2152018.0,5,2018,15,2
C00264697,2022018.0,50,2018,02,2
C00264697,2122018.0,50,2018,12,2
C00264697,2232018.0,1000,2018,23,2
C00264697,2042018.0,25,2018,04,2
C00264697,2272018.0,50,2018,27,2
C00264697,2262018.0,100,2018,26,2
C00264697,2222018.0,2,2018,22,2
C00264697,2252018.0,10,2018,25,2
C00264697,2132018.0,75,2018,13,2
C00264697,2172018.0,100,2018,17,2
C00264697,2052018.0,5,2018,05,2
C00264697,2072018.0,10,2018,07,2
C00264697,2082018.0,20,2018,08,2
C00264697,2222018.0,100,2018,22,2
C00264697,2092018.0,300,2018,09,2
C00264697,2132018.0,2700,2018,13,2
C00264697,2142018.0,15,2018,14,2
C00264697,2282018.0,1500,2018,28,2
C00264697,2182018.0,100,2018,18,2
C00264697,2132018.0,5,2018,13,2
C00264697,2282018.0,25,2018,28,2
C00264697,2222018.0,100,2018,22,2
C00264697,2232018.0,30,2018,23,2
C00264697,2072018.0,12,2018,07,2
C00264697,2212018.0,50,2018,21,2
C00264697,2092018.0,2,2018,09,2
C00264697,2012018.0,5,2018,01,2
C00264697,2032018.0,2700,2018,03,2
C00264697,2262018.0,50,2018,26,2
C00264697,2262018.0,25,2018,26,2
C00264697,2272018.0,10,2018,27,2
C00264697,2012018.0,25,2018,01,2
C00264697,2282018.0,25,2018,28,2
C00264697,2252018.0,50,2018,25,2
C00264697,2262018.0,100,2018,26,2
C00264697,2102018.0,50,2018,10,2
C00264697,2092018.0,25,2018,09,2
C00264697,2102018.0,15,2018,10,2
C00264697,2072018.0,10,2018,07,2
C00264697,2032018.0,100,2018,03,2
C00264697,2062018.0,5,2018,06,2
C00264697,2082018.0,25,2018,08,2
C00264697,2102018.0,50,2018,10,2
C00264697,2112018.0,26,2018,11,2
C00264697,2262018.0,10,2018,26,2
C00264697,2122018.0,5,2018,12,2
C00264697,2162018.0,10,2018,16,2
C00264697,2182018.0,26,2018,18,2
C00264697,2112018.0,10,2018,11,2
C00264697,2282018.0,5,2018,28,2
C00264697,2282018.0,10,2018,28,2
C00264697,2282018.0,25,2018,28,2
C00264697,2282018.0,26,2018,28,2
C00264697,2282018.0,26,2018,28,2
C00264697,2282018.0,63,2018,28,2
C00264697,2052018.0,50,2018,05,2
C00264697,2242018.0,5,2018,24,2
C00264697,2262018.0,25,2018,26,2
C00264697,2282018.0,5,2018,28,2
C00264697,2262018.0,50,2018,26,2
C00264697,2082018.0,75,2018,08,2
C00264697,2152018.0,10,2018,15,2
C00264697,2162018.0,500,2018,16,2
C00264697,2162018.0,1000,2018,16,2
C00264697,2132018.0,10,2018,13,2
C00264697,2222018.0,10,2018,22,2
C00264697,2202018.0,10,2018,20,2
C00264697,2222018.0,10,2018,22,2
C00264697,2222018.0,13,2018,22,2
C00264697,2162018.0,25,2018,16,2
C00264697,2082018.0,150,2018,08,2
C00264697,2082018.0,25,2018,08,2
C00264697,2142018.0,10,2018,14,2
C00264697,2152018.0,5,2018,15,2
C00264697,2282018.0,26,2018,28,2
C00264697,2092018.0,10,2018,09,2
C00264697,2092018.0,25,2018,09,2
C00264697,2112018.0,10,2018,11,2
C00264697,2212018.0,250,2018,21,2
C00264697,2032018.0,10,2018,03,2
C00264697,2272018.0,10,2018,27,2
C00264697,2282018.0,25,2018,28,2
C00264697,2152018.0,30,2018,15,2
C00264697,2232018.0,26,2018,23,2
C00264697,2282018.0,10,2018,28,2
C00264697,2282018.0,25,2018,28,2
C00264697,2282018.0,10,2018,28,2
C00264697,2052018.0,300,2018,05,2
C00264697,2092018.0,50,2018,09,2
C00264697,2192018.0,150,2018,19,2
C00264697,2052018.0,10,2018,05,2
C00264697,2282018.0,25,2018,28,2
C00264697,2052018.0,250,2018,05,2
C00264697,2242018.0,10,2018,24,2
C00264697,2242018.0,5,2018,24,2
C00264697,2082018.0,100,2018,08,2
C00264697,2162018.0,2700,2018,16,2
C00264697,2182018.0,26,2018,18,2
C00264697,2062018.0,26,2018,06,2
C00264697,2132018.0,10,2018,13,2
C00264697,2162018.0,100,2018,16,2
C00264697,2202018.0,175,2018,20,2
C00264697,2222018.0,50,2018,22,2
C00264697,2072018.0,40,2018,07,2
C00264697,2272018.0,500,2018,27,2
C00264697,2092018.0,150,2018,09,2
C00264697,2152018.0,10,2018,15,2
C00264697,2232018.0,790,2018,23,2
C00264697,2262018.0,50,2018,26,2
C00264697,2262018.0,10,2018,26,2
C00264697,2272018.0,2700,2018,27,2
C00264697,2272018.0,500,2018,27,2
C00264697,2262018.0,25,2018,26,2
C00264697,2142018.0,10,2018,14,2
C00264697,2072018.0,1,2018,07,2
C00264697,2102018.0,20,2018,10,2
C00264697,2122018.0,20,2018,12,2
C00264697,2042018.0,20,2018,04,2
C00264697,2262018.0,10,2018,26,2
C00264697,2062018.0,100,2018,06,2
C00264697,2122018.0,27,2018,12,2
C00264697,2152018.0,5,2018,15,2
C00264697,2172018.0,100,2018,17,2
C00264697,2282018.0,5,2018,28,2
C00264697,2022018.0,5,2018,02,2
C00264697,2272018.0,15,2018,27,2
C00264697,2122018.0,26,2018,12,2
C00264697,2272018.0,27,2018,27,2
C00264697,2282018.0,10,2018,28,2
C00264697,2052018.0,5,2018,05,2
C00264697,2272018.0,10,2018,27,2
C00264697,2162018.0,10,2018,16,2
C00264697,2112018.0,25,2018,11,2
C00264697,2232018.0,26,2018,23,2
C00264697,2072018.0,8,2018,07,2
C00264697,2022018.0,50,2018,02,2
C00264697,2032018.0,10,2018,03,2
C00264697,2282018.0,25,2018,28,2
C00264697,2282018.0,26,2018,28,2
C00264697,2282018.0,50,2018,28,2
C00264697,2282018.0,50,2018,28,2
C00264697,2272018.0,50,2018,27,2
C00264697,2272018.0,100,2018,27,2
C00264697,2282018.0,26,2018,28,2
C00264697,2052018.0,10,2018,05,2
C00264697,2152018.0,2,2018,15,2
C00264697,2192018.0,25,2018,19,2
C00264697,2192018.0,5,2018,19,2
C00264697,2222018.0,2500,2018,22,2
C00264697,2252018.0,-2300,2018,25,2
C00264697,2252018.0,2300,2018,25,2
C00264697,2232018.0,25,2018,23,2
C00264697,2232018.0,50,2018,23,2
C00264697,2152018.0,100,2018,15,2
C00264697,2152018.0,5,2018,15,2
C00264697,2092018.0,10,2018,09,2
C00264697,2062018.0,100,2018,06,2
C00264697,2072018.0,25,2018,07,2
C00264697,2012018.0,10,2018,01,2
C00264697,2022018.0,10,2018,02,2
C00264697,2172018.0,50,2018,17,2
C00264697,2102018.0,5,2018,10,2
C00264697,2092018.0,40,2018,09,2
C00264697,2102018.0,10,2018,10,2
C00264697,2112018.0,50,2018,11,2
C00264697,2212018.0,500,2018,21,2
C00264697,2282018.0,50,2018,28,2
C00264697,2282018.0,400,2018,28,2
C00264697,2222018.0,25,2018,22,2
C00264697,2232018.0,10,2018,23,2
C00264697,2252018.0,26,2018,25,2
C00264697,2082018.0,100,2018,08,2
C00264697,2162018.0,26,2018,16,2
C00264697,2162018.0,100,2018,16,2
C00264697,2182018.0,15,2018,18,2
C00264697,2182018.0,10,2018,18,2
C00264697,2202018.0,4,2018,20,2
C00264697,2212018.0,10,2018,21,2
C00264697,2162018.0,100,2018,16,2
C00264697,2062018.0,10,2018,06,2
C00264697,2072018.0,12,2018,07,2
C00264697,2112018.0,25,2018,11,2
C00264697,2212018.0,1500,2018,21,2
C00264697,2212018.0,1000,2018,21,2
C00264697,2142018.0,2,2018,14,2
C00264697,2152018.0,26,2018,15,2
C00264697,2182018.0,2700,2018,18,2
C00264697,2102018.0,25,2018,10,2
C00264697,2072018.0,21,2018,07,2
C00264697,2212018.0,25,2018,21,2
C00264697,2102018.0,5,2018,10,2
C00264697,2222018.0,25,2018,22,2
C00264697,2242018.0,10,2018,24,2
C00264697,2282018.0,50,2018,28,2
C00264697,2272018.0,300,2018,27,2
C00264697,2222018.0,5,2018,22,2
C00264697,2052018.0,250,2018,05,2
C00264697,2152018.0,150,2018,15,2
C00264697,2242018.0,50,2018,24,2
C00264697,2282018.0,25,2018,28,2
C00264697,2282018.0,10,2018,28,2
C00264697,2282018.0,8,2018,28,2
C00264697,2192018.0,12,2018,19,2
C00264697,2152018.0,300,2018,15,2
C00264697,2202018.0,26,2018,20,2
C00264697,2242018.0,5,2018,24,2
C00264697,2242018.0,5,2018,24,2
C00264697,2162018.0,40,2018,16,2
C00264697,2122018.0,100,2018,12,2
C00264697,2022018.0,5,2018,02,2
C00264697,2202018.0,25,2018,20,2
C00264697,2192018.0,50,2018,19,2
C00264697,2062018.0,5,2018,06,2
C00264697,2082018.0,50,2018,08,2
C00264697,2232018.0,25,2018,23,2
C00264697,2252018.0,100,2018,25,2
C00264697,2262018.0,6,2018,26,2
C00264697,2142018.0,26,2018,14,2
C00264697,2282018.0,50,2018,28,2
C00264697,2212018.0,50,2018,21,2
C00264697,2212018.0,1000,2018,21,2
C00264697,2272018.0,5,2018,27,2
C00264697,2282018.0,100,2018,28,2
C00264697,2052018.0,100,2018,05,2
C00264697,2122018.0,50,2018,12,2
C00264697,2222018.0,300,2018,22,2
C00264697,2132018.0,10,2018,13,2
C00264697,2122018.0,25,2018,12,2
C00264697,2182018.0,10,2018,18,2
C00264697,2192018.0,250,2018,19,2
C00264697,2192018.0,50,2018,19,2
C00264697,2212018.0,5,2018,21,2
C00264697,2242018.0,3,2018,24,2
C00264697,2282018.0,10,2018,28,2
C00264697,2052018.0,10,2018,05,2
C00264697,2222018.0,26,2018,22,2
C00264697,2232018.0,10,2018,23,2
C00264697,2242018.0,50,2018,24,2
C00264697,2252018.0,26,2018,25,2
C00264697,2252018.0,50,2018,25,2
C00264697,2092018.0,5,2018,09,2
C00264697,2182018.0,100,2018,18,2
C00264697,2182018.0,5,2018,18,2
C00264697,2212018.0,5,2018,21,2
C00264697,2242018.0,50,2018,24,2
C00264697,2212018.0,50,2018,21,2
C00264697,2012018.0,27,2018,01,2
C00264697,2142018.0,218,2018,14,2
C00264697,2282018.0,10,2018,28,2
C00264697,2282018.0,10,2018,28,2
C00264697,2052018.0,5,2018,05,2
C00264697,2172018.0,10,2018,17,2
C00264697,2052018.0,20,2018,05,2
C00264697,2152018.0,100,2018,15,2
C00264697,2222018.0,26,2018,22,2
C00264697,2232018.0,25,2018,23,2
C00264697,2162018.0,10,2018,16,2
C00264697,2122018.0,10,2018,12,2
C00264697,2172018.0,25,2018,17,2
C00264697,2042018.0,5,2018,04,2
C00264697,2282018.0,26,2018,28,2
C00264697,2052018.0,25,2018,05,2
C00264697,2222018.0,100,2018,22,2
C00264697,2252018.0,25,2018,25,2
C00264697,2062018.0,5,2018,06,2
C00264697,2212018.0,1000,2018,21,2
C00264697,2282018.0,50,2018,28,2
C00264697,2192018.0,50,2018,19,2
C00264697,2282018.0,27,2018,28,2
C00264697,2202018.0,10,2018,20,2
C00264697,2112018.0,26,2018,11,2
C00264697,2102018.0,50,2018,10,2
C00264697,2272018.0,10,2018,27,2
C00264697,2272018.0,50,2018,27,2
C00264697,2282018.0,100,2018,28,2
C00264697,2282018.0,3,2018,28,2
C00264697,2122018.0,5,2018,12,2
C00264697,2152018.0,10,2018,15,2
C00264697,2152018.0,25,2018,15,2
C00264697,2282018.0,5,2018,28,2
C00264697,2272018.0,100,2018,27,2
C00264697,2012018.0,10,2018,01,2
C00264697,2022018.0,10,2018,02,2
C00264697,2242018.0,25,2018,24,2
C00264697,2022018.0,1000,2018,02,2
C00264697,2022018.0,-300,2018,02,2
C00264697,2022018.0,300,2018,02,2
C00264697,2122018.0,25,2018,12,2
C00264697,2122018.0,35,2018,12,2
C00264697,2222018.0,75,2018,22,2
C00264697,2132018.0,250,2018,13,2
C00264697,2162018.0,1000,2018,16,2
C00264697,2122018.0,25,2018,12,2
C00264697,2022018.0,75,2018,02,2
C00264697,2032018.0,100,2018,03,2
C00264697,2072018.0,4,2018,07,2
C00264697,2072018.0,50,2018,07,2
C00264697,2112018.0,100,2018,11,2
C00264697,2282018.0,26,2018,28,2
C00264697,2282018.0,10,2018,28,2
C00264697,2052018.0,100,2018,05,2
C00264697,2192018.0,25,2018,19,2
C00264697,2192018.0,10,2018,19,2
C00264697,2282018.0,10,2018,28,2
C00264697,2282018.0,10,2018,28,2
C00264697,2282018.0,50,2018,28,2
C00264697,2282018.0,5,2018,28,2
C00264697,2282018.0,35,2018,28,2
C00264697,2282018.0,50,2018,28,2
C00264697,2022018.0,5,2018,02,2
C00264697,2042018.0,5,2018,04,2
C00264697,2082018.0,10,2018,08,2
C00264697,2102018.0,100,2018,10,2
C00264697,2112018.0,50,2018,11,2
C00264697,2212018.0,100,2018,21,2
C00264697,2182018.0,5,2018,18,2
C00264697,2142018.0,10,2018,14,2
C00264697,2282018.0,10,2018,28,2
C00264697,2282018.0,26,2018,28,2
C00264697,2232018.0,125,2018,23,2
C00264697,2232018.0,26,2018,23,2
C00264697,2232018.0,26,2018,23,2
C00264697,2212018.0,10,2018,21,2
C00264697,2212018.0,10,2018,21,2
C00264697,2192018.0,5,2018,19,2
C00264697,2202018.0,5,2018,20,2
C00264697,2252018.0,5,2018,25,2
C00264697,2022018.0,100,2018,02,2
C00264697,2082018.0,25,2018,08,2
C00264697,2172018.0,20,2018,17,2
C00264697,2022018.0,250,2018,02,2
C00264697,2202018.0,10,2018,20,2
C00264697,2272018.0,10,2018,27,2
C00264697,2272018.0,15,2018,27,2
C00264697,2282018.0,2700,2018,28,2
C00264697,2282018.0,-1000,2018,28,2
C00264697,2282018.0,1000,2018,28,2
C00264697,2282018.0,100,2018,28,2
C00264697,2182018.0,5,2018,18,2
C00264697,2082018.0,150,2018,08,2
C00264697,2222018.0,50,2018,22,2
C00264697,2132018.0,1,2018,13,2
C00264697,2122018.0,10,2018,12,2
C00264697,2012018.0,10,2018,01,2
C00264697,2262018.0,50,2018,26,2
C00264697,2032018.0,25,2018,03,2
C00264697,2282018.0,25,2018,28,2
C00264697,2282018.0,5,2018,28,2
C00264697,2122018.0,5,2018,12,2
C00264697,2142018.0,10,2018,14,2
C00264697,2162018.0,5,2018,16,2
C00264697,2152018.0,10,2018,15,2
C00264697,2282018.0,10,2018,28,2
C00264697,2282018.0,26,2018,28,2
C00264697,2282018.0,7,2018,28,2
C00264697,2282018.0,26,2018,28,2
C00264697,2282018.0,100,2018,28,2
C00264697,2192018.0,500,2018,19,2
C00264697,2202018.0,7,2018,20,2
C00264697,2192018.0,26,2018,19,2
C00264697,2092018.0,5,2018,09,2
C00264697,2142018.0,20,2018,14,2
C00264697,2282018.0,25,2018,28,2
C00264697,2182018.0,26,2018,18,2
C00264697,2262018.0,26,2018,26,2
C00264697,2262018.0,26,2018,26,2
C00264697,2282018.0,10,2018,28,2
C00264697,2262018.0,26,2018,26,2
C00264697,2142018.0,100,2018,14,2
C00264697,2272018.0,10,2018,27,2
C00264697,2282018.0,26,2018,28,2
C00264697,2252018.0,26,2018,25,2
C00264697,2072018.0,250,2018,07,2
C00264697,2162018.0,500,2018,16,2
C00264697,2062018.0,25,2018,06,2
C00264697,2082018.0,50,2018,08,2
C00264697,2082018.0,5,2018,08,2
C00264697,2082018.0,3,2018,08,2
C00264697,2212018.0,2700,2018,21,2
C00264697,2212018.0,-600,2018,21,2
C00264697,2212018.0,600,2018,21,2
C00264697,2212018.0,100,2018,21,2
C00264697,2282018.0,100,2018,28,2
C00264697,2282018.0,10,2018,28,2
C00264697,2152018.0,100,2018,15,2
C00264697,2202018.0,50,2018,20,2
C00264697,2222018.0,10,2018,22,2
C00264697,2022018.0,125,2018,02,2
C00264697,2122018.0,50,2018,12,2
C00264697,2132018.0,26,2018,13,2
C00264697,2182018.0,26,2018,18,2
C00264697,2172018.0,10,2018,17,2
C00264697,2092018.0,100,2018,09,2
C00264697,2012018.0,150,2018,01,2
C00264697,2052018.0,15,2018,05,2
C00264697,2282018.0,5,2018,28,2
C00264697,2202018.0,10,2018,20,2
C00264697,2212018.0,50,2018,21,2
C00264697,2102018.0,7,2018,10,2
C00264697,2052018.0,26,2018,05,2
C00264697,2132018.0,25,2018,13,2
C00264697,2082018.0,26,2018,08,2
C00264697,2212018.0,1000,2018,21,2
C00264697,2052018.0,5,2018,05,2
C00264697,2212018.0,2000,2018,21,2
C00264697,2012018.0,5,2018,01,2
C00264697,2042018.0,25,2018,04,2
C00264697,2152018.0,5,2018,15,2
C00264697,2182018.0,25,2018,18,2
C00264697,2272018.0,10,2018,27,2
C00264697,2052018.0,400,2018,05,2
C00264697,2222018.0,50,2018,22,2
C00264697,2242018.0,10,2018,24,2
C00264697,2252018.0,5,2018,25,2
C00264697,2082018.0,10,2018,08,2
C00264697,2112018.0,5,2018,11,2
C00264697,2072018.0,5,2018,07,2
C00264697,2092018.0,26,2018,09,2
C00264697,2012018.0,500,2018,01,2
C00264697,2272018.0,10,2018,27,2
C00264697,2282018.0,50,2018,28,2
C00264697,2282018.0,10,2018,28,2
C00264697,2162018.0,100,2018,16,2
C00264697,2262018.0,25,2018,26,2
C00264697,2272018.0,100,2018,27,2
C00264697,2282018.0,26,2018,28,2
C00264697,2282018.0,5,2018,28,2
C00264697,2282018.0,10,2018,28,2
C00264697,2242018.0,25,2018,24,2
C00264697,2242018.0,26,2018,24,2
C00264697,2252018.0,26,2018,25,2
C00264697,2262018.0,50,2018,26,2
C00264697,2112018.0,3,2018,11,2
C00264697,2042018.0,150,2018,04,2
C00264697,2282018.0,100,2018,28,2
C00264697,2282018.0,25,2018,28,2
C00264697,2132018.0,5,2018,13,2
C00264697,2182018.0,1,2018,18,2
C00264697,2152018.0,10,2018,15,2
C00264697,2152018.0,35,2018,15,2
C00264697,2072018.0,1,2018,07,2
C00264697,2052018.0,26,2018,05,2
C00264697,2102018.0,26,2018,10,2
C00264697,2102018.0,5,2018,10,2
C00264697,2122018.0,50,2018,12,2
C00264697,2132018.0,5,2018,13,2
C00264697,2162018.0,50,2018,16,2
C00264697,2092018.0,25,2018,09,2
C00264697,2092018.0,50,2018,09,2
C00264697,2022018.0,50,2018,02,2
C00264697,2022018.0,100,2018,02,2
C00264697,2282018.0,10,2018,28,2
C00264697,2262018.0,10,2018,26,2
C00264697,2282018.0,25,2018,28,2
C00264697,2192018.0,10,2018,19,2
C00264697,2192018.0,26,2018,19,2
C00264697,2202018.0,50,2018,20,2
C00264697,2202018.0,1000,2018,20,2
C00264697,2102018.0,5,2018,10,2
C00264697,2012018.0,20,2018,01,2
C00264697,2032018.0,50,2018,03,2
C00264697,2262018.0,10,2018,26,2
C00264697,2172018.0,150,2018,17,2
C00264697,2222018.0,10,2018,22,2
C00264697,2202018.0,2,2018,20,2
C00264697,2222018.0,500,2018,22,2
C00264697,2182018.0,50,2018,18,2
C00264697,2022018.0,5,2018,02,2
C00264697,2262018.0,25,2018,26,2
C00264697,2262018.0,10,2018,26,2
C00264697,2272018.0,10,2018,27,2
C00264697,2102018.0,1,2018,10,2
C00264697,2222018.0,1,2018,22,2
C00264697,2012018.0,5400,2018,01,2
C00264697,2012018.0,-2700,2018,01,2
C00264697,2012018.0,2700,2018,01,2
C00264697,2022018.0,100,2018,02,2
C00264697,2282018.0,25,2018,28,2
C00264697,2282018.0,10,2018,28,2
C00264697,2282018.0,0,2018,28,2
C00264697,2052018.0,200,2018,05,2
C00264697,2222018.0,2,2018,22,2
C00264697,2052018.0,10,2018,05,2
C00264697,2232018.0,500,2018,23,2
C00264697,2162018.0,150,2018,16,2
C00264697,2052018.0,5,2018,05,2
C00264697,2272018.0,200,2018,27,2
C00264697,2272018.0,27,2018,27,2
C00264697,2282018.0,10,2018,28,2
C00264697,2282018.0,10,2018,28,2
C00264697,2282018.0,15,2018,28,2
C00264697,2212018.0,30,2018,21,2
C00264697,2042018.0,50,2018,04,2
C00264697,2272018.0,25,2018,27,2
C00264697,2282018.0,26,2018,28,2
C00264697,2272018.0,4,2018,27,2
C00264697,2102018.0,5,2018,10,2
C00264697,2112018.0,26,2018,11,2
C00264697,2212018.0,150,2018,21,2
C00264697,2272018.0,10,2018,27,2
C00264697,2282018.0,5,2018,28,2
C00264697,2282018.0,27,2018,28,2
C00264697,2282018.0,10,2018,28,2
C00264697,2152018.0,15,2018,15,2
C00264697,2212018.0,50,2018,21,2
C00264697,2212018.0,250,2018,21,2
C00264697,2052018.0,10,2018,05,2
C00264697,2132018.0,26,2018,13,2
C00264697,2142018.0,27,2018,14,2
C00264697,2182018.0,5,2018,18,2
C00264697,2102018.0,26,2018,10,2
C00264697,2202018.0,26,2018,20,2
C00264697,2072018.0,10,2018,07,2
C00264697,2212018.0,17,2018,21,2
C00264697,2212018.0,50,2018,21,2
C00264697,2152018.0,50,2018,15,2
C00264697,2022018.0,250,2018,02,2
C00264697,2102018.0,5,2018,10,2
C00264697,2192018.0,5,2018,19,2
C00264697,2262018.0,10,2018,26,2
C00264697,2052018.0,500,2018,05,2
C00264697,2242018.0,26,2018,24,2
C00264697,2272018.0,10,2018,27,2
C00264697,2262018.0,50,2018,26,2
C00264697,2172018.0,10,2018,17,2
C00264697,2282018.0,10,2018,28,2
C00264697,2132018.0,10,2018,13,2
C00264697,2152018.0,125,2018,15,2
C00264697,2172018.0,15,2018,17,2
C00264697,2182018.0,25,2018,18,2
C00264697,2182018.0,50,2018,18,2
C00264697,2092018.0,100,2018,09,2
C00264697,2152018.0,10,2018,15,2
C00264697,2152018.0,10,2018,15,2
C00264697,2042018.0,5,2018,04,2
C00264697,2072018.0,25,2018,07,2
C00264697,2102018.0,5,2018,10,2
C00264697,2212018.0,500,2018,21,2
C00264697,2012018.0,100,2018,01,2
C00264697,2262018.0,13,2018,26,2
C00264697,2272018.0,26,2018,27,2
C00264697,2282018.0,10,2018,28,2
C00264697,2282018.0,26,2018,28,2
C00264697,2152018.0,10,2018,15,2
C00264697,2222018.0,1000,2018,22,2
C00264697,2112018.0,5,2018,11,2
C00264697,2052018.0,10,2018,05,2
C00264697,2282018.0,10,2018,28,2
C00264697,2282018.0,26,2018,28,2
C00264697,2202018.0,300,2018,20,2
C00264697,2192018.0,10,2018,19,2
C00264697,2212018.0,10,2018,21,2
C00264697,2052018.0,25,2018,05,2
C00264697,2082018.0,10,2018,08,2
C00264697,2072018.0,100,2018,07,2
C00264697,2172018.0,25,2018,17,2
C00264697,2122018.0,25,2018,12,2
C00264697,2132018.0,5,2018,13,2
C00264697,2142018.0,10,2018,14,2
C00264697,2152018.0,32,2018,15,2
C00264697,2142018.0,10,2018,14,2
C00264697,2052018.0,1,2018,05,2
C00264697,2082018.0,10,2018,08,2
C00264697,2082018.0,5,2018,08,2
C00264697,2102018.0,10,2018,10,2
C00264697,2072018.0,10,2018,07,2
C00264697,2102018.0,10,2018,10,2
C00264697,2082018.0,50,2018,08,2
C00264697,2062018.0,10,2018,06,2
C00264697,2082018.0,26,2018,08,2
C00264697,2082018.0,10,2018,08,2
C00264697,2202018.0,5,2018,20,2
C00264697,2122018.0,50,2018,12,2
C00264697,2152018.0,100,2018,15,2
C00264697,2142018.0,26,2018,14,2
C00264697,2172018.0,10,2018,17,2
C00264697,2162018.0,10,2018,16,2
C00264697,2282018.0,5,2018,28,2
C00264697,2222018.0,1,2018,22,2
C00264697,2242018.0,5,2018,24,2
C00264697,2252018.0,10,2018,25,2
C00264697,2252018.0,50,2018,25,2
C00264697,2232018.0,5,2018,23,2
C00264697,2252018.0,50,2018,25,2
C00264697,2282018.0,50,2018,28,2
C00264697,2282018.0,5,2018,28,2
C00264697,2042018.0,13,2018,04,2
C00264697,2262018.0,50,2018,26,2
C00264697,2282018.0,10,2018,28,2
C00264697,2022018.0,100,2018,02,2
C00264697,2042018.0,100,2018,04,2
C00264697,2272018.0,50,2018,27,2
C00264697,2072018.0,5,2018,07,2
C00264697,2082018.0,10,2018,08,2
C00264697,2072018.0,20,2018,07,2
C00264697,2102018.0,10,2018,10,2
C00264697,2242018.0,26,2018,24,2
C00264697,2262018.0,100,2018,26,2
C00264697,2212018.0,5,2018,21,2
C00264697,2172018.0,500,2018,17,2
C00264697,2262018.0,500,2018,26,2
C00264697,2282018.0,26,2018,28,2
C00264697,2282018.0,5,2018,28,2
C00264697,2262018.0,25,2018,26,2
C00264697,2122018.0,50,2018,12,2
C00264697,2152018.0,10,2018,15,2
C00264697,2172018.0,200,2018,17,2
C00264697,2162018.0,1000,2018,16,2
C00264697,2252018.0,100,2018,25,2
C00264697,2082018.0,26,2018,08,2
C00264697,2132018.0,26,2018,13,2
C00264697,2282018.0,25,2018,28,2
C00264697,2152018.0,200,2018,15,2
C00264697,2092018.0,10,2018,09,2
C00264697,2102018.0,26,2018,10,2
C00264697,2142018.0,15,2018,14,2
C00264697,2052018.0,26,2018,05,2
C00264697,2112018.0,1,2018,11,2
C00264697,2252018.0,5,2018,25,2
C00264697,2072018.0,5,2018,07,2
C00264697,2102018.0,12,2018,10,2
C00264697,2052018.0,26,2018,05,2
C00264697,2072018.0,9,2018,07,2
C00264697,2102018.0,8,2018,10,2
C00264697,2102018.0,12,2018,10,2
C00264697,2112018.0,50,2018,11,2
C00264697,2282018.0,26,2018,28,2
C00264697,2282018.0,20,2018,28,2
C00264697,2022018.0,30,2018,02,2
C00264697,2222018.0,250,2018,22,2
C00264697,2032018.0,100,2018,03,2
C00264697,2032018.0,5,2018,03,2
C00264697,2092018.0,10,2018,09,2
C00264697,2142018.0,10,2018,14,2
C00264697,2192018.0,250,2018,19,2
C00264697,2162018.0,10,2018,16,2
C00264697,2282018.0,25,2018,28,2
C00264697,2202018.0,25,2018,20,2
C00264697,2192018.0,25,2018,19,2
C00264697,2162018.0,500,2018,16,2
C00264697,2232018.0,50,2018,23,2
C00264697,2132018.0,50,2018,13,2
C00264697,2132018.0,10,2018,13,2
C00264697,2152018.0,5,2018,15,2
C00264697,2182018.0,1000,2018,18,2
C00264697,2152018.0,5,2018,15,2
C00264697,2072018.0,250,2018,07,2
C00264697,2092018.0,10,2018,09,2
C00264697,2282018.0,10,2018,28,2
C00264697,2282018.0,10,2018,28,2
C00264697,2232018.0,26,2018,23,2
C00264697,2282018.0,50,2018,28,2
C00264697,2222018.0,500,2018,22,2
C00264697,2052018.0,10,2018,05,2
C00264697,2062018.0,100,2018,06,2
C00264697,2232018.0,26,2018,23,2
C00264697,2252018.0,15,2018,25,2
C00264697,2062018.0,27,2018,06,2
C00264697,2162018.0,26,2018,16,2
C00264697,2282018.0,26,2018,28,2
C00264697,2282018.0,25,2018,28,2
C00264697,2102018.0,26,2018,10,2
C00264697,2042018.0,25,2018,04,2
C00264697,2272018.0,26,2018,27,2
C00264697,2152018.0,50,2018,15,2
C00264697,2282018.0,100,2018,28,2
C00264697,2192018.0,10,2018,19,2
C00264697,2212018.0,7,2018,21,2
C00264697,2212018.0,25,2018,21,2
C00264697,2222018.0,250,2018,22,2
C00264697,2022018.0,5,2018,02,2
C00264697,2022018.0,25,2018,02,2
C00264697,2192018.0,5,2018,19,2
C00264697,2202018.0,2,2018,20,2
C00264697,2122018.0,25,2018,12,2
C00264697,2152018.0,25,2018,15,2
C00264697,2052018.0,50,2018,05,2
C00264697,2052018.0,10,2018,05,2
C00264697,2192018.0,500,2018,19,2
C00264697,2222018.0,15,2018,22,2
C00264697,2252018.0,10,2018,25,2
C00264697,2232018.0,26,2018,23,2
C00264697,2242018.0,5,2018,24,2
C00264697,2172018.0,10,2018,17,2
C00264697,2142018.0,10,2018,14,2
C00264697,2142018.0,5,2018,14,2
C00264697,2162018.0,18,2018,16,2
C00264697,2172018.0,5,2018,17,2
C00264697,2242018.0,5,2018,24,2
C00264697,2222018.0,500,2018,22,2
C00264697,2202018.0,26,2018,20,2
C00264697,2222018.0,18,2018,22,2
C00264697,2242018.0,10,2018,24,2
C00264697,2162018.0,50,2018,16,2
C00264697,2052018.0,5,2018,05,2
C00264697,2112018.0,10,2018,11,2
C00264697,2252018.0,26,2018,25,2
C00264697,2252018.0,500,2018,25,2
C00264697,2172018.0,26,2018,17,2
C00264697,2192018.0,300,2018,19,2
C00264697,2192018.0,2000,2018,19,2
C00264697,2192018.0,-300,2018,19,2
C00264697,2072018.0,17,2018,07,2
C00264697,2052018.0,26,2018,05,2
C00264697,2072018.0,7,2018,07,2
C00264697,2122018.0,26,2018,12,2
C00264697,2142018.0,5,2018,14,2
C00264697,2282018.0,25,2018,28,2
C00264697,2122018.0,262,2018,12,2
C00264697,2142018.0,50,2018,14,2
C00264697,2142018.0,26,2018,14,2
C00264697,2042018.0,10,2018,04,2
C00264697,2122018.0,50,2018,12,2
C00264697,2032018.0,50,2018,03,2
C00264697,2102018.0,1000,2018,10,2
C00264697,2052018.0,5,2018,05,2
C00264697,2082018.0,20,2018,08,2
C00264697,2102018.0,50,2018,10,2
C00264697,2112018.0,26,2018,11,2
C00264697,2042018.0,10,2018,04,2
C00264697,2262018.0,26,2018,26,2
C00264697,2282018.0,5,2018,28,2
C00264697,2052018.0,30,2018,05,2
C00264697,2262018.0,10,2018,26,2
C00264697,2282018.0,5,2018,28,2
C00264697,2272018.0,26,2018,27,2
C00264697,2172018.0,2700,2018,17,2
C00264697,2272018.0,100,2018,27,2
C00264697,2112018.0,15,2018,11,2
C00264697,2262018.0,25,2018,26,2
C00264697,2282018.0,26,2018,28,2
C00264697,2282018.0,3,2018,28,2
C00264697,2282018.0,10,2018,28,2
C00264697,2282018.0,5,2018,28,2
C00264697,2072018.0,7,2018,07,2
C00264697,2212018.0,5,2018,21,2
C00264697,2222018.0,10,2018,22,2
C00264697,2072018.0,26,2018,07,2
C00264697,2022018.0,26,2018,02,2
C00264697,2282018.0,10,2018,28,2
C00264697,2282018.0,100,2018,28,2
C00264697,2202018.0,26,2018,20,2
C00264697,2222018.0,50,2018,22,2
C00264697,2252018.0,100,2018,25,2
C00264697,2152018.0,5,2018,15,2
C00264697,2152018.0,26,2018,15,2
C00264697,2072018.0,25,2018,07,2
C00264697,2092018.0,26,2018,09,2
C00264697,2022018.0,100,2018,02,2
C00264697,2132018.0,300,2018,13,2
C00264697,2052018.0,500,2018,05,2
C00264697,2152018.0,25,2018,15,2
C00264697,2062018.0,10,2018,06,2
C00264697,2052018.0,50,2018,05,2
C00264697,2152018.0,50,2018,15,2
C00264697,2202018.0,5,2018,20,2
C00264697,2232018.0,26,2018,23,2
C00264697,2162018.0,2700,2018,16,2
C00264697,2222018.0,150,2018,22,2
C00264697,2222018.0,150,2018,22,2
C00264697,2262018.0,5,2018,26,2
C00264697,2272018.0,5,2018,27,2
C00264697,2282018.0,15,2018,28,2
C00264697,2022018.0,10,2018,02,2
C00264697,2052018.0,26,2018,05,2
C00264697,2032018.0,10,2018,03,2
C00264697,2272018.0,50,2018,27,2
C00264697,2032018.0,10,2018,03,2
C00264697,2022018.0,100,2018,02,2
C00264697,2152018.0,25,2018,15,2
C00264697,2252018.0,5,2018,25,2
C00264697,2262018.0,100,2018,26,2
C00264697,2072018.0,10,2018,07,2
C00264697,2222018.0,500,2018,22,2
C00264697,2052018.0,25,2018,05,2
C00264697,2052018.0,10,2018,05,2
C00264697,2072018.0,5,2018,07,2
C00264697,2092018.0,10,2018,09,2
C00264697,2102018.0,25,2018,10,2
C00264697,2092018.0,25,2018,09,2
C00264697,2202018.0,15,2018,20,2
C00264697,2022018.0,250,2018,02,2
C00264697,2282018.0,10,2018,28,2
C00264697,2202018.0,1000,2018,20,2
C00264697,2272018.0,25,2018,27,2
C00264697,2282018.0,10,2018,28,2
C00264697,2282018.0,12,2018,28,2
C00264697,2142018.0,20,2018,14,2
C00264697,2252018.0,25,2018,25,2
C00264697,2262018.0,25,2018,26,2
C00264697,2022018.0,10,2018,02,2
C00264697,2032018.0,25,2018,03,2
C00264697,2012018.0,200,2018,01,2
C00264697,2282018.0,10,2018,28,2
C00264697,2282018.0,26,2018,28,2
C00264697,2052018.0,55,2018,05,2
C00264697,2212018.0,10,2018,21,2
C00264697,2162018.0,200,2018,16,2
C00264697,2132018.0,5,2018,13,2
C00264697,2052018.0,10,2018,05,2
C00264697,2082018.0,150,2018,08,2
C00264697,2162018.0,25,2018,16,2
C00264697,2142018.0,200,2018,14,2
C00264697,2152018.0,5,2018,15,2
C00264697,2182018.0,10,2018,18,2
C00264697,2042018.0,100,2018,04,2
C00264697,2262018.0,25,2018,26,2
C00264697,2282018.0,30,2018,28,2
C00264697,2282018.0,25,2018,28,2
C00264697,2282018.0,100,2018,28,2
C00264697,2032018.0,10,2018,03,2
C00264697,2272018.0,1,2018,27,2
C00264697,2272018.0,250,2018,27,2
C00264697,2282018.0,35,2018,28,2
C00264697,2282018.0,27,2018,28,2
C00264697,2052018.0,200,2018,05,2
C00264697,2212018.0,2,2018,21,2
C00264697,2252018.0,50,2018,25,2
C00264697,2252018.0,50,2018,25,2
C00264697,2152018.0,100,2018,15,2
C00264697,2162018.0,26,2018,16,2
C00264697,2182018.0,26,2018,18,2
C00264697,2182018.0,10,2018,18,2
C00264697,2232018.0,5,2018,23,2
C00264697,2242018.0,100,2018,24,2
C00264697,2252018.0,75,2018,25,2
C00264697,2162018.0,100,2018,16,2
C00264697,2202018.0,1000,2018,20,2
C00264697,2162018.0,50,2018,16,2
C00264697,2032018.0,100,2018,03,2
C00264697,2032018.0,2,2018,03,2
C00264697,2262018.0,10,2018,26,2
C00264697,2262018.0,50,2018,26,2
C00264697,2032018.0,10,2018,03,2
C00264697,2262018.0,25,2018,26,2
C00264697,2092018.0,75,2018,09,2
C00264697,2192018.0,150,2018,19,2
C00264697,2132018.0,26,2018,13,2
C00264697,2142018.0,10,2018,14,2
C00264697,2072018.0,150,2018,07,2
C00264697,2272018.0,250,2018,27,2
C00264697,2212018.0,25,2018,21,2
C00264697,2222018.0,25,2018,22,2
C00264697,2232018.0,10,2018,23,2
C00264697,2242018.0,5,2018,24,2
C00264697,2252018.0,250,2018,25,2
C00264697,2032018.0,100,2018,03,2
C00264697,2262018.0,100,2018,26,2
C00264697,2272018.0,27,2018,27,2
C00264697,2012018.0,1000,2018,01,2
C00264697,2102018.0,50,2018,10,2
C00264697,2092018.0,26,2018,09,2
C00264697,2092018.0,45,2018,09,2
C00264697,2102018.0,2,2018,10,2
C00264697,2012018.0,25,2018,01,2
C00264697,2022018.0,25,2018,02,2
C00264697,2282018.0,10,2018,28,2
C00264697,2232018.0,5,2018,23,2
C00264697,2252018.0,10,2018,25,2
C00264697,2032018.0,5,2018,03,2
C00264697,2282018.0,10,2018,28,2
C00264697,2152018.0,50,2018,15,2
C00264697,2222018.0,10,2018,22,2
C00264697,2232018.0,15,2018,23,2
C00264697,2092018.0,10,2018,09,2
C00264697,2102018.0,20,2018,10,2
C00264697,2212018.0,250,2018,21,2
C00264697,2072018.0,100,2018,07,2
C00264697,2152018.0,25,2018,15,2
C00264697,2172018.0,10,2018,17,2
C00264697,2272018.0,0,2018,27,2
C00264697,2082018.0,50,2018,08,2
C00264697,2132018.0,10,2018,13,2
C00264697,2092018.0,25,2018,09,2
C00264697,2212018.0,27,2018,21,2
C00264697,2212018.0,250,2018,21,2
C00264697,2242018.0,50,2018,24,2
C00264697,2052018.0,50,2018,05,2
C00264697,2122018.0,10,2018,12,2
C00264697,2152018.0,10,2018,15,2
C00264697,2152018.0,50,2018,15,2
C00264697,2152018.0,26,2018,15,2
C00264697,2262018.0,10,2018,26,2
C00264697,2282018.0,20,2018,28,2
C00264697,2282018.0,10,2018,28,2
C00264697,2222018.0,25,2018,22,2
C00264697,2212018.0,5,2018,21,2
C00264697,2252018.0,10,2018,25,2
C00264697,2282018.0,50,2018,28,2
C00264697,2282018.0,25,2018,28,2
C00264697,2282018.0,5,2018,28,2
C00264697,2082018.0,200,2018,08,2
C00264697,2152018.0,10,2018,15,2
C00264697,2142018.0,10,2018,14,2
C00264697,2052018.0,500,2018,05,2
C00264697,2282018.0,50,2018,28,2
C00264697,2022018.0,10,2018,02,2
C00264697,2032018.0,50,2018,03,2
C00264697,2282018.0,25,2018,28,2
C00264697,2282018.0,50,2018,28,2
C00264697,2022018.0,-674,2018,02,2
C00264697,2022018.0,1500,2018,02,2
C00264697,2022018.0,674,2018,02,2
C00264697,2032018.0,100,2018,03,2
C00264697,2232018.0,100,2018,23,2
C00264697,2062018.0,10,2018,06,2
C00264697,2222018.0,26,2018,22,2
C00264697,2082018.0,50,2018,08,2
C00264697,2142018.0,10,2018,14,2
C00264697,2162018.0,500,2018,16,2
C00264697,2172018.0,50,2018,17,2
C00264697,2072018.0,50,2018,07,2
C00264697,2072018.0,7,2018,07,2
C00264697,2162018.0,27,2018,16,2
C00264697,2112018.0,10,2018,11,2
C00264697,2212018.0,100,2018,21,2
C00264697,2272018.0,50,2018,27,2
C00264697,2272018.0,10,2018,27,2
C00264697,2282018.0,500,2018,28,2
C00264697,2282018.0,26,2018,28,2
C00264697,2052018.0,10,2018,05,2
C00264697,2072018.0,25,2018,07,2
C00264697,2092018.0,25,2018,09,2
C00264697,2102018.0,10,2018,10,2
C00264697,2232018.0,25,2018,23,2
C00264697,2102018.0,10,2018,10,2
C00264697,2082018.0,50,2018,08,2
C00264697,2122018.0,10,2018,12,2
C00264697,2152018.0,100,2018,15,2
C00264697,2262018.0,10,2018,26,2
C00264697,2092018.0,10,2018,09,2
C00264697,2112018.0,26,2018,11,2
C00264697,2212018.0,25,2018,21,2
C00264697,2212018.0,120,2018,21,2
C00264697,2192018.0,100,2018,19,2
C00264697,2222018.0,5,2018,22,2
C00264697,2242018.0,100,2018,24,2
C00264697,2282018.0,50,2018,28,2
C00264697,2062018.0,26,2018,06,2
C00264697,2092018.0,26,2018,09,2
C00264697,2062018.0,5,2018,06,2
C00264697,2212018.0,800,2018,21,2
C00264697,2082018.0,200,2018,08,2
C00264697,2122018.0,25,2018,12,2
C00264697,2142018.0,25,2018,14,2
C00264697,2162018.0,50,2018,16,2
C00264697,2022018.0,30,2018,02,2
C00264697,2282018.0,10,2018,28,2
C00264697,2182018.0,10,2018,18,2
C00264697,2232018.0,5,2018,23,2
C00264697,2252018.0,15,2018,25,2
C00264697,2162018.0,300,2018,16,2
C00264697,2262018.0,500,2018,26,2
C00264697,2262018.0,50,2018,26,2
C00264697,2262018.0,10,2018,26,2
C00264697,2152018.0,50,2018,15,2
C00264697,2202018.0,10,2018,20,2
C00264697,2222018.0,10,2018,22,2
C00264697,2022018.0,5,2018,02,2
C00264697,2282018.0,50,2018,28,2
C00264697,2022018.0,36,2018,02,2
C00264697,2262018.0,10,2018,26,2
C00264697,2282018.0,5,2018,28,2
C00264697,2122018.0,10,2018,12,2
C00264697,2222018.0,26,2018,22,2
C00264697,2052018.0,10,2018,05,2
C00264697,2072018.0,26,2018,07,2
C00264697,2062018.0,25,2018,06,2
C00264697,2162018.0,50,2018,16,2
C00264697,2232018.0,5,2018,23,2
C00264697,2242018.0,26,2018,24,2
C00264697,2262018.0,26,2018,26,2
C00264697,2282018.0,5,2018,28,2
C00264697,2282018.0,26,2018,28,2
C00264697,2072018.0,50,2018,07,2
C00264697,2072018.0,15,2018,07,2
C00264697,2282018.0,50,2018,28,2
C00264697,2282018.0,10,2018,28,2
C00264697,2122018.0,10,2018,12,2
C00264697,2262018.0,50,2018,26,2
C00264697,2132018.0,26,2018,13,2
C00264697,2192018.0,25,2018,19,2
C00264697,2232018.0,5,2018,23,2
C00264697,2282018.0,10,2018,28,2
C00264697,2202018.0,50,2018,20,2
C00264697,2252018.0,5,2018,25,2
C00264697,2182018.0,50,2018,18,2
C00264697,2162018.0,25,2018,16,2
C00264697,2092018.0,35,2018,09,2
C00264697,2162018.0,150,2018,16,2
C00264697,2272018.0,1,2018,27,2
C00264697,2282018.0,20,2018,28,2
C00264697,2282018.0,17,2018,28,2
C00264697,2222018.0,125,2018,22,2
C00264697,2272018.0,26,2018,27,2
C00264697,2282018.0,25,2018,28,2
C00264697,2222018.0,500,2018,22,2
C00264697,2072018.0,50,2018,07,2
C00264697,2262018.0,26,2018,26,2
C00264697,2232018.0,5,2018,23,2
C00264697,2162018.0,68,2018,16,2
C00264697,2122018.0,10,2018,12,2
C00264697,2202018.0,26,2018,20,2
C00264697,2212018.0,26,2018,21,2
C00264697,2222018.0,100,2018,22,2
C00264697,2162018.0,15,2018,16,2
C00264697,2212018.0,5,2018,21,2
C00264697,2222018.0,5,2018,22,2
C00264697,2232018.0,20,2018,23,2
C00264697,2252018.0,26,2018,25,2
C00264697,2282018.0,5,2018,28,2
C00264697,2282018.0,26,2018,28,2
C00264697,2192018.0,50,2018,19,2
C00264697,2212018.0,25,2018,21,2
C00264697,2082018.0,250,2018,08,2
C00264697,2132018.0,50,2018,13,2
C00264697,2132018.0,25,2018,13,2
C00264697,2102018.0,10,2018,10,2
C00264697,2092018.0,10,2018,09,2
C00264697,2282018.0,25,2018,28,2
C00264697,2202018.0,26,2018,20,2
C00264697,2282018.0,5,2018,28,2
C00264697,2082018.0,10,2018,08,2
C00264697,2272018.0,5,2018,27,2
C00264697,2282018.0,95,2018,28,2
C00264697,2272018.0,75,2018,27,2
C00264697,2282018.0,5,2018,28,2
C00264697,2172018.0,100,2018,17,2
C00264697,2252018.0,10,2018,25,2
C00264697,2242018.0,26,2018,24,2
C00264697,2252018.0,2,2018,25,2
C00264697,2032018.0,100,2018,03,2
C00264697,2232018.0,2700,2018,23,2
C00264697,2232018.0,-1100,2018,23,2
C00264697,2232018.0,310,2018,23,2
C00264697,2282018.0,50,2018,28,2
C00264697,2042018.0,27,2018,04,2
C00264697,2032018.0,26,2018,03,2
C00264697,2262018.0,26,2018,26,2
C00264697,2282018.0,50,2018,28,2
C00264697,2232018.0,10,2018,23,2
C00264697,2182018.0,26,2018,18,2
C00264697,2192018.0,75,2018,19,2
C00264697,2062018.0,20,2018,06,2
C00264697,2082018.0,5,2018,08,2
C00264697,2212018.0,10,2018,21,2
C00264697,2072018.0,1000,2018,07,2
C00264697,2232018.0,5,2018,23,2
C00264697,2212018.0,10,2018,21,2
C00264697,2252018.0,26,2018,25,2
C00264697,2032018.0,1,2018,03,2
C00264697,2192018.0,10,2018,19,2
C00264697,2232018.0,26,2018,23,2
C00264697,2122018.0,250,2018,12,2
C00264697,2122018.0,50,2018,12,2
C00264697,2222018.0,25,2018,22,2
C00264697,2132018.0,1000,2018,13,2
C00264697,2112018.0,250,2018,11,2
C00264697,2232018.0,1000,2018,23,2
C00264697,2202018.0,500,2018,20,2
C00264697,2122018.0,1800,2018,12,2
C00264697,2012018.0,5400,2018,01,2
C00264697,2012018.0,-2700,2018,01,2
C00264697,2052018.0,2,2018,05,2
C00264697,2012018.0,2700,2018,01,2
C00264697,2052018.0,50,2018,05,2
C00264697,2072018.0,12,2018,07,2
C00264697,2092018.0,25,2018,09,2
C00264697,2202018.0,15,2018,20,2
C00264697,2222018.0,5,2018,22,2
C00264697,2242018.0,100,2018,24,2
C00264697,2242018.0,1,2018,24,2
C00264697,2252018.0,26,2018,25,2
C00264697,2252018.0,26,2018,25,2
C00264697,2242018.0,5,2018,24,2
C00264697,2052018.0,2000,2018,05,2
C00264697,2132018.0,5,2018,13,2
C00264697,2142018.0,10,2018,14,2
C00264697,2132018.0,550,2018,13,2
C00264697,2062018.0,20,2018,06,2
C00264697,2212018.0,5,2018,21,2
C00264697,2212018.0,250,2018,21,2
C00264697,2242018.0,10,2018,24,2
C00264697,2132018.0,5,2018,13,2
C00264697,2062018.0,2700,2018,06,2
C00264697,2162018.0,225,2018,16,2
C00264697,2082018.0,500,2018,08,2
C00264697,2132018.0,1,2018,13,2
C00264697,2052018.0,50,2018,05,2
C00264697,2052018.0,18,2018,05,2
C00264697,2102018.0,2,2018,10,2
C00264697,2092018.0,25,2018,09,2
C00264697,2192018.0,2000,2018,19,2
C00264697,2022018.0,5,2018,02,2
C00264697,2032018.0,100,2018,03,2
C00264697,2272018.0,27,2018,27,2
C00264697,2272018.0,25,2018,27,2
C00264697,2222018.0,50,2018,22,2
C00264697,2232018.0,25,2018,23,2
C00264697,2252018.0,5,2018,25,2
C00264697,2022018.0,10,2018,02,2
C00264697,2272018.0,13,2018,27,2
C00264697,2052018.0,10,2018,05,2
C00264697,2032018.0,26,2018,03,2
C00264697,2262018.0,10,2018,26,2
C00264697,2272018.0,10,2018,27,2
C00264697,2032018.0,50,2018,03,2
C00264697,2282018.0,200,2018,28,2
C00264697,2042018.0,50,2018,04,2
C00264697,2282018.0,50,2018,28,2
C00264697,2202018.0,25,2018,20,2
C00264697,2202018.0,5,2018,20,2
C00264697,2012018.0,10,2018,01,2
C00264697,2142018.0,50,2018,14,2
C00264697,2262018.0,26,2018,26,2
C00264697,2262018.0,26,2018,26,2
C00264697,2102018.0,1,2018,10,2
C00264697,2122018.0,50,2018,12,2
C00264697,2192018.0,17,2018,19,2
C00264697,2202018.0,50,2018,20,2
C00264697,2062018.0,25,2018,06,2
C00264697,2102018.0,50,2018,10,2
C00264697,2052018.0,500,2018,05,2
C00264697,2202018.0,10,2018,20,2
C00264697,2212018.0,10,2018,21,2
C00264697,2042018.0,100,2018,04,2
C00264697,2272018.0,5,2018,27,2
C00264697,2282018.0,5,2018,28,2
C00264697,2162018.0,100,2018,16,2
C00264697,2052018.0,100,2018,05,2
C00264697,2192018.0,26,2018,19,2
C00264697,2272018.0,100,2018,27,2
C00264697,2272018.0,7,2018,27,2
C00264697,2092018.0,2000,2018,09,2
C00264697,2102018.0,500,2018,10,2
C00264697,2102018.0,5,2018,10,2
C00264697,2212018.0,500,2018,21,2
C00264697,2212018.0,500,2018,21,2
C00264697,2172018.0,200,2018,17,2
C00264697,2262018.0,26,2018,26,2
C00264697,2272018.0,50,2018,27,2
C00264697,2282018.0,27,2018,28,2
C00264697,2282018.0,100,2018,28,2
C00264697,2282018.0,100,2018,28,2
C00264697,2272018.0,26,2018,27,2
C00264697,2052018.0,35,2018,05,2
C00264697,2222018.0,25,2018,22,2
C00264697,2052018.0,50,2018,05,2
C00264697,2082018.0,10,2018,08,2
C00264697,2012018.0,100,2018,01,2
C00264697,2052018.0,2,2018,05,2
C00264697,2112018.0,50,2018,11,2
C00264697,2212018.0,50,2018,21,2
C00264697,2212018.0,1150,2018,21,2
C00264697,2102018.0,10,2018,10,2
C00264697,2112018.0,500,2018,11,2
C00264697,2222018.0,10,2018,22,2
C00264697,2242018.0,5,2018,24,2
C00264697,2022018.0,30,2018,02,2
C00264697,2232018.0,1000,2018,23,2
C00264697,2052018.0,-300,2018,05,2
C00264697,2052018.0,300,2018,05,2
C00264697,2212018.0,5,2018,21,2
C00264697,2042018.0,10,2018,04,2
C00264697,2282018.0,20,2018,28,2
C00264697,2282018.0,50,2018,28,2
C00264697,2112018.0,26,2018,11,2
C00264697,2132018.0,10,2018,13,2
C00264697,2152018.0,100,2018,15,2
C00264697,2182018.0,2700,2018,18,2
C00264697,2182018.0,50,2018,18,2
C00264697,2132018.0,5,2018,13,2
C00264697,2262018.0,100,2018,26,2
C00264697,2092018.0,1000,2018,09,2
C00264697,2062018.0,26,2018,06,2
C00264697,2022018.0,26,2018,02,2
C00264697,2142018.0,8,2018,14,2
C00264697,2242018.0,25,2018,24,2
C00264697,2272018.0,250,2018,27,2
C00264697,2272018.0,26,2018,27,2
C00264697,2282018.0,50,2018,28,2
C00264697,2122018.0,50,2018,12,2
C00264697,2132018.0,5,2018,13,2
C00264697,2162018.0,10,2018,16,2
C00264697,2182018.0,10,2018,18,2
C00264697,2052018.0,10,2018,05,2
C00264697,2052018.0,10,2018,05,2
C00264697,2042018.0,25,2018,04,2
C00264697,2272018.0,100,2018,27,2
C00264697,2272018.0,10,2018,27,2
C00264697,2282018.0,26,2018,28,2
C00264697,2282018.0,100,2018,28,2
C00264697,2262018.0,1,2018,26,2
C00264697,2272018.0,26,2018,27,2
C00264697,2272018.0,10,2018,27,2
C00264697,2182018.0,25,2018,18,2
C00264697,2282018.0,24,2018,28,2
C00264697,2282018.0,27,2018,28,2
C00264697,2282018.0,5,2018,28,2
C00264697,2212018.0,50,2018,21,2
C00264697,2222018.0,150,2018,22,2
C00264697,2252018.0,26,2018,25,2
C00264697,2252018.0,10,2018,25,2
C00264697,2262018.0,20,2018,26,2
C00264697,2252018.0,50,2018,25,2
C00264697,2232018.0,5,2018,23,2
C00264697,2022018.0,50,2018,02,2
C00264697,2032018.0,50,2018,03,2
C00264697,2132018.0,100,2018,13,2
C00264697,2042018.0,-250,2018,04,2
C00264697,2042018.0,250,2018,04,2
C00264697,2032018.0,10,2018,03,2
C00264697,2132018.0,500,2018,13,2
C00264697,2152018.0,20,2018,15,2
C00264697,2162018.0,100,2018,16,2
C00264697,2162018.0,100,2018,16,2
C00264697,2152018.0,100,2018,15,2
C00264697,2252018.0,27,2018,25,2
C00264697,2082018.0,500,2018,08,2
C00264697,2152018.0,1000,2018,15,2
C00264697,2102018.0,100,2018,10,2
C00264697,2052018.0,10,2018,05,2
C00264697,2102018.0,50,2018,10,2
C00264697,2242018.0,200,2018,24,2
C00264697,2152018.0,25,2018,15,2
C00264697,2042018.0,26,2018,04,2
C00264697,2102018.0,1,2018,10,2
C00264697,2212018.0,10,2018,21,2
C00264697,2172018.0,10,2018,17,2
C00264697,2052018.0,250,2018,05,2
C00264697,2122018.0,10,2018,12,2
C00264697,2142018.0,5,2018,14,2
C00264697,2142018.0,26,2018,14,2
C00264697,2022018.0,100,2018,02,2
C00264697,2272018.0,25,2018,27,2
C00264697,2282018.0,5,2018,28,2
C00264697,2282018.0,10,2018,28,2
C00264697,2192018.0,5,2018,19,2
C00264697,2222018.0,50,2018,22,2
C00264697,2022018.0,26,2018,02,2
C00264697,2032018.0,100,2018,03,2
C00264697,2052018.0,10,2018,05,2
C00264697,2102018.0,100,2018,10,2
C00264697,2252018.0,100,2018,25,2
C00264697,2082018.0,5,2018,08,2
C00264697,2042018.0,10,2018,04,2
C00264697,2052018.0,26,2018,05,2
C00264697,2072018.0,50,2018,07,2
C00264697,2092018.0,26,2018,09,2
C00264697,2212018.0,1000,2018,21,2
C00264697,2222018.0,35,2018,22,2
C00264697,2132018.0,100,2018,13,2
C00264697,2052018.0,10,2018,05,2
C00264697,2212018.0,250,2018,21,2
C00264697,2262018.0,10,2018,26,2
C00264697,2262018.0,50,2018,26,2
C00264697,2232018.0,10,2018,23,2
C00264697,2282018.0,50,2018,28,2
C00264697,2282018.0,100,2018,28,2
C00264697,2032018.0,10,2018,03,2
C00264697,2282018.0,10,2018,28,2
C00264697,2022018.0,10,2018,02,2
C00264697,2282018.0,26,2018,28,2
C00264697,2272018.0,5,2018,27,2
C00264697,2282018.0,10,2018,28,2
C00264697,2282018.0,50,2018,28,2
C00264697,2282018.0,10,2018,28,2
C00264697,2282018.0,10,2018,28,2
C00264697,2282018.0,50,2018,28,2
C00264697,2282018.0,26,2018,28,2
C00264697,2032018.0,50,2018,03,2
C00264697,2162018.0,5,2018,16,2
C00264697,2242018.0,10,2018,24,2
C00264697,2242018.0,10,2018,24,2
C00264697,2062018.0,2500,2018,06,2
C00264697,2152018.0,250,2018,15,2
C00264697,2012018.0,50,2018,01,2
C00264697,2062018.0,15,2018,06,2
C00264697,2072018.0,10,2018,07,2
C00264697,2032018.0,25,2018,03,2
C00264697,2082018.0,100,2018,08,2
C00264697,2282018.0,10,2018,28,2
C00264697,2102018.0,27,2018,10,2
C00264697,2212018.0,1000,2018,21,2
C00264697,2072018.0,25,2018,07,2
C00264697,2032018.0,100,2018,03,2
C00264697,2102018.0,26,2018,10,2
C00264697,2112018.0,5,2018,11,2
C00264697,2072018.0,500,2018,07,2
C00264697,2122018.0,1000,2018,12,2
C00264697,2042018.0,100,2018,04,2
C00264697,2152018.0,35,2018,15,2
C00264697,2272018.0,1,2018,27,2
C00264697,2022018.0,5,2018,02,2
C00264697,2032018.0,25,2018,03,2
C00264697,2262018.0,25,2018,26,2
C00264697,2272018.0,10,2018,27,2
C00264697,2282018.0,26,2018,28,2
C00264697,2282018.0,10,2018,28,2
C00264697,2282018.0,50,2018,28,2
C00264697,2052018.0,500,2018,05,2
C00264697,2252018.0,5,2018,25,2
C00264697,2252018.0,1500,2018,25,2
C00264697,2202018.0,50,2018,20,2
C00264697,2192018.0,10,2018,19,2
C00264697,2092018.0,5,2018,09,2
C00264697,2252018.0,3,2018,25,2
C00264697,2162018.0,250,2018,16,2
C00264697,2262018.0,25,2018,26,2
C00264697,2122018.0,100,2018,12,2
C00264697,2032018.0,1000,2018,03,2
C00264697,2132018.0,250,2018,13,2
C00264697,2172018.0,2700,2018,17,2
C00264697,2132018.0,10,2018,13,2
C00264697,2132018.0,8,2018,13,2
C00264697,2172018.0,26,2018,17,2
C00264697,2182018.0,500,2018,18,2
C00264697,2022018.0,2,2018,02,2
C00264697,2232018.0,17,2018,23,2
C00264697,2242018.0,26,2018,24,2
C00264697,2022018.0,100,2018,02,2
C00264697,2132018.0,200,2018,13,2
C00264697,2272018.0,100,2018,27,2
C00264697,2022018.0,100,2018,02,2
C00264697,2042018.0,26,2018,04,2
C00264697,2282018.0,10,2018,28,2
C00264697,2282018.0,1000,2018,28,2
C00264697,2272018.0,50,2018,27,2
C00264697,2282018.0,10,2018,28,2
C00264697,2272018.0,25,2018,27,2
C00264697,2282018.0,27,2018,28,2
C00264697,2282018.0,100,2018,28,2
C00264697,2282018.0,1,2018,28,2
C00264697,2212018.0,50,2018,21,2
C00264697,2242018.0,5,2018,24,2
C00264697,2162018.0,500,2018,16,2
C00264697,2222018.0,500,2018,22,2
C00264697,2222018.0,5,2018,22,2
C00264697,2262018.0,100,2018,26,2
C00264697,2202018.0,20,2018,20,2
C00264697,2222018.0,26,2018,22,2
C00264697,2242018.0,15,2018,24,2
C00264697,2202018.0,2700,2018,20,2
C00264697,2052018.0,100,2018,05,2
C00264697,2202018.0,4,2018,20,2
C00264697,2212018.0,50,2018,21,2
C00264697,2222018.0,50,2018,22,2
C00264697,2232018.0,10,2018,23,2
C00264697,2202018.0,150,2018,20,2
C00264697,2072018.0,11,2018,07,2
C00264697,2212018.0,50,2018,21,2
C00264697,2022018.0,100,2018,02,2
C00264697,2122018.0,500,2018,12,2
C00264697,2272018.0,50,2018,27,2
C00264697,2012018.0,10,2018,01,2
C00264697,2052018.0,10,2018,05,2
C00264697,2112018.0,15,2018,11,2
C00264697,2202018.0,25,2018,20,2
C00264697,2242018.0,26,2018,24,2
C00264697,2022018.0,30,2018,02,2
C00264697,2122018.0,100,2018,12,2
C00264697,2232018.0,1000,2018,23,2
C00264697,2262018.0,26,2018,26,2
C00264697,2272018.0,10,2018,27,2
C00264697,2272018.0,10,2018,27,2
C00264697,2272018.0,10,2018,27,2
C00264697,2272018.0,27,2018,27,2
C00264697,2282018.0,17,2018,28,2
C00264697,2282018.0,10,2018,28,2
C00264697,2052018.0,100,2018,05,2
C00264697,2232018.0,20,2018,23,2
C00264697,2252018.0,5,2018,25,2
C00264697,2252018.0,20,2018,25,2
C00264697,2252018.0,5,2018,25,2
C00264697,2072018.0,250,2018,07,2
C00264697,2172018.0,26,2018,17,2
C00264697,2252018.0,26,2018,25,2
C00264697,2232018.0,12,2018,23,2
C00264697,2242018.0,100,2018,24,2
C00264697,2052018.0,100,2018,05,2
C00264697,2032018.0,5,2018,03,2
C00264697,2032018.0,5,2018,03,2
C00264697,2282018.0,100,2018,28,2
C00264697,2282018.0,25,2018,28,2
C00264697,2282018.0,27,2018,28,2
C00264697,2282018.0,5,2018,28,2
C00264697,2192018.0,50,2018,19,2
C00264697,2242018.0,1,2018,24,2
C00264697,2272018.0,5,2018,27,2
C00264697,2282018.0,5,2018,28,2
C00264697,2052018.0,50,2018,05,2
C00264697,2152018.0,50,2018,15,2
C00264697,2212018.0,5,2018,21,2
C00264697,2072018.0,10,2018,07,2
C00264697,2242018.0,50,2018,24,2
C00264697,2052018.0,50,2018,05,2
C00264697,2102018.0,50,2018,10,2
C00264697,2282018.0,26,2018,28,2
C00264697,2022018.0,50,2018,02,2
C00264697,2022018.0,50,2018,02,2
C00264697,2282018.0,37,2018,28,2
C00264697,2052018.0,10,2018,05,2
C00264697,2052018.0,26,2018,05,2
C00264697,2082018.0,150,2018,08,2
C00264697,2132018.0,26,2018,13,2
C00264697,2172018.0,9,2018,17,2
C00264697,2172018.0,10,2018,17,2
C00264697,2032018.0,25,2018,03,2
C00264697,2032018.0,5,2018,03,2
C00264697,2032018.0,250,2018,03,2
C00264697,2282018.0,5,2018,28,2
C00264697,2282018.0,50,2018,28,2
C00264697,2072018.0,25,2018,07,2
C00264697,2062018.0,25,2018,06,2
C00264697,2062018.0,25,2018,06,2
C00264697,2092018.0,25,2018,09,2
C00264697,2092018.0,5,2018,09,2
C00264697,2182018.0,5,2018,18,2
C00264697,2232018.0,5,2018,23,2
C00264697,2212018.0,10,2018,21,2
C00264697,2062018.0,150,2018,06,2
C00264697,2102018.0,20,2018,10,2
C00264697,2252018.0,25,2018,25,2
C00264697,2282018.0,20,2018,28,2
C00264697,2262018.0,25,2018,26,2
C00264697,2262018.0,250,2018,26,2
C00264697,2032018.0,26,2018,03,2
C00264697,2282018.0,10,2018,28,2
C00264697,2282018.0,10,2018,28,2
C00264697,2282018.0,100,2018,28,2
C00264697,2052018.0,5,2018,05,2
C00264697,2212018.0,50,2018,21,2
C00264697,2212018.0,26,2018,21,2
C00264697,2242018.0,17,2018,24,2
C00264697,2152018.0,75,2018,15,2
C00264697,2152018.0,150,2018,15,2
C00264697,2192018.0,30,2018,19,2
C00264697,2142018.0,100,2018,14,2
C00264697,2152018.0,5,2018,15,2
C00264697,2052018.0,25,2018,05,2
C00264697,2102018.0,5,2018,10,2
C00264697,2042018.0,100,2018,04,2
C00264697,2192018.0,25,2018,19,2
C00264697,2192018.0,26,2018,19,2
C00264697,2202018.0,35,2018,20,2
C00264697,2202018.0,10,2018,20,2
C00264697,2202018.0,5,2018,20,2
C00264697,2212018.0,1,2018,21,2
C00264697,2242018.0,25,2018,24,2
C00264697,2082018.0,10,2018,08,2
C00264697,2082018.0,2,2018,08,2
C00264697,2192018.0,10,2018,19,2
C00264697,2112018.0,10,2018,11,2
C00264697,2212018.0,250,2018,21,2
C00264697,2052018.0,150,2018,05,2
C00264697,2152018.0,1000,2018,15,2
C00264697,2202018.0,26,2018,20,2
C00264697,2222018.0,5,2018,22,2
C00264697,2152018.0,25,2018,15,2
C00264697,2142018.0,5,2018,14,2
C00264697,2032018.0,26,2018,03,2
C00264697,2142018.0,20,2018,14,2
C00264697,2222018.0,10,2018,22,2
C00264697,2242018.0,25,2018,24,2
C00264697,2202018.0,50,2018,20,2
C00264697,2212018.0,25,2018,21,2
C00264697,2222018.0,5,2018,22,2
C00264697,2172018.0,26,2018,17,2
C00264697,2172018.0,26,2018,17,2
C00264697,2142018.0,10,2018,14,2
C00264697,2252018.0,50,2018,25,2
C00264697,2272018.0,5,2018,27,2
C00264697,2282018.0,25,2018,28,2
C00264697,2282018.0,26,2018,28,2
C00264697,2062018.0,10,2018,06,2
C00264697,2092018.0,250,2018,09,2
C00264697,2102018.0,10,2018,10,2
C00264697,2202018.0,500,2018,20,2
C00264697,2222018.0,5,2018,22,2
C00264697,2072018.0,100,2018,07,2
C00264697,2062018.0,50,2018,06,2
C00264697,2092018.0,10,2018,09,2
C00264697,2282018.0,50,2018,28,2
C00264697,2282018.0,50,2018,28,2
C00264697,2102018.0,5,2018,10,2
C00264697,2232018.0,5,2018,23,2
C00264697,2112018.0,50,2018,11,2
C00264697,2242018.0,26,2018,24,2
C00264697,2252018.0,20,2018,25,2
C00264697,2272018.0,35,2018,27,2
C00264697,2072018.0,30,2018,07,2
C00264697,2252018.0,26,2018,25,2
C00264697,2072018.0,5,2018,07,2
C00264697,2022018.0,1000,2018,02,2
C00264697,2042018.0,25,2018,04,2
C00264697,2032018.0,26,2018,03,2
C00264697,2282018.0,25,2018,28,2
C00264697,2282018.0,50,2018,28,2
C00264697,2282018.0,3,2018,28,2
C00264697,2282018.0,25,2018,28,2
C00264697,2042018.0,30,2018,04,2
C00264697,2282018.0,10,2018,28,2
C00264697,2282018.0,26,2018,28,2
C00264697,2282018.0,50,2018,28,2
C00264697,2282018.0,10,2018,28,2
C00264697,2282018.0,27,2018,28,2
C00264697,2012018.0,500,2018,01,2
C00264697,2042018.0,26,2018,04,2
C00264697,2282018.0,6,2018,28,2
C00264697,2152018.0,20,2018,15,2
C00264697,2212018.0,50,2018,21,2
C00264697,2242018.0,5,2018,24,2
C00264697,2252018.0,26,2018,25,2
C00264697,2152018.0,50,2018,15,2
C00264697,2222018.0,26,2018,22,2
C00264697,2222018.0,100,2018,22,2
C00264697,2252018.0,100,2018,25,2
C00264697,2282018.0,10,2018,28,2
C00264697,2112018.0,100,2018,11,2
C00264697,2022018.0,26,2018,02,2
C00264697,2042018.0,10,2018,04,2
C00264697,2022018.0,5,2018,02,2
C00264697,2272018.0,10,2018,27,2
C00264697,2272018.0,250,2018,27,2
C00264697,2262018.0,500,2018,26,2
C00264697,2282018.0,15,2018,28,2
C00264697,2192018.0,50,2018,19,2
C00264697,2072018.0,5,2018,07,2
C00264697,2092018.0,5,2018,09,2
C00264697,2102018.0,26,2018,10,2
C00264697,2112018.0,5,2018,11,2
C00264697,2192018.0,10,2018,19,2
C00264697,2212018.0,10,2018,21,2
C00264697,2142018.0,50,2018,14,2
C00264697,2282018.0,10,2018,28,2
C00264697,2202018.0,26,2018,20,2
C00264697,2222018.0,26,2018,22,2
C00264697,2252018.0,50,2018,25,2
C00264697,2162018.0,50,2018,16,2
C00264697,2262018.0,100,2018,26,2
C00264697,2262018.0,250,2018,26,2
C00264697,2132018.0,5,2018,13,2
C00264697,2172018.0,100,2018,17,2
C00264697,2182018.0,250,2018,18,2
C00264697,2182018.0,25,2018,18,2
C00264697,2142018.0,10,2018,14,2
C00264697,2162018.0,26,2018,16,2
C00264697,2052018.0,30,2018,05,2
C00264697,2222018.0,10,2018,22,2
C00264697,2222018.0,26,2018,22,2
C00264697,2242018.0,5,2018,24,2
C00264697,2252018.0,26,2018,25,2
C00264697,2042018.0,2700,2018,04,2
C00264697,2272018.0,10,2018,27,2
C00264697,2182018.0,10,2018,18,2
C00264697,2282018.0,25,2018,28,2
C00264697,2222018.0,200,2018,22,2
C00264697,2242018.0,25,2018,24,2
C00264697,2272018.0,50,2018,27,2
C00264697,2192018.0,25,2018,19,2
C00264697,2212018.0,7,2018,21,2
C00264697,2232018.0,500,2018,23,2
C00264697,2042018.0,10,2018,04,2
C00264697,2102018.0,2000,2018,10,2
C00264697,2062018.0,2300,2018,06,2
C00264697,2012018.0,2700,2018,01,2
C00264697,2042018.0,20,2018,04,2
C00264697,2262018.0,5,2018,26,2
C00264697,2282018.0,25,2018,28,2
C00264697,2102018.0,5,2018,10,2
C00264697,2102018.0,26,2018,10,2
C00264697,2212018.0,1000,2018,21,2
C00264697,2212018.0,50,2018,21,2
C00264697,2212018.0,500,2018,21,2
C00264697,2202018.0,150,2018,20,2
C00264697,2082018.0,5,2018,08,2
C00264697,2042018.0,100,2018,04,2
C00264697,2092018.0,5,2018,09,2
C00264697,2222018.0,5,2018,22,2
C00264697,2242018.0,26,2018,24,2
C00264697,2252018.0,26,2018,25,2
C00264697,2152018.0,10,2018,15,2
C00264697,2102018.0,100,2018,10,2
C00264697,2102018.0,5,2018,10,2
C00264697,2102018.0,10,2018,10,2
C00264697,2012018.0,25,2018,01,2
C00264697,2022018.0,100,2018,02,2
C00264697,2272018.0,26,2018,27,2
C00264697,2282018.0,50,2018,28,2
C00264697,2282018.0,25,2018,28,2
C00264697,2282018.0,25,2018,28,2
C00264697,2282018.0,50,2018,28,2
C00264697,2212018.0,100,2018,21,2
C00264697,2242018.0,10,2018,24,2
C00264697,2052018.0,80,2018,05,2
C00264697,2082018.0,5,2018,08,2
C00264697,2092018.0,25,2018,09,2
C00264697,2092018.0,26,2018,09,2
C00264697,2212018.0,2000,2018,21,2
C00264697,2212018.0,250,2018,21,2
C00264697,2132018.0,5,2018,13,2
C00264697,2182018.0,5,2018,18,2
C00264697,2182018.0,26,2018,18,2
C00264697,2022018.0,5,2018,02,2
C00264697,2022018.0,200,2018,02,2
C00264697,2282018.0,25,2018,28,2
C00264697,2142018.0,500,2018,14,2
C00264697,2272018.0,3,2018,27,2
C00264697,2272018.0,10,2018,27,2
C00264697,2252018.0,50,2018,25,2
C00264697,2252018.0,100,2018,25,2
C00264697,2012018.0,300,2018,01,2
C00264697,2222018.0,0,2018,22,2
C00264697,2182018.0,26,2018,18,2
C00264697,2222018.0,27,2018,22,2
C00264697,2202018.0,2700,2018,20,2
C00264697,2282018.0,26,2018,28,2
C00264697,2222018.0,2,2018,22,2
C00264697,2222018.0,10,2018,22,2
C00264697,2242018.0,10,2018,24,2
C00264697,2242018.0,5,2018,24,2
C00264697,2162018.0,50,2018,16,2
C00264697,2172018.0,50,2018,17,2
C00264697,2132018.0,10,2018,13,2
C00264697,2032018.0,26,2018,03,2
C00264697,2282018.0,10,2018,28,2
C00264697,2152018.0,27,2018,15,2
C00264697,2042018.0,100,2018,04,2
C00264697,2042018.0,9,2018,04,2
C00264697,2182018.0,0,2018,18,2
C00264697,2252018.0,0,2018,25,2
C00264697,2142018.0,100,2018,14,2
C00264697,2142018.0,10,2018,14,2
C00264697,2182018.0,20,2018,18,2
C00264697,2262018.0,26,2018,26,2
C00264697,2282018.0,75,2018,28,2
C00264697,2032018.0,27,2018,03,2
C00264697,2262018.0,5,2018,26,2
C00264697,2282018.0,10,2018,28,2
C00264697,2282018.0,10,2018,28,2
C00264697,2112018.0,250,2018,11,2
C00264697,2212018.0,10,2018,21,2
C00264697,2242018.0,2,2018,24,2
C00264697,2242018.0,250,2018,24,2
C00264697,2252018.0,500,2018,25,2
C00264697,2072018.0,200,2018,07,2
C00264697,2072018.0,250,2018,07,2
C00264697,2072018.0,50,2018,07,2
C00264697,2072018.0,50,2018,07,2
C00264697,2192018.0,20,2018,19,2
C00264697,2232018.0,25,2018,23,2
C00264697,2202018.0,300,2018,20,2
C00264697,2052018.0,1,2018,05,2
C00264697,2052018.0,10,2018,05,2
C00264697,2202018.0,5,2018,20,2
C00264697,2122018.0,100,2018,12,2
C00264697,2232018.0,50,2018,23,2
C00264697,2122018.0,500,2018,12,2
C00264697,2152018.0,10,2018,15,2
C00264697,2142018.0,10,2018,14,2
C00264697,2282018.0,25,2018,28,2
C00264697,2172018.0,147,2018,17,2
C00264697,2252018.0,26,2018,25,2
C00264697,2272018.0,10,2018,27,2
C00264697,2272018.0,100,2018,27,2
C00264697,2272018.0,10,2018,27,2
C00264697,2282018.0,5,2018,28,2
C00264697,2122018.0,25,2018,12,2
C00264697,2152018.0,25,2018,15,2
C00264697,2132018.0,10,2018,13,2
C00264697,2162018.0,10,2018,16,2
C00264697,2262018.0,2700,2018,26,2
C00264697,2272018.0,26,2018,27,2
C00264697,2272018.0,26,2018,27,2
C00264697,2072018.0,50,2018,07,2
C00264697,2202018.0,750,2018,20,2
C00264697,2102018.0,450,2018,10,2
C00264697,2212018.0,1000,2018,21,2
C00264697,2262018.0,10,2018,26,2
C00264697,2282018.0,50,2018,28,2
C00264697,2272018.0,10,2018,27,2
C00264697,2172018.0,10,2018,17,2
C00264697,2152018.0,26,2018,15,2
C00264697,2032018.0,25,2018,03,2
C00264697,2272018.0,26,2018,27,2
C00264697,2252018.0,10,2018,25,2
C00264697,2222018.0,10,2018,22,2
C00264697,2242018.0,15,2018,24,2
C00264697,2142018.0,25,2018,14,2
C00264697,2082018.0,50,2018,08,2
C00264697,2272018.0,17,2018,27,2
C00264697,2282018.0,100,2018,28,2
C00264697,2162018.0,10,2018,16,2
C00264697,2172018.0,10,2018,17,2
C00264697,2052018.0,10,2018,05,2
C00264697,2122018.0,10,2018,12,2
C00264697,2272018.0,5,2018,27,2
C00264697,2262018.0,15,2018,26,2
C00264697,2282018.0,26,2018,28,2
C00264697,2052018.0,150,2018,05,2
C00264697,2262018.0,26,2018,26,2
C00264697,2042018.0,25,2018,04,2
C00264697,2272018.0,30,2018,27,2
C00264697,2272018.0,5,2018,27,2
C00264697,2282018.0,25,2018,28,2
C00264697,2282018.0,50,2018,28,2
C00264697,2182018.0,5,2018,18,2
C00264697,2182018.0,26,2018,18,2
C00264697,2032018.0,10,2018,03,2
C00264697,2052018.0,10,2018,05,2
C00264697,2212018.0,5,2018,21,2
C00264697,2222018.0,7,2018,22,2
C00264697,2182018.0,2,2018,18,2
C00264697,2282018.0,100,2018,28,2
C00264697,2192018.0,25,2018,19,2
C00264697,2202018.0,10,2018,20,2
C00264697,2252018.0,10,2018,25,2
C00264697,2232018.0,26,2018,23,2
C00264697,2072018.0,5,2018,07,2
C00264697,2272018.0,100,2018,27,2
C00264697,2282018.0,10,2018,28,2
C00264697,2282018.0,50,2018,28,2
C00264697,2052018.0,50,2018,05,2
C00264697,2192018.0,25,2018,19,2
C00264697,2242018.0,25,2018,24,2
C00264697,2242018.0,160,2018,24,2
C00264697,2022018.0,250,2018,02,2
C00264697,2082018.0,7,2018,08,2
C00264697,2202018.0,25,2018,20,2
C00264697,2242018.0,10,2018,24,2
C00264697,2122018.0,50,2018,12,2
C00264697,2232018.0,500,2018,23,2
C00264697,2162018.0,26,2018,16,2
C00264697,2272018.0,10,2018,27,2
C00264697,2252018.0,50,2018,25,2
C00264697,2252018.0,26,2018,25,2
C00264697,2122018.0,250,2018,12,2
C00264697,2232018.0,25,2018,23,2
C00264697,2092018.0,2000,2018,09,2
C00264697,2112018.0,5,2018,11,2
C00264697,2212018.0,100,2018,21,2
C00264697,2212018.0,1000,2018,21,2
C00264697,2132018.0,15,2018,13,2
C00264697,2132018.0,100,2018,13,2
C00264697,2132018.0,25,2018,13,2
C00264697,2152018.0,5,2018,15,2
C00264697,2152018.0,50,2018,15,2
C00264697,2042018.0,10,2018,04,2
C00264697,2272018.0,27,2018,27,2
C00264697,2282018.0,10,2018,28,2
C00264697,2282018.0,25,2018,28,2
C00264697,2282018.0,100,2018,28,2
C00264697,2192018.0,50,2018,19,2
C00264697,2202018.0,2700,2018,20,2
C00264697,2172018.0,15,2018,17,2
C00264697,2142018.0,550,2018,14,2
C00264697,2262018.0,5,2018,26,2
C00264697,2272018.0,26,2018,27,2
C00264697,2272018.0,26,2018,27,2
C00264697,2282018.0,10,2018,28,2
C00264697,2242018.0,2,2018,24,2
C00264697,2252018.0,25,2018,25,2
C00264697,2122018.0,250,2018,12,2
C00264697,2132018.0,500,2018,13,2
C00264697,2232018.0,50,2018,23,2
C00264697,2132018.0,26,2018,13,2
C00264697,2122018.0,10,2018,12,2
C00264697,2142018.0,100,2018,14,2
C00264697,2032018.0,20,2018,03,2
C00264697,2042018.0,50,2018,04,2
C00264697,2212018.0,250,2018,21,2
C00264697,2102018.0,250,2018,10,2
C00264697,2042018.0,15,2018,04,2
C00264697,2262018.0,50,2018,26,2
C00264697,2272018.0,5,2018,27,2
C00264697,2272018.0,500,2018,27,2
C00264697,2052018.0,1000,2018,05,2
C00264697,2212018.0,25,2018,21,2
C00264697,2242018.0,10,2018,24,2
C00264697,2192018.0,25,2018,19,2
C00264697,2192018.0,500,2018,19,2
C00264697,2032018.0,50,2018,03,2
C00264697,2032018.0,25,2018,03,2
C00264697,2242018.0,2500,2018,24,2
C00264697,2262018.0,26,2018,26,2
C00264697,2272018.0,26,2018,27,2
C00264697,2282018.0,50,2018,28,2
C00264697,2252018.0,100,2018,25,2
C00264697,2242018.0,3,2018,24,2
C00264697,2012018.0,50,2018,01,2
C00264697,2282018.0,25,2018,28,2
C00264697,2062018.0,1000,2018,06,2
C00264697,2162018.0,100,2018,16,2
C00264697,2092018.0,2,2018,09,2
C00264697,2122018.0,50,2018,12,2
C00264697,2142018.0,26,2018,14,2
C00264697,2142018.0,10,2018,14,2
C00264697,2082018.0,26,2018,08,2
C00264697,2212018.0,250,2018,21,2
C00264697,2022018.0,100,2018,02,2
C00264697,2032018.0,150,2018,03,2
C00264697,2022018.0,10,2018,02,2
C00264697,2272018.0,50,2018,27,2
C00264697,2042018.0,50,2018,04,2
C00264697,2142018.0,50,2018,14,2
C00264697,2152018.0,10,2018,15,2
C00264697,2212018.0,10,2018,21,2
C00264697,2242018.0,5,2018,24,2
C00264697,2282018.0,100,2018,28,2
C00264697,2282018.0,10,2018,28,2
C00264697,2282018.0,50,2018,28,2
C00264697,2182018.0,26,2018,18,2
C00264697,2132018.0,26,2018,13,2
C00264697,2032018.0,25,2018,03,2
C00264697,2032018.0,26,2018,03,2
C00264697,2212018.0,3,2018,21,2
C00264697,2232018.0,25,2018,23,2
C00264697,2152018.0,150,2018,15,2
C00264697,2252018.0,10,2018,25,2
C00264697,2262018.0,100,2018,26,2
C00264697,2282018.0,50,2018,28,2
C00264697,2282018.0,10,2018,28,2
C00264697,2052018.0,50,2018,05,2
C00264697,2222018.0,10,2018,22,2
C00264697,2222018.0,26,2018,22,2
C00264697,2272018.0,25,2018,27,2
C00264697,2262018.0,25,2018,26,2
C00264697,2272018.0,5,2018,27,2
C00264697,2282018.0,10,2018,28,2
C00264697,2282018.0,50,2018,28,2
C00264697,2282018.0,10,2018,28,2
C00264697,2222018.0,20,2018,22,2
C00264697,2252018.0,25,2018,25,2
C00264697,2042018.0,25,2018,04,2
C00264697,2272018.0,26,2018,27,2
C00264697,2282018.0,10,2018,28,2
C00264697,2032018.0,26,2018,03,2
C00264697,2272018.0,10,2018,27,2
C00264697,2252018.0,25,2018,25,2
C00264697,2202018.0,5,2018,20,2
C00264697,2222018.0,10,2018,22,2
C00264697,2052018.0,26,2018,05,2
C00264697,2062018.0,26,2018,06,2
C00264697,2082018.0,10,2018,08,2
C00264697,2082018.0,10,2018,08,2
C00264697,2012018.0,25,2018,01,2
C00264697,2052018.0,10,2018,05,2
C00264697,2112018.0,10,2018,11,2
C00264697,2222018.0,2700,2018,22,2
C00264697,2132018.0,10,2018,13,2
C00264697,2172018.0,26,2018,17,2
C00264697,2262018.0,200,2018,26,2
C00264697,2272018.0,50,2018,27,2
C00264697,2102018.0,26,2018,10,2
C00264697,2042018.0,5,2018,04,2
C00264697,2272018.0,100,2018,27,2
C00264697,2222018.0,10,2018,22,2
C00264697,2222018.0,50,2018,22,2
C00264697,2242018.0,10,2018,24,2
C00264697,2252018.0,25,2018,25,2
C00264697,2252018.0,25,2018,25,2
C00264697,2252018.0,100,2018,25,2
C00264697,2152018.0,10,2018,15,2
C00264697,2172018.0,10,2018,17,2
C00264697,2072018.0,3,2018,07,2
C00264697,2092018.0,26,2018,09,2
C00264697,2212018.0,25,2018,21,2
C00264697,2052018.0,5,2018,05,2
C00264697,2092018.0,27,2018,09,2
C00264697,2102018.0,5,2018,10,2
C00264697,2212018.0,150,2018,21,2
C00264697,2182018.0,26,2018,18,2
C00264697,2182018.0,26,2018,18,2
C00264697,2132018.0,50,2018,13,2
C00264697,2192018.0,250,2018,19,2
C00264697,2052018.0,25,2018,05,2
C00264697,2092018.0,100,2018,09,2
C00264697,2102018.0,5,2018,10,2
C00264697,2272018.0,5,2018,27,2
C00264697,2262018.0,50,2018,26,2
C00264697,2272018.0,10,2018,27,2
C00264697,2282018.0,26,2018,28,2
C00264697,2152018.0,26,2018,15,2
C00264697,2142018.0,25,2018,14,2
C00264697,2182018.0,10,2018,18,2
C00264697,2032018.0,26,2018,03,2
C00264697,2032018.0,100,2018,03,2
C00264697,2012018.0,50,2018,01,2
C00264697,2132018.0,10,2018,13,2
C00264697,2152018.0,100,2018,15,2
C00264697,2182018.0,10,2018,18,2
C00264697,2182018.0,26,2018,18,2
C00264697,2082018.0,1000,2018,08,2
C00264697,2122018.0,5,2018,12,2
C00264697,2162018.0,25,2018,16,2
C00264697,2182018.0,1000,2018,18,2
C00264697,2252018.0,50,2018,25,2
C00264697,2072018.0,20,2018,07,2
C00264697,2052018.0,50,2018,05,2
C00264697,2222018.0,26,2018,22,2
C00264697,2242018.0,20,2018,24,2
C00264697,2252018.0,25,2018,25,2
C00264697,2222018.0,2,2018,22,2
C00264697,2122018.0,10,2018,12,2
C00264697,2152018.0,5,2018,15,2
C00264697,2172018.0,25,2018,17,2
C00264697,2122018.0,5,2018,12,2
C00264697,2282018.0,250,2018,28,2
C00264697,2102018.0,50,2018,10,2
C00264697,2132018.0,250,2018,13,2
C00264697,2152018.0,100,2018,15,2
C00264697,2282018.0,10,2018,28,2
C00264697,2072018.0,100,2018,07,2
C00264697,2122018.0,10,2018,12,2
C00264697,2172018.0,26,2018,17,2
C00264697,2262018.0,25,2018,26,2
C00264697,2132018.0,25,2018,13,2
C00264697,2172018.0,50,2018,17,2
C00264697,2282018.0,50,2018,28,2
C00264697,2282018.0,35,2018,28,2
C00264697,2012018.0,26,2018,01,2
C00264697,2022018.0,25,2018,02,2
C00264697,2282018.0,250,2018,28,2
C00264697,2282018.0,100,2018,28,2
C00264697,2282018.0,26,2018,28,2
C00264697,2282018.0,50,2018,28,2
C00264697,2242018.0,1,2018,24,2
C00264697,2262018.0,500,2018,26,2
C00264697,2022018.0,1,2018,02,2
C00264697,2262018.0,26,2018,26,2
C00264697,2282018.0,5,2018,28,2
C00264697,2282018.0,10,2018,28,2
C00264697,2052018.0,10,2018,05,2
C00264697,2242018.0,5,2018,24,2
C00264697,2192018.0,50,2018,19,2
C00264697,2282018.0,250,2018,28,2
C00264697,2282018.0,50,2018,28,2
C00264697,2192018.0,26,2018,19,2
C00264697,2202018.0,10,2018,20,2
C00264697,2232018.0,5,2018,23,2
C00264697,2272018.0,25,2018,27,2
C00264697,2272018.0,50,2018,27,2
C00264697,2282018.0,25,2018,28,2
C00264697,2032018.0,5,2018,03,2
C00264697,2272018.0,5,2018,27,2
C00264697,2062018.0,50,2018,06,2
C00264697,2082018.0,100,2018,08,2
C00264697,2092018.0,50,2018,09,2
C00264697,2112018.0,10,2018,11,2
C00264697,2122018.0,25,2018,12,2
C00264697,2052018.0,30,2018,05,2
C00264697,2212018.0,25,2018,21,2
C00264697,2222018.0,26,2018,22,2
C00264697,2122018.0,75,2018,12,2
C00264697,2272018.0,25,2018,27,2
C00264697,2102018.0,50,2018,10,2
C00264697,2112018.0,26,2018,11,2
C00264697,2082018.0,1,2018,08,2
C00264697,2082018.0,26,2018,08,2
C00264697,2232018.0,25,2018,23,2
C00264697,2242018.0,10,2018,24,2
C00264697,2252018.0,26,2018,25,2
C00264697,2052018.0,10,2018,05,2
C00264697,2092018.0,5,2018,09,2
C00264697,2022018.0,10,2018,02,2
C00264697,2242018.0,50,2018,24,2
C00264697,2282018.0,26,2018,28,2
C00264697,2122018.0,30,2018,12,2
C00264697,2132018.0,250,2018,13,2
C00264697,2212018.0,27,2018,21,2
C00264697,2032018.0,10,2018,03,2
C00264697,2142018.0,2000,2018,14,2
C00264697,2282018.0,27,2018,28,2
C00264697,2192018.0,10,2018,19,2
C00264697,2202018.0,5,2018,20,2
C00264697,2222018.0,10,2018,22,2
C00264697,2202018.0,27,2018,20,2
C00264697,2032018.0,5,2018,03,2
C00264697,2282018.0,50,2018,28,2
C00264697,2062018.0,50,2018,06,2
C00264697,2232018.0,5,2018,23,2
C00264697,2212018.0,10,2018,21,2
C00264697,2012018.0,250,2018,01,2
C00264697,2252018.0,26,2018,25,2
C00264697,2032018.0,5,2018,03,2
C00264697,2272018.0,10,2018,27,2
C00264697,2282018.0,5,2018,28,2
C00264697,2282018.0,50,2018,28,2
C00264697,2192018.0,100,2018,19,2
C00264697,2262018.0,500,2018,26,2
C00264697,2182018.0,26,2018,18,2
C00264697,2132018.0,100,2018,13,2
C00264697,2162018.0,27,2018,16,2
C00264697,2182018.0,26,2018,18,2
C00264697,2252018.0,10,2018,25,2
C00264697,2022018.0,100,2018,02,2
C00264697,2262018.0,25,2018,26,2
C00264697,2272018.0,10,2018,27,2
C00264697,2032018.0,25,2018,03,2
C00264697,2282018.0,1,2018,28,2
C00264697,2162018.0,150,2018,16,2
C00264697,2262018.0,50,2018,26,2
C00264697,2272018.0,500,2018,27,2
C00264697,2242018.0,10,2018,24,2
C00264697,2252018.0,50,2018,25,2
C00264697,2262018.0,8,2018,26,2
C00264697,2052018.0,100,2018,05,2
C00264697,2092018.0,50,2018,09,2
C00264697,2082018.0,5400,2018,08,2
C00264697,2082018.0,-2700,2018,08,2
C00264697,2082018.0,2700,2018,08,2
C00264697,2172018.0,10,2018,17,2
C00264697,2172018.0,1,2018,17,2
C00264697,2052018.0,5,2018,05,2
C00264697,2022018.0,25,2018,02,2
C00264697,2122018.0,50,2018,12,2
C00264697,2282018.0,26,2018,28,2
C00264697,2192018.0,5,2018,19,2
C00264697,2192018.0,26,2018,19,2
C00264697,2252018.0,5,2018,25,2
C00264697,2092018.0,100,2018,09,2
C00264697,2012018.0,100,2018,01,2
C00264697,2132018.0,5,2018,13,2
C00264697,2152018.0,15,2018,15,2
C00264697,2182018.0,50,2018,18,2
C00264697,2182018.0,50,2018,18,2
C00264697,2122018.0,400,2018,12,2
C00264697,2192018.0,500,2018,19,2
C00264697,2222018.0,85,2018,22,2
C00264697,2032018.0,50,2018,03,2
C00264697,2032018.0,5,2018,03,2
C00264697,2252018.0,25,2018,25,2
C00264697,2282018.0,10,2018,28,2
C00264697,2202018.0,25,2018,20,2
C00264697,2262018.0,25,2018,26,2
C00264697,2072018.0,250,2018,07,2
C00264697,2102018.0,10,2018,10,2
C00264697,2282018.0,20,2018,28,2
C00264697,2152018.0,25,2018,15,2
C00264697,2162018.0,25,2018,16,2
C00264697,2282018.0,2700,2018,28,2
C00264697,2132018.0,10,2018,13,2
C00264697,2142018.0,5,2018,14,2
C00264697,2052018.0,50,2018,05,2
C00264697,2142018.0,2700,2018,14,2
C00264697,2142018.0,-50,2018,14,2
C00264697,2142018.0,50,2018,14,2
C00264697,2282018.0,10,2018,28,2
C00264697,2032018.0,250,2018,03,2
C00264697,2282018.0,25,2018,28,2
C00264697,2252018.0,5,2018,25,2
C00264697,2192018.0,10,2018,19,2
C00264697,2252018.0,10,2018,25,2
C00264697,2182018.0,500,2018,18,2
C00264697,2152018.0,5,2018,15,2
C00264697,2172018.0,15,2018,17,2
C00264697,2042018.0,10,2018,04,2
C00264697,2282018.0,5,2018,28,2
C00264697,2102018.0,50,2018,10,2
C00264697,2082018.0,10,2018,08,2
C00264697,2242018.0,26,2018,24,2
C00264697,2162018.0,150,2018,16,2
C00264697,2132018.0,50,2018,13,2
C00264697,2052018.0,50,2018,05,2
C00264697,2082018.0,5,2018,08,2
C00264697,2112018.0,25,2018,11,2
C00264697,2142018.0,150,2018,14,2
C00264697,2272018.0,10,2018,27,2
C00264697,2282018.0,10,2018,28,2
C00264697,2282018.0,25,2018,28,2
C00264697,2052018.0,5400,2018,05,2
C00264697,2052018.0,-2700,2018,05,2
C00264697,2092018.0,50,2018,09,2
C00264697,2242018.0,10,2018,24,2
C00264697,2282018.0,5,2018,28,2
C00264697,2192018.0,26,2018,19,2
C00264697,2212018.0,5,2018,21,2
C00264697,2182018.0,-2700,2018,18,2
C00264697,2182018.0,2700,2018,18,2
C00264697,2102018.0,5,2018,10,2
C00264697,2072018.0,10,2018,07,2
C00264697,2082018.0,26,2018,08,2
C00264697,2092018.0,25,2018,09,2
C00264697,2122018.0,50,2018,12,2
C00264697,2222018.0,50,2018,22,2
C00264697,2042018.0,3,2018,04,2
C00264697,2282018.0,50,2018,28,2
C00264697,2012018.0,5,2018,01,2
C00264697,2012018.0,100,2018,01,2
C00264697,2272018.0,26,2018,27,2
C00264697,2132018.0,26,2018,13,2
C00264697,2032018.0,100,2018,03,2
C00264697,2282018.0,26,2018,28,2
C00264697,2282018.0,10,2018,28,2
C00264697,2102018.0,2500,2018,10,2
C00264697,2102018.0,10,2018,10,2
C00264697,2112018.0,5,2018,11,2
C00264697,2082018.0,10,2018,08,2
C00264697,2122018.0,150,2018,12,2
C00264697,2132018.0,26,2018,13,2
C00264697,2152018.0,10,2018,15,2
C00264697,2072018.0,500,2018,07,2
C00264697,2242018.0,5,2018,24,2
C00264697,2252018.0,250,2018,25,2
C00264697,2272018.0,50,2018,27,2
C00264697,2282018.0,50,2018,28,2
C00264697,2272018.0,10,2018,27,2
C00264697,2272018.0,5,2018,27,2
C00264697,2012018.0,100,2018,01,2
C00264697,2262018.0,26,2018,26,2
C00264697,2262018.0,25,2018,26,2
C00264697,2282018.0,10,2018,28,2
C00264697,2152018.0,10,2018,15,2
C00264697,2152018.0,5,2018,15,2
C00264697,2182018.0,26,2018,18,2
C00264697,2042018.0,20,2018,04,2
C00264697,2272018.0,50,2018,27,2
C00264697,2282018.0,50,2018,28,2
C00264697,2122018.0,5,2018,12,2
C00264697,2092018.0,1000,2018,09,2
C00264697,2192018.0,5,2018,19,2
C00264697,2052018.0,50,2018,05,2
C00264697,2192018.0,10,2018,19,2
C00264697,2022018.0,250,2018,02,2
C00264697,2022018.0,200,2018,02,2
C00264697,2082018.0,10,2018,08,2
C00264697,2282018.0,7,2018,28,2
C00264697,2052018.0,150,2018,05,2
C00264697,2192018.0,5,2018,19,2
C00264697,2252018.0,50,2018,25,2
C00264697,2242018.0,10,2018,24,2
C00264697,2202018.0,10,2018,20,2
C00264697,2022018.0,150,2018,02,2
C00264697,2022018.0,10,2018,02,2
C00264697,2032018.0,50,2018,03,2
C00264697,2272018.0,35,2018,27,2
C00264697,2262018.0,25,2018,26,2
C00264697,2072018.0,50,2018,07,2
C00264697,2082018.0,600,2018,08,2
C00264697,2082018.0,50,2018,08,2
C00264697,2182018.0,50,2018,18,2
C00264697,2022018.0,1000,2018,02,2
C00264697,2252018.0,100,2018,25,2
C00264697,2022018.0,50,2018,02,2
C00264697,2272018.0,5,2018,27,2
C00264697,2282018.0,26,2018,28,2
C00264697,2282018.0,10,2018,28,2
C00264697,2282018.0,50,2018,28,2
C00264697,2282018.0,26,2018,28,2
C00264697,2192018.0,100,2018,19,2
C00264697,2272018.0,5,2018,27,2
C00264697,2272018.0,5,2018,27,2
C00264697,2162018.0,5,2018,16,2
C00264697,2052018.0,5,2018,05,2
C00264697,2072018.0,10,2018,07,2
C00264697,2232018.0,250,2018,23,2
C00264697,2102018.0,5,2018,10,2
C00264697,2112018.0,3,2018,11,2
C00264697,2102018.0,20,2018,10,2
C00264697,2032018.0,5,2018,03,2
C00264697,2262018.0,10,2018,26,2
C00264697,2282018.0,25,2018,28,2
C00264697,2282018.0,26,2018,28,2
C00264697,2162018.0,25,2018,16,2
C00264697,2262018.0,25,2018,26,2
C00264697,2052018.0,5,2018,05,2
C00264697,2012018.0,25,2018,01,2
C00264697,2202018.0,25,2018,20,2
C00264697,2202018.0,250,2018,20,2
C00264697,2022018.0,25,2018,02,2
C00264697,2252018.0,26,2018,25,2
C00264697,2282018.0,5400,2018,28,2
C00264697,2282018.0,-2700,2018,28,2
C00264697,2282018.0,2700,2018,28,2
C00264697,2162018.0,50,2018,16,2
C00264697,2262018.0,10,2018,26,2
C00264697,2072018.0,2500,2018,07,2
C00264697,2152018.0,5,2018,15,2
C00264697,2132018.0,50,2018,13,2
C00264697,2142018.0,5,2018,14,2
C00264697,2182018.0,26,2018,18,2
C00264697,2142018.0,5,2018,14,2
C00264697,2222018.0,500,2018,22,2
C00264697,2252018.0,5,2018,25,2
C00264697,2062018.0,5,2018,06,2
C00264697,2072018.0,10,2018,07,2
C00264697,2092018.0,50,2018,09,2
C00264697,2272018.0,25,2018,27,2
C00264697,2282018.0,10,2018,28,2
C00264697,2272018.0,125,2018,27,2
C00264697,2122018.0,150,2018,12,2
C00264697,2222018.0,2000,2018,22,2
C00264697,2102018.0,10,2018,10,2
C00264697,2282018.0,25,2018,28,2
C00264697,2032018.0,25,2018,03,2
C00264697,2272018.0,26,2018,27,2
C00264697,2152018.0,100,2018,15,2
C00264697,2192018.0,10,2018,19,2
C00264697,2252018.0,5,2018,25,2
C00264697,2222018.0,26,2018,22,2
C00264697,2252018.0,250,2018,25,2
C00264697,2142018.0,1000,2018,14,2
C00264697,2142018.0,-550,2018,14,2
C00264697,2022018.0,50,2018,02,2
C00264697,2222018.0,200,2018,22,2
C00264697,2282018.0,500,2018,28,2
C00264697,2192018.0,10,2018,19,2
C00264697,2282018.0,10,2018,28,2
C00264697,2192018.0,25,2018,19,2
C00264697,2122018.0,250,2018,12,2
C00264697,2082018.0,100,2018,08,2
C00264697,2162018.0,5,2018,16,2
C00264697,2162018.0,26,2018,16,2
C00264697,2162018.0,26,2018,16,2
C00264697,2122018.0,10,2018,12,2
C00264697,2152018.0,50,2018,15,2
C00264697,2172018.0,5,2018,17,2
C00264697,2042018.0,26,2018,04,2
C00264697,2262018.0,50,2018,26,2
C00264697,2222018.0,10,2018,22,2
C00264697,2052018.0,500,2018,05,2
C00264697,2242018.0,10,2018,24,2
C00264697,2122018.0,20,2018,12,2
C00264697,2142018.0,10,2018,14,2
C00264697,2172018.0,5,2018,17,2
C00264697,2282018.0,10,2018,28,2
C00264697,2202018.0,250,2018,20,2
C00264697,2122018.0,150,2018,12,2
C00264697,2132018.0,500,2018,13,2
C00264697,2122018.0,10,2018,12,2
C00264697,2172018.0,75,2018,17,2
C00264697,2252018.0,50,2018,25,2
C00264697,2242018.0,50,2018,24,2
C00264697,2202018.0,25,2018,20,2
C00264697,2042018.0,5,2018,04,2
C00264697,2262018.0,25,2018,26,2
C00264697,2192018.0,2700,2018,19,2
C00264697,2072018.0,200,2018,07,2
C00264697,2032018.0,50,2018,03,2
C00264697,2022018.0,10,2018,02,2
C00264697,2032018.0,10,2018,03,2
C00264697,2272018.0,25,2018,27,2
C00264697,2022018.0,150,2018,02,2
C00264697,2142018.0,26,2018,14,2
C00264697,2152018.0,10,2018,15,2
C00264697,2052018.0,26,2018,05,2
C00264697,2212018.0,250,2018,21,2
C00264697,2282018.0,100,2018,28,2
C00264697,2232018.0,25,2018,23,2
C00264697,2082018.0,150,2018,08,2
C00264697,2132018.0,50,2018,13,2
C00264697,2132018.0,25,2018,13,2
C00264697,2262018.0,25,2018,26,2
C00264697,2032018.0,10,2018,03,2
C00264697,2072018.0,100,2018,07,2
C00264697,2052018.0,50,2018,05,2
C00264697,2192018.0,20,2018,19,2
C00264697,2202018.0,26,2018,20,2
C00264697,2252018.0,60,2018,25,2
C00264697,2252018.0,25,2018,25,2
C00264697,2112018.0,500,2018,11,2
C00264697,2092018.0,5,2018,09,2
C00264697,2112018.0,50,2018,11,2
C00264697,2072018.0,250,2018,07,2
C00264697,2212018.0,20,2018,21,2
C00264697,2252018.0,25,2018,25,2
C00264697,2232018.0,1,2018,23,2
C00264697,2212018.0,100,2018,21,2
C00264697,2232018.0,20,2018,23,2
C00264697,2252018.0,20,2018,25,2
C00264697,2022018.0,50,2018,02,2
C00264697,2022018.0,100,2018,02,2
C00264697,2252018.0,15,2018,25,2
C00264697,2032018.0,10,2018,03,2
C00264697,2272018.0,26,2018,27,2
C00264697,2272018.0,5,2018,27,2
C00264697,2152018.0,25,2018,15,2
C00264697,2142018.0,10,2018,14,2
C00264697,2162018.0,25,2018,16,2
C00264697,2012018.0,50,2018,01,2
C00264697,2022018.0,25,2018,02,2
C00264697,2042018.0,1,2018,04,2
C00264697,2272018.0,50,2018,27,2
C00264697,2212018.0,318,2018,21,2
C00264697,2152018.0,5,2018,15,2
C00264697,2172018.0,50,2018,17,2
C00264697,2022018.0,100,2018,02,2
C00264697,2282018.0,50,2018,28,2
C00264697,2192018.0,26,2018,19,2
C00264697,2242018.0,26,2018,24,2
C00264697,2282018.0,10,2018,28,2
C00264697,2132018.0,10,2018,13,2
C00264697,2242018.0,2000,2018,24,2
C00264697,2052018.0,100,2018,05,2
C00264697,2222018.0,100,2018,22,2
C00264697,2252018.0,50,2018,25,2
C00264697,2232018.0,10,2018,23,2
C00264697,2252018.0,15,2018,25,2
C00264697,2252018.0,50,2018,25,2
C00264697,2202018.0,5,2018,20,2
C00264697,2252018.0,25,2018,25,2
C00264697,2252018.0,100,2018,25,2
C00264697,2162018.0,50,2018,16,2
C00264697,2262018.0,15,2018,26,2
C00264697,2022018.0,26,2018,02,2
C00264697,2042018.0,5,2018,04,2
C00264697,2052018.0,15,2018,05,2
C00264697,2062018.0,26,2018,06,2
C00264697,2012018.0,25,2018,01,2
C00264697,2262018.0,100,2018,26,2
C00264697,2282018.0,5,2018,28,2
C00264697,2192018.0,26,2018,19,2
C00264697,2212018.0,2700,2018,21,2
C00264697,2242018.0,100,2018,24,2
C00264697,2012018.0,30,2018,01,2
C00264697,2022018.0,26,2018,02,2
C00264697,2262018.0,100,2018,26,2
C00264697,2282018.0,5,2018,28,2
C00264697,2282018.0,10,2018,28,2
C00264697,2052018.0,26,2018,05,2
C00264697,2272018.0,250,2018,27,2
C00264697,2172018.0,12,2018,17,2
C00264697,2032018.0,26,2018,03,2
C00264697,2142018.0,5,2018,14,2
C00264697,2272018.0,10,2018,27,2
C00264697,2262018.0,20,2018,26,2
C00264697,2022018.0,50,2018,02,2
C00264697,2262018.0,20,2018,26,2
C00264697,2282018.0,27,2018,28,2
C00264697,2152018.0,150,2018,15,2
C00264697,2072018.0,10,2018,07,2
C00264697,2202018.0,150,2018,20,2
C00264697,2052018.0,100,2018,05,2
C00264697,2112018.0,1000,2018,11,2
C00264697,2272018.0,500,2018,27,2
C00264697,2132018.0,26,2018,13,2
C00264697,2012018.0,5,2018,01,2
C00264697,2142018.0,350,2018,14,2
C00264697,2152018.0,50,2018,15,2
C00264697,2182018.0,26,2018,18,2
C00264697,2262018.0,25,2018,26,2
C00264697,2122018.0,10,2018,12,2
C00264697,2182018.0,20,2018,18,2
C00264697,2282018.0,50,2018,28,2
C00264697,2282018.0,500,2018,28,2
C00264697,2282018.0,10,2018,28,2
C00264697,2192018.0,25,2018,19,2
C00264697,2282018.0,100,2018,28,2
C00264697,2282018.0,50,2018,28,2
C00264697,2232018.0,5,2018,23,2
C00264697,2242018.0,26,2018,24,2
C00264697,2252018.0,26,2018,25,2
C00264697,2262018.0,25,2018,26,2
C00264697,2072018.0,250,2018,07,2
C00264697,2082018.0,25,2018,08,2
C00264697,2162018.0,50,2018,16,2
C00264697,2162018.0,50,2018,16,2
C00264697,2022018.0,35,2018,02,2
C00264697,2042018.0,50,2018,04,2
C00264697,2272018.0,25,2018,27,2
C00264697,2282018.0,26,2018,28,2
C00264697,2282018.0,25,2018,28,2
C00264697,2282018.0,100,2018,28,2
C00264697,2052018.0,100,2018,05,2
C00264697,2072018.0,50,2018,07,2
C00264697,2102018.0,50,2018,10,2
C00264697,2222018.0,15,2018,22,2
C00264697,2022018.0,10,2018,02,2
C00264697,2262018.0,25,2018,26,2
C00264697,2282018.0,5,2018,28,2
C00264697,2282018.0,50,2018,28,2
C00264697,2282018.0,2,2018,28,2
C00264697,2152018.0,10,2018,15,2
C00264697,2182018.0,26,2018,18,2
C00264697,2182018.0,26,2018,18,2
C00264697,2052018.0,25,2018,05,2
C00264697,2082018.0,50,2018,08,2
C00264697,2152018.0,50,2018,15,2
C00264697,2252018.0,27,2018,25,2
C00264697,2272018.0,26,2018,27,2
C00264697,2282018.0,25,2018,28,2
C00264697,2152018.0,1000,2018,15,2
C00264697,2222018.0,5,2018,22,2
C00264697,2242018.0,500,2018,24,2
C00264697,2222018.0,50,2018,22,2
C00264697,2252018.0,-400,2018,25,2
C00264697,2252018.0,400,2018,25,2
C00264697,2242018.0,5,2018,24,2
C00264697,2052018.0,50,2018,05,2
C00264697,2062018.0,26,2018,06,2
C00264697,2102018.0,21,2018,10,2
C00264697,2222018.0,20,2018,22,2
C00264697,2242018.0,25,2018,24,2
C00264697,2282018.0,26,2018,28,2
C00264697,2252018.0,10,2018,25,2
C00264697,2122018.0,10,2018,12,2
C00264697,2232018.0,5,2018,23,2
C00264697,2012018.0,26,2018,01,2
C00264697,2022018.0,26,2018,02,2
C00264697,2032018.0,5,2018,03,2
C00264697,2032018.0,100,2018,03,2
C00264697,2262018.0,50,2018,26,2
C00264697,2272018.0,10,2018,27,2
C00264697,2192018.0,5,2018,19,2
C00264697,2202018.0,10,2018,20,2
C00264697,2072018.0,27,2018,07,2
C00264697,2052018.0,26,2018,05,2
C00264697,2252018.0,10,2018,25,2
C00264697,2162018.0,100,2018,16,2
C00264697,2102018.0,20,2018,10,2
C00264697,2052018.0,10,2018,05,2
C00264697,2102018.0,26,2018,10,2
C00264697,2212018.0,250,2018,21,2
C00264697,2282018.0,10,2018,28,2
C00264697,2282018.0,10,2018,28,2
C00264697,2282018.0,6,2018,28,2
C00264697,2222018.0,20,2018,22,2
C00264697,2232018.0,1000,2018,23,2
C00264697,2032018.0,50,2018,03,2
C00264697,2272018.0,5,2018,27,2
C00264697,2122018.0,100,2018,12,2
C00264697,2152018.0,25,2018,15,2
C00264697,2282018.0,250,2018,28,2
C00264697,2152018.0,20,2018,15,2
C00264697,2092018.0,10,2018,09,2
C00264697,2092018.0,26,2018,09,2
C00264697,2102018.0,25,2018,10,2
C00264697,2212018.0,500,2018,21,2
C00264697,2282018.0,5,2018,28,2
C00264697,2222018.0,2000,2018,22,2
C00264697,2222018.0,-100,2018,22,2
C00264697,2172018.0,25,2018,17,2
C00264697,2212018.0,300,2018,21,2
C00264697,2042018.0,10,2018,04,2
C00264697,2012018.0,10,2018,01,2
C00264697,2262018.0,100,2018,26,2
C00264697,2262018.0,18,2018,26,2
C00264697,2042018.0,6,2018,04,2
C00264697,2282018.0,20,2018,28,2
C00264697,2282018.0,10,2018,28,2
C00264697,2282018.0,10,2018,28,2
C00264697,2192018.0,10,2018,19,2
C00264697,2282018.0,1000,2018,28,2
C00264697,2242018.0,50,2018,24,2
C00264697,2152018.0,2000,2018,15,2
C00264697,2232018.0,20,2018,23,2
C00264697,2282018.0,10,2018,28,2
C00264697,2282018.0,25,2018,28,2
C00264697,2252018.0,100,2018,25,2
C00264697,2222018.0,100,2018,22,2
C00264697,2222018.0,150,2018,22,2
C00264697,2222018.0,500,2018,22,2
C00264697,2272018.0,100,2018,27,2
C00264697,2032018.0,50,2018,03,2
C00264697,2282018.0,50,2018,28,2
C00264697,2222018.0,2000,2018,22,2
C00264697,2222018.0,-300,2018,22,2
C00264697,2222018.0,300,2018,22,2
C00264697,2122018.0,200,2018,12,2
C00264697,2222018.0,50,2018,22,2
C00264697,2032018.0,3,2018,03,2
C00264697,2272018.0,25,2018,27,2
C00264697,2272018.0,26,2018,27,2
C00264697,2272018.0,26,2018,27,2
C00264697,2222018.0,2000,2018,22,2
C00264697,2272018.0,26,2018,27,2
C00264697,2282018.0,26,2018,28,2
C00264697,2282018.0,5,2018,28,2
C00264697,2082018.0,50,2018,08,2
C00264697,2102018.0,26,2018,10,2
C00264697,2102018.0,26,2018,10,2
C00264697,2112018.0,26,2018,11,2
C00264697,2112018.0,25,2018,11,2
C00264697,2262018.0,15,2018,26,2
C00264697,2102018.0,26,2018,10,2
C00264697,2122018.0,26,2018,12,2
C00264697,2212018.0,250,2018,21,2
C00264697,2082018.0,100,2018,08,2
C00264697,2082018.0,50,2018,08,2
C00264697,2112018.0,10,2018,11,2
C00264697,2212018.0,50,2018,21,2
C00264697,2262018.0,25,2018,26,2
C00264697,2262018.0,50,2018,26,2
C00264697,2072018.0,300,2018,07,2
C00264697,2132018.0,5,2018,13,2
C00264697,2162018.0,1,2018,16,2
C00264697,2252018.0,26,2018,25,2
C00264697,2252018.0,100,2018,25,2
C00264697,2062018.0,26,2018,06,2
C00264697,2052018.0,10,2018,05,2
C00264697,2132018.0,50,2018,13,2
C00264697,2152018.0,10,2018,15,2
C00264697,2282018.0,2,2018,28,2
C00264697,2262018.0,35,2018,26,2
C00264697,2072018.0,30,2018,07,2
C00264697,2132018.0,100,2018,13,2
C00264697,2142018.0,26,2018,14,2
C00264697,2222018.0,10,2018,22,2
C00264697,2032018.0,250,2018,03,2
C00264697,2262018.0,10,2018,26,2
C00264697,2282018.0,30,2018,28,2
C00264697,2152018.0,10,2018,15,2
C00264697,2152018.0,50,2018,15,2
C00264697,2222018.0,10,2018,22,2
C00264697,2052018.0,10,2018,05,2
C00264697,2162018.0,1000,2018,16,2
C00264697,2132018.0,10,2018,13,2
C00264697,2152018.0,50,2018,15,2
C00264697,2182018.0,25,2018,18,2
C00264697,2152018.0,100,2018,15,2
C00264697,2162018.0,5,2018,16,2
C00264697,2022018.0,100,2018,02,2
C00264697,2032018.0,100,2018,03,2
C00264697,2132018.0,1000,2018,13,2
C00264697,2262018.0,10,2018,26,2
C00264697,2272018.0,100,2018,27,2
C00264697,2062018.0,50,2018,06,2
C00264697,2272018.0,25,2018,27,2
C00264697,2132018.0,10,2018,13,2
C00264697,2162018.0,10,2018,16,2
C00264697,2052018.0,15,2018,05,2
C00264697,2092018.0,10,2018,09,2
C00264697,2112018.0,10,2018,11,2
C00264697,2102018.0,5,2018,10,2
C00264697,2022018.0,5,2018,02,2
C00264697,2282018.0,20,2018,28,2
C00264697,2282018.0,10,2018,28,2
C00264697,2282018.0,26,2018,28,2
C00264697,2242018.0,25,2018,24,2
C00264697,2242018.0,26,2018,24,2
C00264697,2282018.0,10,2018,28,2
C00264697,2052018.0,200,2018,05,2
C00264697,2192018.0,10,2018,19,2
C00264697,2202018.0,50,2018,20,2
C00264697,2092018.0,10,2018,09,2
C00264697,2102018.0,26,2018,10,2
C00264697,2052018.0,250,2018,05,2
C00264697,2082018.0,8,2018,08,2
C00264697,2212018.0,30,2018,21,2
C00264697,2062018.0,50,2018,06,2
C00264697,2182018.0,10,2018,18,2
C00264697,2072018.0,250,2018,07,2
C00264697,2082018.0,25,2018,08,2
C00264697,2282018.0,5,2018,28,2
C00264697,2282018.0,5,2018,28,2
C00264697,2052018.0,250,2018,05,2
C00264697,2222018.0,26,2018,22,2
C00264697,2282018.0,50,2018,28,2
C00264697,2282018.0,10,2018,28,2
C00264697,2232018.0,25,2018,23,2
C00264697,2252018.0,25,2018,25,2
C00264697,2222018.0,15,2018,22,2
C00264697,2122018.0,50,2018,12,2
C00264697,2022018.0,100,2018,02,2
C00264697,2262018.0,26,2018,26,2
C00264697,2172018.0,5,2018,17,2
C00264697,2082018.0,10,2018,08,2
C00264697,2082018.0,10,2018,08,2
C00264697,2282018.0,10,2018,28,2
C00264697,2192018.0,15,2018,19,2
C00264697,2282018.0,10,2018,28,2
C00264697,2022018.0,100,2018,02,2
C00264697,2042018.0,10,2018,04,2
C00264697,2272018.0,50,2018,27,2
C00264697,2172018.0,2,2018,17,2
C00264697,2182018.0,10,2018,18,2
C00264697,2182018.0,100,2018,18,2
C00264697,2102018.0,10,2018,10,2
C00264697,2052018.0,10,2018,05,2
C00264697,2052018.0,26,2018,05,2
C00264697,2102018.0,5,2018,10,2
C00264697,2102018.0,10,2018,10,2
C00264697,2222018.0,75,2018,22,2
C00264697,2102018.0,26,2018,10,2
C00264697,2102018.0,100,2018,10,2
C00264697,2252018.0,10,2018,25,2
C00264697,2212018.0,500,2018,21,2
C00264697,2282018.0,25,2018,28,2
C00264697,2282018.0,25,2018,28,2
C00264697,2062018.0,250,2018,06,2
C00264697,2182018.0,26,2018,18,2
C00264697,2052018.0,26,2018,05,2
C00264697,2012018.0,75,2018,01,2
C00264697,2112018.0,100,2018,11,2
C00264697,2062018.0,100,2018,06,2
C00264697,2082018.0,4,2018,08,2
C00264697,2102018.0,500,2018,10,2
C00264697,2102018.0,5,2018,10,2
C00264697,2142018.0,50,2018,14,2
C00264697,2162018.0,3,2018,16,2
C00264697,2172018.0,10,2018,17,2
C00264697,2272018.0,26,2018,27,2
C00264697,2042018.0,5,2018,04,2
C00264697,2272018.0,25,2018,27,2
C00264697,2282018.0,10,2018,28,2
C00264697,2052018.0,25,2018,05,2
C00264697,2152018.0,100,2018,15,2
C00264697,2202018.0,5,2018,20,2
C00264697,2262018.0,50,2018,26,2
C00264697,2282018.0,100,2018,28,2
C00264697,2282018.0,25,2018,28,2
C00264697,2032018.0,50,2018,03,2
C00264697,2072018.0,5,2018,07,2
C00264697,2082018.0,5,2018,08,2
C00264697,2102018.0,50,2018,10,2
C00264697,2262018.0,60,2018,26,2
C00264697,2162018.0,25,2018,16,2
C00264697,2172018.0,25,2018,17,2
C00264697,2182018.0,26,2018,18,2
C00264697,2282018.0,25,2018,28,2
C00264697,2282018.0,25,2018,28,2
C00264697,2282018.0,5,2018,28,2
C00264697,2192018.0,100,2018,19,2
C00264697,2092018.0,1000,2018,09,2
C00264697,2072018.0,10,2018,07,2
C00264697,2082018.0,25,2018,08,2
C00264697,2092018.0,25,2018,09,2
C00264697,2052018.0,5,2018,05,2
C00264697,2072018.0,500,2018,07,2
C00264697,2262018.0,5400,2018,26,2
C00264697,2062018.0,500,2018,06,2
C00264697,2262018.0,-2700,2018,26,2
C00264697,2262018.0,2700,2018,26,2
C00264697,2022018.0,50,2018,02,2
C00264697,2242018.0,20,2018,24,2
C00264697,2272018.0,25,2018,27,2
C00264697,2272018.0,100,2018,27,2
C00264697,2052018.0,10,2018,05,2
C00264697,2062018.0,10,2018,06,2
C00264697,2072018.0,3,2018,07,2
C00264697,2152018.0,10,2018,15,2
C00264697,2172018.0,5,2018,17,2
C00264697,2132018.0,27,2018,13,2
C00264697,2172018.0,10,2018,17,2
C00264697,2152018.0,250,2018,15,2
C00264697,2222018.0,26,2018,22,2
C00264697,2022018.0,5,2018,02,2
C00264697,2042018.0,5,2018,04,2
C00264697,2262018.0,50,2018,26,2
C00264697,2272018.0,5,2018,27,2
C00264697,2272018.0,100,2018,27,2
C00264697,2052018.0,50,2018,05,2
C00264697,2092018.0,26,2018,09,2
C00264697,2212018.0,100,2018,21,2
C00264697,2162018.0,100,2018,16,2
C00264697,2262018.0,15,2018,26,2
C00264697,2262018.0,10,2018,26,2
C00264697,2282018.0,25,2018,28,2
C00264697,2192018.0,25,2018,19,2
C00264697,2222018.0,500,2018,22,2
C00264697,2252018.0,-321,2018,25,2
C00264697,2252018.0,321,2018,25,2
C00264697,2252018.0,26,2018,25,2
C00264697,2072018.0,500,2018,07,2
C00264697,2202018.0,100,2018,20,2
C00264697,2142018.0,5,2018,14,2
C00264697,2182018.0,26,2018,18,2
C00264697,2202018.0,-2700,2018,20,2
C00264697,2282018.0,25,2018,28,2
C00264697,2262018.0,10,2018,26,2
C00264697,2282018.0,26,2018,28,2
C00264697,2052018.0,100,2018,05,2
C00264697,2082018.0,500,2018,08,2
C00264697,2132018.0,10,2018,13,2
C00264697,2172018.0,300,2018,17,2
C00264697,2112018.0,10,2018,11,2
C00264697,2212018.0,5,2018,21,2
C00264697,2222018.0,10,2018,22,2
C00264697,2232018.0,5,2018,23,2
C00264697,2232018.0,26,2018,23,2
C00264697,2262018.0,5,2018,26,2
C00264697,2052018.0,26,2018,05,2
C00264697,2252018.0,15,2018,25,2
C00264697,2282018.0,75,2018,28,2
C00264697,2212018.0,25,2018,21,2
C00264697,2222018.0,25,2018,22,2
C00264697,2222018.0,26,2018,22,2
C00264697,2272018.0,100,2018,27,2
C00264697,2282018.0,10,2018,28,2
C00264697,2182018.0,20,2018,18,2
C00264697,2112018.0,1000,2018,11,2
C00264697,2072018.0,25,2018,07,2
C00264697,2092018.0,100,2018,09,2
C00264697,2112018.0,10,2018,11,2
C00264697,2062018.0,10,2018,06,2
C00264697,2212018.0,30,2018,21,2
C00264697,2012018.0,2700,2018,01,2
C00264697,2112018.0,5,2018,11,2
C00264697,2052018.0,26,2018,05,2
C00264697,2072018.0,250,2018,07,2
C00264697,2102018.0,8,2018,10,2
C00264697,2152018.0,5,2018,15,2
C00264697,2102018.0,26,2018,10,2
C00264697,2052018.0,50,2018,05,2
C00264697,2092018.0,10,2018,09,2
C00264697,2102018.0,26,2018,10,2
C00264697,2282018.0,50,2018,28,2
C00264697,2122018.0,150,2018,12,2
C00264697,2222018.0,100,2018,22,2
C00264697,2232018.0,500,2018,23,2
C00264697,2262018.0,26,2018,26,2
C00264697,2262018.0,1,2018,26,2
C00264697,2012018.0,500,2018,01,2
C00264697,2052018.0,10,2018,05,2
C00264697,2082018.0,27,2018,08,2
C00264697,2102018.0,26,2018,10,2
C00264697,2092018.0,5,2018,09,2
C00264697,2102018.0,50,2018,10,2
C00264697,2212018.0,250,2018,21,2
C00264697,2152018.0,1500,2018,15,2
C00264697,2052018.0,20,2018,05,2
C00264697,2052018.0,100,2018,05,2
C00264697,2192018.0,10,2018,19,2
C00264697,2192018.0,100,2018,19,2
C00264697,2282018.0,1000,2018,28,2
C00264697,2202018.0,5,2018,20,2
C00264697,2222018.0,30,2018,22,2
C00264697,2242018.0,12,2018,24,2
C00264697,2282018.0,26,2018,28,2
C00264697,2282018.0,26,2018,28,2
C00264697,2022018.0,100,2018,02,2
C00264697,2112018.0,50,2018,11,2
C00264697,2242018.0,5,2018,24,2
C00264697,2242018.0,10,2018,24,2
C00264697,2252018.0,26,2018,25,2
C00264697,2262018.0,5,2018,26,2
C00264697,2052018.0,26,2018,05,2
C00264697,2052018.0,10,2018,05,2
C00264697,2092018.0,68,2018,09,2
C00264697,2032018.0,50,2018,03,2
C00264697,2262018.0,26,2018,26,2
C00264697,2272018.0,26,2018,27,2
C00264697,2282018.0,50,2018,28,2
C00264697,2242018.0,5,2018,24,2
C00264697,2252018.0,26,2018,25,2
C00264697,2092018.0,10,2018,09,2
C00264697,2262018.0,10,2018,26,2
C00264697,2052018.0,10,2018,05,2
C00264697,2272018.0,250,2018,27,2
C00264697,2172018.0,5,2018,17,2
C00264697,2182018.0,50,2018,18,2
C00264697,2272018.0,10,2018,27,2
C00264697,2152018.0,2700,2018,15,2
C00264697,2052018.0,100,2018,05,2
C00264697,2072018.0,50,2018,07,2
C00264697,2272018.0,5,2018,27,2
C00264697,2212018.0,1000,2018,21,2
C00264697,2272018.0,1500,2018,27,2
C00264697,2272018.0,5,2018,27,2
C00264697,2082018.0,150,2018,08,2
C00264697,2132018.0,2,2018,13,2
C00264697,2022018.0,10,2018,02,2
C00264697,2042018.0,10,2018,04,2
C00264697,2262018.0,5,2018,26,2
C00264697,2282018.0,100,2018,28,2
C00264697,2282018.0,50,2018,28,2
C00264697,2282018.0,10,2018,28,2
C00264697,2282018.0,50,2018,28,2
C00264697,2282018.0,5,2018,28,2
C00264697,2122018.0,10,2018,12,2
C00264697,2142018.0,5,2018,14,2
C00264697,2182018.0,26,2018,18,2
C00264697,2132018.0,26,2018,13,2
C00264697,2102018.0,100,2018,10,2
C00264697,2092018.0,5,2018,09,2
C00264697,2112018.0,5,2018,11,2
C00264697,2192018.0,150,2018,19,2
C00264697,2072018.0,20,2018,07,2
C00264697,2162018.0,250,2018,16,2
C00264697,2162018.0,10,2018,16,2
C00264697,2162018.0,26,2018,16,2
C00264697,2172018.0,5,2018,17,2
C00264697,2072018.0,250,2018,07,2
C00264697,2082018.0,26,2018,08,2
C00264697,2282018.0,20,2018,28,2
C00264697,2072018.0,5,2018,07,2
C00264697,2132018.0,1000,2018,13,2
C00264697,2072018.0,100,2018,07,2
C00264697,2282018.0,5,2018,28,2
C00264697,2052018.0,100,2018,05,2
C00264697,2192018.0,50,2018,19,2
C00264697,2262018.0,50,2018,26,2
C00264697,2102018.0,10,2018,10,2
C00264697,2202018.0,250,2018,20,2
C00264697,2072018.0,25,2018,07,2
C00264697,2282018.0,10,2018,28,2
C00264697,2192018.0,100,2018,19,2
C00264697,2062018.0,29,2018,06,2
C00264697,2082018.0,10,2018,08,2
C00264697,2082018.0,8,2018,08,2
C00264697,2092018.0,10,2018,09,2
C00264697,2102018.0,26,2018,10,2
C00264697,2272018.0,26,2018,27,2
C00264697,2282018.0,5,2018,28,2
C00264697,2192018.0,10,2018,19,2
C00264697,2032018.0,9,2018,03,2
C00264697,2262018.0,25,2018,26,2
C00264697,2042018.0,50,2018,04,2
C00264697,2272018.0,50,2018,27,2
C00264697,2282018.0,10,2018,28,2
C00264697,2282018.0,50,2018,28,2
C00264697,2152018.0,25,2018,15,2
C00264697,2142018.0,5,2018,14,2
C00264697,2032018.0,26,2018,03,2
C00264697,2052018.0,10,2018,05,2
C00264697,2062018.0,10,2018,06,2
C00264697,2082018.0,5,2018,08,2
C00264697,2102018.0,100,2018,10,2
C00264697,2042018.0,20,2018,04,2
C00264697,2222018.0,50,2018,22,2
C00264697,2022018.0,26,2018,02,2
C00264697,2032018.0,150,2018,03,2
C00264697,2092018.0,1000,2018,09,2
C00264697,2122018.0,50,2018,12,2
C00264697,2032018.0,250,2018,03,2
C00264697,2162018.0,100,2018,16,2
C00264697,2192018.0,10,2018,19,2
C00264697,2202018.0,50,2018,20,2
C00264697,2242018.0,25,2018,24,2
C00264697,2242018.0,26,2018,24,2
C00264697,2042018.0,5,2018,04,2
C00264697,2252018.0,5,2018,25,2
C00264697,2272018.0,25,2018,27,2
C00264697,2282018.0,50,2018,28,2
C00264697,2252018.0,25,2018,25,2
C00264697,2072018.0,50,2018,07,2
C00264697,2162018.0,20,2018,16,2
C00264697,2082018.0,1500,2018,08,2
C00264697,2182018.0,26,2018,18,2
C00264697,2162018.0,5,2018,16,2
C00264697,2272018.0,25,2018,27,2
C00264697,2272018.0,25,2018,27,2
C00264697,2202018.0,26,2018,20,2
C00264697,2022018.0,50,2018,02,2
C00264697,2272018.0,50,2018,27,2
C00264697,2222018.0,26,2018,22,2
C00264697,2222018.0,26,2018,22,2
C00264697,2232018.0,5,2018,23,2
C00264697,2282018.0,10,2018,28,2
C00264697,2192018.0,500,2018,19,2
C00264697,2202018.0,100,2018,20,2
C00264697,2242018.0,125,2018,24,2
C00264697,2282018.0,26,2018,28,2
C00264697,2122018.0,26,2018,12,2
C00264697,2122018.0,26,2018,12,2
C00264697,2202018.0,26,2018,20,2
C00264697,2232018.0,25,2018,23,2
C00264697,2252018.0,5,2018,25,2
C00264697,2252018.0,100,2018,25,2
C00264697,2032018.0,26,2018,03,2
C00264697,2032018.0,25,2018,03,2
C00264697,2282018.0,20,2018,28,2
C00264697,2282018.0,5,2018,28,2
C00264697,2282018.0,26,2018,28,2
C00264697,2282018.0,35,2018,28,2
C00264697,2282018.0,10,2018,28,2
C00264697,2092018.0,5,2018,09,2
C00264697,2082018.0,250,2018,08,2
C00264697,2182018.0,500,2018,18,2
C00264697,2052018.0,5,2018,05,2
C00264697,2262018.0,150,2018,26,2
C00264697,2262018.0,50,2018,26,2
C00264697,2022018.0,50,2018,02,2
C00264697,2282018.0,15,2018,28,2
C00264697,2102018.0,3,2018,10,2
C00264697,2262018.0,25,2018,26,2
C00264697,2082018.0,12,2018,08,2
C00264697,2102018.0,10,2018,10,2
C00264697,2092018.0,5,2018,09,2
C00264697,2112018.0,15,2018,11,2
C00264697,2022018.0,250,2018,02,2
C00264697,2032018.0,100,2018,03,2
C00264697,2062018.0,2700,2018,06,2
C00264697,2142018.0,50,2018,14,2
C00264697,2072018.0,50,2018,07,2
C00264697,2212018.0,500,2018,21,2
C00264697,2282018.0,10,2018,28,2
C00264697,2282018.0,26,2018,28,2
C00264697,2282018.0,5,2018,28,2
C00264697,2202018.0,5,2018,20,2
C00264697,2222018.0,25,2018,22,2
C00264697,2032018.0,10,2018,03,2
C00264697,2282018.0,27,2018,28,2
C00264697,2192018.0,5,2018,19,2
C00264697,2012018.0,150,2018,01,2
C00264697,2062018.0,50,2018,06,2
C00264697,2172018.0,100,2018,17,2
C00264697,2282018.0,25,2018,28,2
C00264697,2282018.0,10,2018,28,2
C00264697,2282018.0,100,2018,28,2
C00264697,2152018.0,25,2018,15,2
C00264697,2192018.0,1000,2018,19,2
C00264697,2252018.0,-450,2018,25,2
C00264697,2082018.0,10,2018,08,2
C00264697,2092018.0,50,2018,09,2
C00264697,2152018.0,10,2018,15,2
C00264697,2142018.0,10,2018,14,2
C00264697,2162018.0,26,2018,16,2
C00264697,2122018.0,10,2018,12,2
C00264697,2132018.0,5,2018,13,2
C00264697,2282018.0,25,2018,28,2
C00264697,2282018.0,10,2018,28,2
C00264697,2212018.0,10,2018,21,2
C00264697,2032018.0,50,2018,03,2
C00264697,2032018.0,26,2018,03,2
C00264697,2282018.0,25,2018,28,2
C00264697,2282018.0,5,2018,28,2
C00264697,2242018.0,10,2018,24,2
C00264697,2282018.0,25,2018,28,2
C00264697,2052018.0,26,2018,05,2
C00264697,2092018.0,5,2018,09,2
C00264697,2102018.0,52,2018,10,2
C00264697,2162018.0,1000,2018,16,2
C00264697,2122018.0,5,2018,12,2
C00264697,2152018.0,15,2018,15,2
C00264697,2142018.0,26,2018,14,2
C00264697,2162018.0,5400,2018,16,2
C00264697,2012018.0,20,2018,01,2
C00264697,2032018.0,15,2018,03,2
C00264697,2182018.0,10,2018,18,2
C00264697,2102018.0,5,2018,10,2
C00264697,2152018.0,2700,2018,15,2
C00264697,2192018.0,500,2018,19,2
C00264697,2212018.0,50,2018,21,2
C00264697,2212018.0,5,2018,21,2
C00264697,2032018.0,150,2018,03,2
C00264697,2272018.0,50,2018,27,2
C00264697,2282018.0,25,2018,28,2
C00264697,2152018.0,10,2018,15,2
C00264697,2172018.0,10,2018,17,2
C00264697,2162018.0,10,2018,16,2
C00264697,2182018.0,26,2018,18,2
C00264697,2182018.0,25,2018,18,2
C00264697,2282018.0,500,2018,28,2
C00264697,2092018.0,15,2018,09,2
C00264697,2052018.0,10,2018,05,2
C00264697,2282018.0,5,2018,28,2
C00264697,2082018.0,10,2018,08,2
C00264697,2112018.0,100,2018,11,2
C00264697,2212018.0,100,2018,21,2
C00264697,2212018.0,50,2018,21,2
C00264697,2052018.0,30,2018,05,2
C00264697,2222018.0,26,2018,22,2
C00264697,2012018.0,100,2018,01,2
C00264697,2262018.0,26,2018,26,2
C00264697,2122018.0,5,2018,12,2
C00264697,2272018.0,26,2018,27,2
C00264697,2282018.0,20,2018,28,2
C00264697,2122018.0,100,2018,12,2
C00264697,2142018.0,10,2018,14,2
C00264697,2032018.0,260,2018,03,2
C00264697,2042018.0,26,2018,04,2
C00264697,2262018.0,25,2018,26,2
C00264697,2272018.0,27,2018,27,2
C00264697,2282018.0,25,2018,28,2
C00264697,2282018.0,100,2018,28,2
C00264697,2282018.0,26,2018,28,2
C00264697,2192018.0,26,2018,19,2
C00264697,2242018.0,100,2018,24,2
C00264697,2262018.0,15,2018,26,2
C00264697,2252018.0,25,2018,25,2
C00264697,2252018.0,26,2018,25,2
C00264697,2032018.0,10,2018,03,2
C00264697,2032018.0,5,2018,03,2
C00264697,2282018.0,10,2018,28,2
C00264697,2272018.0,5,2018,27,2
C00264697,2202018.0,2700,2018,20,2
C00264697,2052018.0,26,2018,05,2
C00264697,2082018.0,26,2018,08,2
C00264697,2102018.0,26,2018,10,2
C00264697,2272018.0,26,2018,27,2
C00264697,2282018.0,26,2018,28,2
C00264697,2282018.0,100,2018,28,2
C00264697,2282018.0,50,2018,28,2
C00264697,2262018.0,10,2018,26,2
C00264697,2262018.0,26,2018,26,2
C00264697,2272018.0,10,2018,27,2
C00264697,2112018.0,2,2018,11,2
C00264697,2202018.0,2700,2018,20,2
C00264697,2282018.0,26,2018,28,2
C00264697,2262018.0,50,2018,26,2
C00264697,2072018.0,250,2018,07,2
C00264697,2072018.0,100,2018,07,2
C00264697,2142018.0,100,2018,14,2
C00264697,2282018.0,250,2018,28,2
C00264697,2192018.0,1,2018,19,2
C00264697,2242018.0,17,2018,24,2
C00264697,2212018.0,5,2018,21,2
C00264697,2252018.0,10,2018,25,2
C00264697,2162018.0,10,2018,16,2
C00264697,2052018.0,100,2018,05,2
C00264697,2232018.0,25,2018,23,2
C00264697,2222018.0,2250,2018,22,2
C00264697,2182018.0,10,2018,18,2
C00264697,2142018.0,50,2018,14,2
C00264697,2232018.0,50,2018,23,2
C00264697,2262018.0,20,2018,26,2
C00264697,2062018.0,26,2018,06,2
C00264697,2132018.0,35,2018,13,2
C00264697,2272018.0,26,2018,27,2
C00264697,2282018.0,10,2018,28,2
C00264697,2282018.0,10,2018,28,2
C00264697,2162018.0,5,2018,16,2
C00264697,2212018.0,1,2018,21,2
C00264697,2082018.0,50,2018,08,2
C00264697,2212018.0,50,2018,21,2
C00264697,2132018.0,5,2018,13,2
C00264697,2142018.0,10,2018,14,2
C00264697,2152018.0,27,2018,15,2
C00264697,2162018.0,100,2018,16,2
C00264697,2032018.0,26,2018,03,2
C00264697,2032018.0,500,2018,03,2
C00264697,2242018.0,26,2018,24,2
C00264697,2172018.0,539,2018,17,2
C00264697,2052018.0,5,2018,05,2
C00264697,2212018.0,50,2018,21,2
C00264697,2272018.0,13,2018,27,2
C00264697,2272018.0,5,2018,27,2
C00264697,2262018.0,25,2018,26,2
C00264697,2282018.0,26,2018,28,2
C00264697,2282018.0,5,2018,28,2
C00264697,2202018.0,100,2018,20,2
C00264697,2232018.0,500,2018,23,2
C00264697,2242018.0,20,2018,24,2
C00264697,2072018.0,500,2018,07,2
C00264697,2052018.0,20,2018,05,2
C00264697,2152018.0,100,2018,15,2
C00264697,2202018.0,20,2018,20,2
C00264697,2212018.0,26,2018,21,2
C00264697,2142018.0,50,2018,14,2
C00264697,2072018.0,1000,2018,07,2
C00264697,2212018.0,50,2018,21,2
C00264697,2122018.0,5,2018,12,2
C00264697,2152018.0,100,2018,15,2
C00264697,2172018.0,50,2018,17,2
C00264697,2022018.0,25,2018,02,2
C00264697,2082018.0,10,2018,08,2
C00264697,2052018.0,5,2018,05,2
C00264697,2022018.0,180,2018,02,2
C00264697,2132018.0,500,2018,13,2
C00264697,2142018.0,26,2018,14,2
C00264697,2262018.0,10,2018,26,2
C00264697,2282018.0,25,2018,28,2
C00264697,2282018.0,20,2018,28,2
C00264697,2282018.0,10,2018,28,2
C00264697,2282018.0,10,2018,28,2
C00264697,2282018.0,1,2018,28,2
C00264697,2222018.0,26,2018,22,2
C00264697,2232018.0,5,2018,23,2
C00264697,2022018.0,50,2018,02,2
C00264697,2232018.0,12,2018,23,2
C00264697,2252018.0,450,2018,25,2
C00264697,2202018.0,26,2018,20,2
C00264697,2242018.0,26,2018,24,2
C00264697,2092018.0,26,2018,09,2
C00264697,2092018.0,5,2018,09,2
C00264697,2132018.0,26,2018,13,2
C00264697,2122018.0,5,2018,12,2
C00264697,2142018.0,26,2018,14,2
C00264697,2162018.0,15,2018,16,2
C00264697,2202018.0,5,2018,20,2
C00264697,2202018.0,5,2018,20,2
C00264697,2152018.0,25,2018,15,2
C00264697,2232018.0,10,2018,23,2
C00264697,2182018.0,25,2018,18,2
C00264697,2182018.0,26,2018,18,2
C00264697,2212018.0,250,2018,21,2
C00264697,2122018.0,10,2018,12,2
C00264697,2022018.0,3,2018,02,2
C00264697,2272018.0,100,2018,27,2
C00264697,2262018.0,10,2018,26,2
C00264697,2262018.0,26,2018,26,2
C00264697,2042018.0,10,2018,04,2
C00264697,2282018.0,27,2018,28,2
C00264697,2282018.0,25,2018,28,2
C00264697,2282018.0,10,2018,28,2
C00264697,2152018.0,250,2018,15,2
C00264697,2252018.0,10,2018,25,2
C00264697,2172018.0,5,2018,17,2
C00264697,2182018.0,25,2018,18,2
C00264697,2112018.0,26,2018,11,2
C00264697,2022018.0,2000,2018,02,2
C00264697,2192018.0,150,2018,19,2
C00264697,2072018.0,5,2018,07,2
C00264697,2102018.0,10,2018,10,2
C00264697,2212018.0,250,2018,21,2
C00264697,2162018.0,25,2018,16,2
C00264697,2162018.0,100,2018,16,2
C00264697,2152018.0,10,2018,15,2
C00264697,2142018.0,10,2018,14,2
C00264697,2022018.0,26,2018,02,2
C00264697,2032018.0,26,2018,03,2
C00264697,2262018.0,50,2018,26,2
C00264697,2272018.0,26,2018,27,2
C00264697,2282018.0,10,2018,28,2
C00264697,2192018.0,5,2018,19,2
C00264697,2122018.0,26,2018,12,2
C00264697,2182018.0,20,2018,18,2
C00264697,2282018.0,15,2018,28,2
C00264697,2122018.0,1000,2018,12,2
C00264697,2162018.0,100,2018,16,2
C00264697,2062018.0,3,2018,06,2
C00264697,2212018.0,1000,2018,21,2
C00264697,2262018.0,250,2018,26,2
C00264697,2072018.0,10,2018,07,2
C00264697,2072018.0,66,2018,07,2
C00264697,2232018.0,100,2018,23,2
C00264697,2242018.0,10,2018,24,2
C00264697,2272018.0,26,2018,27,2
C00264697,2022018.0,50,2018,02,2
C00264697,2052018.0,35,2018,05,2
C00264697,2282018.0,10,2018,28,2
C00264697,2032018.0,25,2018,03,2
C00264697,2032018.0,25,2018,03,2
C00264697,2142018.0,500,2018,14,2
C00264697,2262018.0,26,2018,26,2
C00264697,2282018.0,10,2018,28,2
C00264697,2212018.0,150,2018,21,2
C00264697,2022018.0,10,2018,02,2
C00264697,2172018.0,10,2018,17,2
C00264697,2282018.0,10,2018,28,2
C00264697,2022018.0,5,2018,02,2
C00264697,2022018.0,25,2018,02,2
C00264697,2262018.0,5,2018,26,2
C00264697,2212018.0,250,2018,21,2
C00264697,2072018.0,14,2018,07,2
C00264697,2212018.0,100,2018,21,2
C00264697,2082018.0,17,2018,08,2
C00264697,2052018.0,50,2018,05,2
C00264697,2072018.0,1000,2018,07,2
C00264697,2232018.0,50,2018,23,2
C00264697,2252018.0,50,2018,25,2
C00264697,2252018.0,20,2018,25,2
C00264697,2242018.0,50,2018,24,2
C00264697,2252018.0,26,2018,25,2
C00264697,2272018.0,50,2018,27,2
C00264697,2282018.0,26,2018,28,2
C00264697,2282018.0,50,2018,28,2
C00264697,2092018.0,150,2018,09,2
C00264697,2102018.0,10,2018,10,2
C00264697,2272018.0,50,2018,27,2
C00264697,2272018.0,5,2018,27,2
C00264697,2042018.0,25,2018,04,2
C00264697,2192018.0,10,2018,19,2
C00264697,2212018.0,10,2018,21,2
C00264697,2132018.0,26,2018,13,2
C00264697,2132018.0,26,2018,13,2
C00264697,2142018.0,26,2018,14,2
C00264697,2152018.0,5,2018,15,2
C00264697,2172018.0,10,2018,17,2
C00264697,2122018.0,50,2018,12,2
C00264697,2122018.0,100,2018,12,2
C00264697,2222018.0,250,2018,22,2
C00264697,2052018.0,10,2018,05,2
C00264697,2162018.0,2500,2018,16,2
C00264697,2272018.0,500,2018,27,2
C00264697,2232018.0,25,2018,23,2
C00264697,2252018.0,10,2018,25,2
C00264697,2262018.0,26,2018,26,2
C00264697,2052018.0,2700,2018,05,2
C00264697,2192018.0,10,2018,19,2
C00264697,2202018.0,10,2018,20,2
C00264697,2152018.0,26,2018,15,2
C00264697,2142018.0,1,2018,14,2
C00264697,2232018.0,250,2018,23,2
C00264697,2192018.0,100,2018,19,2
C00264697,2272018.0,26,2018,27,2
C00264697,2282018.0,5,2018,28,2
C00264697,2072018.0,25,2018,07,2
C00264697,2252018.0,25,2018,25,2
C00264697,2152018.0,15,2018,15,2
C00264697,2172018.0,25,2018,17,2
C00264697,2162018.0,100,2018,16,2
C00264697,2262018.0,1000,2018,26,2
C00264697,2122018.0,5,2018,12,2
C00264697,2162018.0,10,2018,16,2
C00264697,2142018.0,25,2018,14,2
C00264697,2142018.0,10,2018,14,2
C00264697,2162018.0,50,2018,16,2
C00264697,2102018.0,-1800,2018,10,2
C00264697,2102018.0,1800,2018,10,2
C00264697,2102018.0,5,2018,10,2
C00264697,2042018.0,5,2018,04,2
C00264697,2042018.0,10,2018,04,2
C00264697,2192018.0,50,2018,19,2
C00264697,2192018.0,2500,2018,19,2
C00264697,2052018.0,5,2018,05,2
C00264697,2102018.0,10,2018,10,2
C00264697,2112018.0,26,2018,11,2
C00264697,2212018.0,150,2018,21,2
C00264697,2082018.0,11,2018,08,2
C00264697,2112018.0,10,2018,11,2
C00264697,2112018.0,0,2018,11,2
C00264697,2212018.0,500,2018,21,2
C00264697,2212018.0,250,2018,21,2
C00264697,2092018.0,10,2018,09,2
C00264697,2132018.0,500,2018,13,2
C00264697,2022018.0,500,2018,02,2
C00264697,2052018.0,100,2018,05,2
C00264697,2262018.0,26,2018,26,2
C00264697,2152018.0,50,2018,15,2
C00264697,2132018.0,25,2018,13,2
C00264697,2182018.0,27,2018,18,2
C00264697,2242018.0,26,2018,24,2
C00264697,2182018.0,26,2018,18,2
C00264697,2242018.0,5,2018,24,2
C00264697,2162018.0,200,2018,16,2
C00264697,2012018.0,25,2018,01,2
C00264697,2272018.0,100,2018,27,2
C00264697,2282018.0,100,2018,28,2
C00264697,2232018.0,20,2018,23,2
C00264697,2242018.0,500,2018,24,2
C00264697,2182018.0,100,2018,18,2
C00264697,2062018.0,10,2018,06,2
C00264697,2022018.0,26,2018,02,2
C00264697,2012018.0,500,2018,01,2
C00264697,2062018.0,5,2018,06,2
C00264697,2102018.0,3,2018,10,2
C00264697,2152018.0,250,2018,15,2
C00264697,2122018.0,50,2018,12,2
C00264697,2152018.0,5,2018,15,2
C00264697,2182018.0,26,2018,18,2
C00264697,2212018.0,-300,2018,21,2
C00264697,2092018.0,50,2018,09,2
C00264697,2212018.0,1000,2018,21,2
C00264697,2212018.0,300,2018,21,2
C00264697,2122018.0,26,2018,12,2
C00264697,2142018.0,5,2018,14,2
C00264697,2262018.0,10,2018,26,2
C00264697,2282018.0,10,2018,28,2
C00264697,2282018.0,26,2018,28,2
C00264697,2282018.0,18,2018,28,2
C00264697,2282018.0,27,2018,28,2
C00264697,2192018.0,5,2018,19,2
C00264697,2232018.0,10,2018,23,2
C00264697,2172018.0,10,2018,17,2
C00264697,2232018.0,15,2018,23,2
C00264697,2152018.0,25,2018,15,2
C00264697,2092018.0,10,2018,09,2
C00264697,2202018.0,150,2018,20,2
C00264697,2222018.0,50,2018,22,2
C00264697,2152018.0,5,2018,15,2
C00264697,2072018.0,7,2018,07,2
C00264697,2092018.0,1,2018,09,2
C00264697,2052018.0,10,2018,05,2
C00264697,2112018.0,5,2018,11,2
C00264697,2152018.0,250,2018,15,2
C00264697,2152018.0,200,2018,15,2
C00264697,2202018.0,10,2018,20,2
C00264697,2222018.0,26,2018,22,2
C00264697,2142018.0,10,2018,14,2
C00264697,2142018.0,26,2018,14,2
C00264697,2102018.0,20,2018,10,2
C00264697,2282018.0,18,2018,28,2
C00264697,2282018.0,10,2018,28,2
C00264697,2202018.0,22,2018,20,2
C00264697,2212018.0,26,2018,21,2
C00264697,2212018.0,5,2018,21,2
C00264697,2242018.0,50,2018,24,2
C00264697,2212018.0,10,2018,21,2
C00264697,2262018.0,5,2018,26,2
C00264697,2282018.0,7,2018,28,2
C00264697,2192018.0,27,2018,19,2
C00264697,2222018.0,5,2018,22,2
C00264697,2242018.0,26,2018,24,2
C00264697,2252018.0,25,2018,25,2
C00264697,2212018.0,100,2018,21,2
C00264697,2272018.0,26,2018,27,2
C00264697,2282018.0,25,2018,28,2
C00264697,2162018.0,300,2018,16,2
C00264697,2182018.0,26,2018,18,2
C00264697,2182018.0,26,2018,18,2
C00264697,2062018.0,50,2018,06,2
C00264697,2072018.0,10,2018,07,2
C00264697,2022018.0,500,2018,02,2
C00264697,2022018.0,50,2018,02,2
C00264697,2262018.0,100,2018,26,2
C00264697,2092018.0,5,2018,09,2
C00264697,2112018.0,5,2018,11,2
C00264697,2072018.0,35,2018,07,2
C00264697,2142018.0,5,2018,14,2
C00264697,2162018.0,10,2018,16,2
C00264697,2192018.0,10,2018,19,2
C00264697,2202018.0,5,2018,20,2
C00264697,2212018.0,1500,2018,21,2
C00264697,2072018.0,100,2018,07,2
C00264697,2212018.0,250,2018,21,2
C00264697,2072018.0,11,2018,07,2
C00264697,2122018.0,20,2018,12,2
C00264697,2122018.0,168,2018,12,2
C00264697,2122018.0,50,2018,12,2
C00264697,2262018.0,29,2018,26,2
C00264697,2272018.0,26,2018,27,2
C00264697,2082018.0,26,2018,08,2
C00264697,2282018.0,25,2018,28,2
C00264697,2052018.0,2700,2018,05,2
C00264697,2202018.0,25,2018,20,2
C00264697,2232018.0,10,2018,23,2
C00264697,2032018.0,1000,2018,03,2
C00264697,2262018.0,10,2018,26,2
C00264697,2282018.0,10,2018,28,2
C00264697,2222018.0,26,2018,22,2
C00264697,2242018.0,50,2018,24,2
C00264697,2212018.0,500,2018,21,2
C00264697,2022018.0,50,2018,02,2
C00264697,2122018.0,1000,2018,12,2
C00264697,2212018.0,500,2018,21,2
C00264697,2152018.0,100,2018,15,2
C00264697,2182018.0,50,2018,18,2
C00264697,2082018.0,25,2018,08,2
C00264697,2142018.0,10,2018,14,2
C00264697,2172018.0,100,2018,17,2
C00264697,2282018.0,1000,2018,28,2
C00264697,2272018.0,9,2018,27,2
C00264697,2272018.0,10,2018,27,2
C00264697,2272018.0,27,2018,27,2
C00264697,2282018.0,25,2018,28,2
C00264697,2282018.0,26,2018,28,2
C00264697,2242018.0,26,2018,24,2
C00264697,2082018.0,100,2018,08,2
C00264697,2122018.0,5,2018,12,2
C00264697,2182018.0,26,2018,18,2
C00264697,2272018.0,5,2018,27,2
C00264697,2052018.0,10,2018,05,2
C00264697,2082018.0,25,2018,08,2
C00264697,2212018.0,100,2018,21,2
C00264697,2242018.0,5,2018,24,2
C00264697,2042018.0,100,2018,04,2
C00264697,2282018.0,10,2018,28,2
C00264697,2222018.0,5,2018,22,2
C00264697,2242018.0,25,2018,24,2
C00264697,2162018.0,150,2018,16,2
C00264697,2262018.0,25,2018,26,2
C00264697,2202018.0,25,2018,20,2
C00264697,2082018.0,25,2018,08,2
C00264697,2192018.0,2,2018,19,2
C00264697,2212018.0,25,2018,21,2
C00264697,2242018.0,10,2018,24,2
C00264697,2252018.0,2,2018,25,2
C00264697,2252018.0,10,2018,25,2
C00264697,2122018.0,250,2018,12,2
C00264697,2172018.0,100,2018,17,2
C00264697,2092018.0,10,2018,09,2
C00264697,2202018.0,10,2018,20,2
C00264697,2142018.0,75,2018,14,2
C00264697,2272018.0,26,2018,27,2
C00264697,2282018.0,5,2018,28,2
C00264697,2282018.0,5,2018,28,2
C00264697,2272018.0,100,2018,27,2
C00264697,2282018.0,50,2018,28,2
C00264697,2132018.0,10,2018,13,2
C00264697,2132018.0,11,2018,13,2
C00264697,2182018.0,10,2018,18,2
C00264697,2262018.0,500,2018,26,2
C00264697,2052018.0,50,2018,05,2
C00264697,2102018.0,5,2018,10,2
C00264697,2112018.0,50,2018,11,2
C00264697,2182018.0,26,2018,18,2
C00264697,2182018.0,10,2018,18,2
C00264697,2122018.0,100,2018,12,2
C00264697,2022018.0,50,2018,02,2
C00264697,2162018.0,100,2018,16,2
C00264697,2262018.0,250,2018,26,2
C00264697,2172018.0,26,2018,17,2
C00264697,2252018.0,26,2018,25,2
C00264697,2242018.0,26,2018,24,2
C00264697,2152018.0,50,2018,15,2
C00264697,2172018.0,26,2018,17,2
C00264697,2282018.0,72,2018,28,2
C00264697,2132018.0,1000,2018,13,2
C00264697,2152018.0,500,2018,15,2
C00264697,2062018.0,5,2018,06,2
C00264697,2072018.0,25,2018,07,2
C00264697,2192018.0,100,2018,19,2
C00264697,2232018.0,26,2018,23,2
C00264697,2242018.0,17,2018,24,2
C00264697,2252018.0,26,2018,25,2
C00264697,2242018.0,10,2018,24,2
C00264697,2252018.0,10,2018,25,2
C00264697,2032018.0,10,2018,03,2
C00264697,2122018.0,5,2018,12,2
C00264697,2182018.0,50,2018,18,2
C00264697,2262018.0,1,2018,26,2
C00264697,2272018.0,50,2018,27,2
C00264697,2282018.0,5,2018,28,2
C00264697,2282018.0,27,2018,28,2
C00264697,2052018.0,11,2018,05,2
C00264697,2062018.0,25,2018,06,2
C00264697,2282018.0,1173,2018,28,2
C00264697,2032018.0,1,2018,03,2
C00264697,2152018.0,25,2018,15,2
C00264697,2052018.0,100,2018,05,2
C00264697,2052018.0,100,2018,05,2
C00264697,2092018.0,10,2018,09,2
C00264697,2102018.0,5,2018,10,2
C00264697,2252018.0,26,2018,25,2
C00264697,2242018.0,27,2018,24,2
C00264697,2242018.0,1,2018,24,2
C00264697,2052018.0,10,2018,05,2
C00264697,2062018.0,25,2018,06,2
C00264697,2072018.0,5,2018,07,2
C00264697,2222018.0,50,2018,22,2
C00264697,2222018.0,100,2018,22,2
C00264697,2252018.0,100,2018,25,2
C00264697,2182018.0,10,2018,18,2
C00264697,2282018.0,400,2018,28,2
C00264697,2202018.0,150,2018,20,2
C00264697,2262018.0,26,2018,26,2
C00264697,2142018.0,10,2018,14,2
C00264697,2022018.0,10,2018,02,2
C00264697,2282018.0,22,2018,28,2
C00264697,2192018.0,5,2018,19,2
C00264697,2282018.0,100,2018,28,2
C00264697,2232018.0,50,2018,23,2
C00264697,2242018.0,26,2018,24,2
C00264697,2052018.0,26,2018,05,2
C00264697,2132018.0,26,2018,13,2
C00264697,2182018.0,26,2018,18,2
C00264697,2272018.0,27,2018,27,2
C00264697,2282018.0,50,2018,28,2
C00264697,2032018.0,5,2018,03,2
C00264697,2072018.0,100,2018,07,2
C00264697,2022018.0,26,2018,02,2
C00264697,2262018.0,50,2018,26,2
C00264697,2272018.0,5,2018,27,2
C00264697,2282018.0,100,2018,28,2
C00264697,2282018.0,5,2018,28,2
C00264697,2282018.0,26,2018,28,2
C00264697,2052018.0,250,2018,05,2
C00264697,2122018.0,100,2018,12,2
C00264697,2022018.0,100,2018,02,2
C00264697,2022018.0,100,2018,02,2
C00264697,2022018.0,100,2018,02,2
C00264697,2152018.0,100,2018,15,2
C00264697,2172018.0,50,2018,17,2
C00264697,2152018.0,300,2018,15,2
C00264697,2232018.0,5,2018,23,2
C00264697,2162018.0,100,2018,16,2
C00264697,2172018.0,26,2018,17,2
C00264697,2222018.0,250,2018,22,2
C00264697,2222018.0,500,2018,22,2
C00264697,2142018.0,500,2018,14,2
C00264697,2272018.0,5,2018,27,2
C00264697,2282018.0,26,2018,28,2
C00264697,2282018.0,50,2018,28,2
C00264697,2182018.0,20,2018,18,2
C00264697,2222018.0,1000,2018,22,2
C00264697,2042018.0,10,2018,04,2
C00264697,2282018.0,25,2018,28,2
C00264697,2052018.0,25,2018,05,2
C00264697,2192018.0,27,2018,19,2
C00264697,2202018.0,10,2018,20,2
C00264697,2222018.0,21,2018,22,2
C00264697,2162018.0,10,2018,16,2
C00264697,2162018.0,225,2018,16,2
C00264697,2262018.0,25,2018,26,2
C00264697,2152018.0,25,2018,15,2
C00264697,2152018.0,200,2018,15,2
C00264697,2232018.0,26,2018,23,2
C00264697,2082018.0,26,2018,08,2
C00264697,2052018.0,26,2018,05,2
C00264697,2102018.0,26,2018,10,2
C00264697,2102018.0,10,2018,10,2
C00264697,2212018.0,250,2018,21,2
C00264697,2252018.0,25,2018,25,2
C00264697,2252018.0,5,2018,25,2
C00264697,2042018.0,15,2018,04,2
C00264697,2162018.0,5,2018,16,2
C00264697,2012018.0,50,2018,01,2
C00264697,2262018.0,5,2018,26,2
C00264697,2282018.0,26,2018,28,2
C00264697,2272018.0,100,2018,27,2
C00264697,2162018.0,10,2018,16,2
C00264697,2152018.0,26,2018,15,2
C00264697,2282018.0,25,2018,28,2
C00264697,2272018.0,50,2018,27,2
C00264697,2282018.0,5,2018,28,2
C00264697,2202018.0,50,2018,20,2
C00264697,2282018.0,5,2018,28,2
C00264697,2242018.0,26,2018,24,2
C00264697,2282018.0,500,2018,28,2
C00264697,2232018.0,100,2018,23,2
C00264697,2022018.0,500,2018,02,2
C00264697,2042018.0,26,2018,04,2
C00264697,2282018.0,10,2018,28,2
C00264697,2062018.0,200,2018,06,2
C00264697,2282018.0,10,2018,28,2
C00264697,2132018.0,10,2018,13,2
C00264697,2132018.0,25,2018,13,2
C00264697,2122018.0,10,2018,12,2
C00264697,2162018.0,5,2018,16,2
C00264697,2132018.0,26,2018,13,2
C00264697,2282018.0,27,2018,28,2
C00264697,2282018.0,50,2018,28,2
C00264697,2272018.0,100,2018,27,2
C00264697,2132018.0,300,2018,13,2
C00264697,2282018.0,50,2018,28,2
C00264697,2122018.0,27,2018,12,2
C00264697,2152018.0,30,2018,15,2
C00264697,2192018.0,50,2018,19,2
C00264697,2222018.0,10,2018,22,2
C00264697,2232018.0,10,2018,23,2
C00264697,2102018.0,5,2018,10,2
C00264697,2202018.0,50,2018,20,2
C00264697,2242018.0,8,2018,24,2
C00264697,2172018.0,532,2018,17,2
C00264697,2172018.0,5,2018,17,2
C00264697,2252018.0,25,2018,25,2
C00264697,2032018.0,100,2018,03,2
C00264697,2052018.0,2,2018,05,2
C00264697,2062018.0,26,2018,06,2
C00264697,2102018.0,5,2018,10,2
C00264697,2102018.0,5,2018,10,2
C00264697,2242018.0,5,2018,24,2
C00264697,2272018.0,250,2018,27,2
C00264697,2072018.0,100,2018,07,2
C00264697,2182018.0,15,2018,18,2
C00264697,2242018.0,-1475,2018,24,2
C00264697,2242018.0,1475,2018,24,2
C00264697,2152018.0,30,2018,15,2
C00264697,2202018.0,26,2018,20,2
C00264697,2232018.0,5,2018,23,2
C00264697,2242018.0,10,2018,24,2
C00264697,2172018.0,5,2018,17,2
C00264697,2032018.0,10,2018,03,2
C00264697,2282018.0,5,2018,28,2
C00264697,2192018.0,10,2018,19,2
C00264697,2202018.0,2,2018,20,2
C00264697,2182018.0,50,2018,18,2
C00264697,2102018.0,50,2018,10,2
C00264697,2182018.0,50,2018,18,2
C00264697,2262018.0,50,2018,26,2
C00264697,2122018.0,25,2018,12,2
C00264697,2142018.0,26,2018,14,2
C00264697,2122018.0,26,2018,12,2
C00264697,2162018.0,250,2018,16,2
C00264697,2122018.0,27,2018,12,2
C00264697,2232018.0,2700,2018,23,2
C00264697,2082018.0,10,2018,08,2
C00264697,2092018.0,25,2018,09,2
C00264697,2052018.0,5,2018,05,2
C00264697,2072018.0,50,2018,07,2
C00264697,2072018.0,26,2018,07,2
C00264697,2262018.0,50,2018,26,2
C00264697,2282018.0,10,2018,28,2
C00264697,2282018.0,500,2018,28,2
C00264697,2062018.0,26,2018,06,2
C00264697,2212018.0,100,2018,21,2
C00264697,2242018.0,25,2018,24,2
C00264697,2262018.0,25,2018,26,2
C00264697,2012018.0,5,2018,01,2
C00264697,2152018.0,10,2018,15,2
C00264697,2182018.0,10,2018,18,2
C00264697,2172018.0,5,2018,17,2
C00264697,2142018.0,10,2018,14,2
C00264697,2282018.0,100,2018,28,2
C00264697,2282018.0,26,2018,28,2
C00264697,2262018.0,50,2018,26,2
C00264697,2132018.0,26,2018,13,2
C00264697,2262018.0,50,2018,26,2
C00264697,2272018.0,200,2018,27,2
C00264697,2282018.0,5,2018,28,2
C00264697,2112018.0,15,2018,11,2
C00264697,2272018.0,10,2018,27,2
C00264697,2282018.0,7,2018,28,2
C00264697,2262018.0,26,2018,26,2
C00264697,2272018.0,5,2018,27,2
C00264697,2242018.0,10,2018,24,2
C00264697,2222018.0,100,2018,22,2
C00264697,2032018.0,50,2018,03,2
C00264697,2282018.0,5,2018,28,2
C00264697,2282018.0,100,2018,28,2
C00264697,2132018.0,1,2018,13,2
C00264697,2142018.0,25,2018,14,2
C00264697,2282018.0,27,2018,28,2
C00264697,2282018.0,10,2018,28,2
C00264697,2212018.0,25,2018,21,2
C00264697,2222018.0,5,2018,22,2
C00264697,2142018.0,200,2018,14,2
C00264697,2012018.0,100,2018,01,2
C00264697,2272018.0,10,2018,27,2
C00264697,2272018.0,10,2018,27,2
C00264697,2012018.0,6,2018,01,2
C00264697,2042018.0,25,2018,04,2
C00264697,2282018.0,10,2018,28,2
C00264697,2282018.0,27,2018,28,2
C00264697,2182018.0,26,2018,18,2
C00264697,2262018.0,50,2018,26,2
C00264697,2102018.0,1,2018,10,2
C00264697,2022018.0,20,2018,02,2
C00264697,2122018.0,75,2018,12,2
C00264697,2282018.0,10,2018,28,2
C00264697,2282018.0,10,2018,28,2
C00264697,2052018.0,-300,2018,05,2
C00264697,2052018.0,300,2018,05,2
C00264697,2252018.0,3,2018,25,2
C00264697,2202018.0,150,2018,20,2
C00264697,2112018.0,5,2018,11,2
C00264697,2212018.0,25,2018,21,2
C00264697,2032018.0,250,2018,03,2
C00264697,2052018.0,5,2018,05,2
C00264697,2012018.0,25,2018,01,2
C00264697,2282018.0,25,2018,28,2
C00264697,2262018.0,26,2018,26,2
C00264697,2282018.0,26,2018,28,2
C00264697,2192018.0,10,2018,19,2
C00264697,2202018.0,26,2018,20,2
C00264697,2022018.0,5,2018,02,2
C00264697,2272018.0,20,2018,27,2
C00264697,2042018.0,50,2018,04,2
C00264697,2272018.0,25,2018,27,2
C00264697,2282018.0,10,2018,28,2
C00264697,2122018.0,250,2018,12,2
C00264697,2022018.0,400,2018,02,2
C00264697,2072018.0,10,2018,07,2
C00264697,2212018.0,10,2018,21,2
C00264697,2212018.0,15,2018,21,2
C00264697,2282018.0,50,2018,28,2
C00264697,2202018.0,10,2018,20,2
C00264697,2192018.0,10,2018,19,2
C00264697,2232018.0,10,2018,23,2
C00264697,2252018.0,50,2018,25,2
C00264697,2222018.0,100,2018,22,2
C00264697,2182018.0,500,2018,18,2
C00264697,2182018.0,2,2018,18,2
C00264697,2202018.0,26,2018,20,2
C00264697,2222018.0,100,2018,22,2
C00264697,2222018.0,50,2018,22,2
C00264697,2152018.0,10,2018,15,2
C00264697,2142018.0,850,2018,14,2
C00264697,2182018.0,26,2018,18,2
C00264697,2192018.0,500,2018,19,2
C00264697,2132018.0,3,2018,13,2
C00264697,2142018.0,26,2018,14,2
C00264697,2052018.0,26,2018,05,2
C00264697,2072018.0,10,2018,07,2
C00264697,2082018.0,10,2018,08,2
C00264697,2232018.0,5,2018,23,2
C00264697,2212018.0,9,2018,21,2
C00264697,2182018.0,10,2018,18,2
C00264697,2282018.0,100,2018,28,2
C00264697,2102018.0,50,2018,10,2
C00264697,2072018.0,27,2018,07,2
C00264697,2102018.0,10,2018,10,2
C00264697,2102018.0,5,2018,10,2
C00264697,2122018.0,10,2018,12,2
C00264697,2242018.0,10,2018,24,2
C00264697,2212018.0,1500,2018,21,2
C00264697,2102018.0,5,2018,10,2
C00264697,2262018.0,100,2018,26,2
C00264697,2272018.0,50,2018,27,2
C00264697,2282018.0,10,2018,28,2
C00264697,2192018.0,27,2018,19,2
C00264697,2152018.0,250,2018,15,2
C00264697,2222018.0,10,2018,22,2
C00264697,2282018.0,100,2018,28,2
C00264697,2202018.0,300,2018,20,2
C00264697,2102018.0,50,2018,10,2
C00264697,2212018.0,100,2018,21,2
C00264697,2062018.0,150,2018,06,2
C00264697,2122018.0,150,2018,12,2
C00264697,2232018.0,7,2018,23,2
C00264697,2142018.0,10,2018,14,2
C00264697,2142018.0,10,2018,14,2
C00264697,2162018.0,10,2018,16,2
C00264697,2092018.0,50,2018,09,2
C00264697,2102018.0,26,2018,10,2
C00264697,2282018.0,50,2018,28,2
C00264697,2272018.0,26,2018,27,2
C00264697,2202018.0,25,2018,20,2
C00264697,2212018.0,8,2018,21,2
C00264697,2222018.0,10,2018,22,2
C00264697,2252018.0,5,2018,25,2
C00264697,2072018.0,8,2018,07,2
C00264697,2022018.0,30,2018,02,2
C00264697,2262018.0,25,2018,26,2
C00264697,2072018.0,100,2018,07,2
C00264697,2142018.0,10,2018,14,2
C00264697,2142018.0,100,2018,14,2
C00264697,2052018.0,10,2018,05,2
C00264697,2062018.0,75,2018,06,2
C00264697,2092018.0,1,2018,09,2
C00264697,2242018.0,25,2018,24,2
C00264697,2222018.0,25,2018,22,2
C00264697,2252018.0,26,2018,25,2
C00264697,2242018.0,26,2018,24,2
C00264697,2252018.0,15,2018,25,2
C00264697,2182018.0,26,2018,18,2
C00264697,2052018.0,5,2018,05,2
C00264697,2282018.0,26,2018,28,2
C00264697,2192018.0,5,2018,19,2
C00264697,2202018.0,10,2018,20,2
C00264697,2222018.0,7,2018,22,2
C00264697,2202018.0,500,2018,20,2
C00264697,2132018.0,250,2018,13,2
C00264697,2282018.0,17,2018,28,2
C00264697,2192018.0,5,2018,19,2
C00264697,2222018.0,25,2018,22,2
C00264697,2022018.0,75,2018,02,2
C00264697,2162018.0,5,2018,16,2
C00264697,2172018.0,10,2018,17,2
C00264697,2182018.0,10,2018,18,2
C00264697,2232018.0,50,2018,23,2
C00264697,2222018.0,250,2018,22,2
C00264697,2122018.0,100,2018,12,2
C00264697,2222018.0,2000,2018,22,2
C00264697,2032018.0,150,2018,03,2
C00264697,2132018.0,100,2018,13,2
C00264697,2052018.0,100,2018,05,2
C00264697,2072018.0,2700,2018,07,2
C00264697,2222018.0,26,2018,22,2
C00264697,2092018.0,250,2018,09,2
C00264697,2252018.0,26,2018,25,2
C00264697,2222018.0,100,2018,22,2
C00264697,2112018.0,26,2018,11,2
C00264697,2032018.0,10,2018,03,2
C00264697,2022018.0,25,2018,02,2
C00264697,2222018.0,1000,2018,22,2
C00264697,2222018.0,-20,2018,22,2
C00264697,2052018.0,20,2018,05,2
C00264697,2222018.0,1000,2018,22,2
C00264697,2242018.0,20,2018,24,2
C00264697,2262018.0,5,2018,26,2
C00264697,2242018.0,50,2018,24,2
C00264697,2252018.0,26,2018,25,2
C00264697,2162018.0,250,2018,16,2
C00264697,2072018.0,50,2018,07,2
C00264697,2232018.0,30,2018,23,2
C00264697,2012018.0,500,2018,01,2
C00264697,2092018.0,5,2018,09,2
C00264697,2082018.0,26,2018,08,2
C00264697,2202018.0,250,2018,20,2
C00264697,2112018.0,5,2018,11,2
C00264697,2022018.0,50,2018,02,2
C00264697,2232018.0,150,2018,23,2
C00264697,2122018.0,100,2018,12,2
C00264697,2142018.0,100,2018,14,2
C00264697,2262018.0,5,2018,26,2
C00264697,2062018.0,27,2018,06,2
C00264697,2082018.0,5,2018,08,2
C00264697,2052018.0,100,2018,05,2
C00264697,2192018.0,50,2018,19,2
C00264697,2202018.0,10,2018,20,2
C00264697,2202018.0,50,2018,20,2
C00264697,2202018.0,26,2018,20,2
C00264697,2022018.0,100,2018,02,2
C00264697,2022018.0,20,2018,02,2
C00264697,2222018.0,2000,2018,22,2
C00264697,2052018.0,500,2018,05,2
C00264697,2262018.0,25,2018,26,2
C00264697,2102018.0,50,2018,10,2
C00264697,2092018.0,2,2018,09,2
C00264697,2262018.0,100,2018,26,2
C00264697,2022018.0,50,2018,02,2
C00264697,2132018.0,100,2018,13,2
C00264697,2032018.0,26,2018,03,2
C00264697,2042018.0,10,2018,04,2
C00264697,2122018.0,5,2018,12,2
C00264697,2152018.0,10,2018,15,2
C00264697,2012018.0,17,2018,01,2
C00264697,2112018.0,250,2018,11,2
C00264697,2212018.0,5,2018,21,2
C00264697,2122018.0,1,2018,12,2
C00264697,2162018.0,5,2018,16,2
C00264697,2122018.0,10,2018,12,2
C00264697,2222018.0,400,2018,22,2
C00264697,2082018.0,500,2018,08,2
C00264697,2132018.0,5,2018,13,2
C00264697,2172018.0,10,2018,17,2
C00264697,2012018.0,250,2018,01,2
C00264697,2062018.0,80,2018,06,2
C00264697,2122018.0,5,2018,12,2
C00264697,2172018.0,5,2018,17,2
C00264697,2202018.0,100,2018,20,2
C00264697,2142018.0,25,2018,14,2
C00264697,2262018.0,50,2018,26,2
C00264697,2132018.0,26,2018,13,2
C00264697,2152018.0,10,2018,15,2
C00264697,2152018.0,0,2018,15,2
C00264697,2032018.0,26,2018,03,2
C00264697,2232018.0,10,2018,23,2
C00264697,2132018.0,15,2018,13,2
C00264697,2072018.0,100,2018,07,2
C00264697,2152018.0,10,2018,15,2
C00264697,2162018.0,10,2018,16,2
C00264697,2212018.0,1000,2018,21,2
C00264697,2282018.0,10,2018,28,2
C00264697,2252018.0,15,2018,25,2
C00264697,2202018.0,100,2018,20,2
C00264697,2232018.0,10,2018,23,2
C00264697,2242018.0,2700,2018,24,2
C00264697,2092018.0,26,2018,09,2
C00264697,2142018.0,25,2018,14,2
C00264697,2282018.0,400,2018,28,2
C00264697,2052018.0,26,2018,05,2
C00264697,2212018.0,350,2018,21,2
C00264697,2072018.0,50,2018,07,2
C00264697,2212018.0,50,2018,21,2
C00264697,2102018.0,5,2018,10,2
C00264697,2152018.0,10,2018,15,2
C00264697,2182018.0,5,2018,18,2
C00264697,2182018.0,26,2018,18,2
C00264697,2222018.0,1000,2018,22,2
C00264697,2172018.0,750,2018,17,2
C00264697,2202018.0,5400,2018,20,2
C00264697,2222018.0,150,2018,22,2
C00264697,2262018.0,10,2018,26,2
C00264697,2272018.0,26,2018,27,2
C00264697,2272018.0,10,2018,27,2
C00264697,2282018.0,26,2018,28,2
C00264697,2282018.0,10,2018,28,2
C00264697,2102018.0,10,2018,10,2
C00264697,2082018.0,5,2018,08,2
C00264697,2162018.0,3,2018,16,2
C00264697,2052018.0,5,2018,05,2
C00264697,2172018.0,10,2018,17,2
C00264697,2052018.0,5,2018,05,2
C00264697,2052018.0,15,2018,05,2
C00264697,2072018.0,5,2018,07,2
C00264697,2082018.0,50,2018,08,2
C00264697,2212018.0,25,2018,21,2
C00264697,2142018.0,5,2018,14,2
C00264697,2152018.0,26,2018,15,2
C00264697,2172018.0,100,2018,17,2
C00264697,2282018.0,50,2018,28,2
C00264697,2282018.0,260,2018,28,2
C00264697,2282018.0,5,2018,28,2
C00264697,2152018.0,10,2018,15,2
C00264697,2222018.0,10,2018,22,2
C00264697,2012018.0,100,2018,01,2
C00264697,2262018.0,300,2018,26,2
C00264697,2212018.0,10,2018,21,2
C00264697,2232018.0,26,2018,23,2
C00264697,2252018.0,25,2018,25,2
C00264697,2282018.0,5,2018,28,2
C00264697,2202018.0,10,2018,20,2
C00264697,2222018.0,50,2018,22,2
C00264697,2282018.0,5,2018,28,2
C00264697,2052018.0,250,2018,05,2
C00264697,2122018.0,27,2018,12,2
C00264697,2122018.0,10,2018,12,2
C00264697,2282018.0,10,2018,28,2
C00264697,2152018.0,2700,2018,15,2
C00264697,2222018.0,3,2018,22,2
C00264697,2232018.0,10,2018,23,2
C00264697,2252018.0,1,2018,25,2
C00264697,2242018.0,7,2018,24,2
C00264697,2122018.0,500,2018,12,2
C00264697,2282018.0,26,2018,28,2
C00264697,2192018.0,26,2018,19,2
C00264697,2122018.0,250,2018,12,2
C00264697,2162018.0,160,2018,16,2
C00264697,2272018.0,500,2018,27,2
C00264697,2062018.0,10,2018,06,2
C00264697,2152018.0,5,2018,15,2
C00264697,2192018.0,10,2018,19,2
C00264697,2162018.0,500,2018,16,2
C00264697,2212018.0,500,2018,21,2
C00264697,2092018.0,26,2018,09,2
C00264697,2102018.0,10,2018,10,2
C00264697,2052018.0,26,2018,05,2
C00264697,2212018.0,250,2018,21,2
C00264697,2232018.0,18,2018,23,2
C00264697,2252018.0,25,2018,25,2
C00264697,2272018.0,2700,2018,27,2
C00264697,2012018.0,10,2018,01,2
C00264697,2022018.0,125,2018,02,2
C00264697,2272018.0,26,2018,27,2
C00264697,2282018.0,25,2018,28,2
C00264697,2282018.0,27,2018,28,2
C00264697,2282018.0,5,2018,28,2
C00264697,2282018.0,5,2018,28,2
C00264697,2052018.0,26,2018,05,2
C00264697,2062018.0,50,2018,06,2
C00264697,2102018.0,10,2018,10,2
C00264697,2172018.0,10,2018,17,2
C00264697,2162018.0,25,2018,16,2
C00264697,2182018.0,26,2018,18,2
C00264697,2152018.0,250,2018,15,2
C00264697,2202018.0,10,2018,20,2
C00264697,2212018.0,26,2018,21,2
C00264697,2092018.0,150,2018,09,2
C00264697,2172018.0,5,2018,17,2
C00264697,2282018.0,26,2018,28,2
C00264697,2192018.0,50,2018,19,2
C00264697,2232018.0,26,2018,23,2
C00264697,2152018.0,25,2018,15,2
C00264697,2182018.0,3,2018,18,2
C00264697,2182018.0,26,2018,18,2
C00264697,2092018.0,25,2018,09,2
C00264697,2102018.0,25,2018,10,2
C00264697,2152018.0,2700,2018,15,2
C00264697,2152018.0,20,2018,15,2
C00264697,2142018.0,10,2018,14,2
C00264697,2052018.0,20,2018,05,2
C00264697,2192018.0,26,2018,19,2
C00264697,2202018.0,50,2018,20,2
C00264697,2222018.0,10,2018,22,2
C00264697,2032018.0,25,2018,03,2
C00264697,2072018.0,44,2018,07,2
C00264697,2022018.0,17,2018,02,2
C00264697,2042018.0,3,2018,04,2
C00264697,2142018.0,2700,2018,14,2
C00264697,2272018.0,50,2018,27,2
C00264697,2052018.0,100,2018,05,2
C00264697,2212018.0,10,2018,21,2
C00264697,2152018.0,5,2018,15,2
C00264697,2202018.0,25,2018,20,2
C00264697,2142018.0,10,2018,14,2
C00264697,2152018.0,15,2018,15,2
C00264697,2172018.0,100,2018,17,2
C00264697,2262018.0,50,2018,26,2
C00264697,2182018.0,26,2018,18,2
C00264697,2062018.0,25,2018,06,2
C00264697,2282018.0,5,2018,28,2
C00264697,2062018.0,26,2018,06,2
C00264697,2042018.0,25,2018,04,2
C00264697,2262018.0,26,2018,26,2
C00264697,2092018.0,50,2018,09,2
C00264697,2082018.0,50,2018,08,2
C00264697,2172018.0,5,2018,17,2
C00264697,2102018.0,250,2018,10,2
C00264697,2202018.0,50,2018,20,2
C00264697,2052018.0,25,2018,05,2
C00264697,2052018.0,250,2018,05,2
C00264697,2062018.0,10,2018,06,2
C00264697,2152018.0,250,2018,15,2
C00264697,2202018.0,25,2018,20,2
C00264697,2222018.0,5,2018,22,2
C00264697,2052018.0,50,2018,05,2
C00264697,2242018.0,1,2018,24,2
C00264697,2032018.0,50,2018,03,2
C00264697,2272018.0,100,2018,27,2
C00264697,2182018.0,50,2018,18,2
C00264697,2142018.0,50,2018,14,2
C00264697,2172018.0,100,2018,17,2
C00264697,2282018.0,5,2018,28,2
C00264697,2072018.0,25,2018,07,2
C00431353,2282018.0,25,2018,28,2
C00431353,2122018.0,250,2018,12,2
C00431353,2102018.0,250,2018,10,2
C00431353,2192018.0,100,2018,19,2
C00431353,2022018.0,2700,2018,02,2
C00431353,2022018.0,2700,2018,02,2
C00431353,2022018.0,1900,2018,02,2
C00431353,2122018.0,50,2018,12,2
C00431353,2022018.0,150,2018,02,2
C00431353,2122018.0,35,2018,12,2
C00431353,2122018.0,35,2018,12,2
C00431353,2022018.0,50,2018,02,2
C00431353,2122018.0,400,2018,12,2
C00431353,2192018.0,500,2018,19,2
C00431353,2192018.0,50,2018,19,2
C00431353,2192018.0,200,2018,19,2
C00431353,2022018.0,25,2018,02,2
C00431353,2172018.0,25,2018,17,2
C00431353,2122018.0,50,2018,12,2
C00431353,2162018.0,25,2018,16,2
C00431353,2242018.0,100,2018,24,2
C00431353,2282018.0,40,2018,28,2
C00431353,2212018.0,1000,2018,21,2
C00431353,2122018.0,100,2018,12,2
C00431353,2192018.0,100,2018,19,2
C00431353,2022018.0,250,2018,02,2
C00431353,2042018.0,35,2018,04,2
C00431353,2262018.0,10,2018,26,2
C00431353,2122018.0,50,2018,12,2
C00431353,2122018.0,50,2018,12,2
C00431353,2122018.0,250,2018,12,2
C00431353,2262018.0,1000,2018,26,2
C00431353,2022018.0,50,2018,02,2
C00431353,2122018.0,50,2018,12,2
C00431353,2192018.0,50,2018,19,2
C00431353,2192018.0,50,2018,19,2
C00431353,2122018.0,50,2018,12,2
C00431353,2022018.0,50,2018,02,2
C00431353,2122018.0,100,2018,12,2
C00431353,2122018.0,35,2018,12,2
C00431353,2122018.0,200,2018,12,2
C00431353,2122018.0,50,2018,12,2
C00431353,2192018.0,100,2018,19,2
C00431353,2122018.0,100,2018,12,2
C00431353,2272018.0,100,2018,27,2
C00431353,2122018.0,100,2018,12,2
C00431353,2162018.0,2700,2018,16,2
C00431353,2162018.0,1300,2018,16,2
C00431353,2052018.0,20,2018,05,2
C00431353,2112018.0,25,2018,11,2
C00431353,2112018.0,5,2018,11,2
C00431353,2032018.0,17,2018,03,2
C00431353,2122018.0,1,2018,12,2
C00431353,2152018.0,25,2018,15,2
C00431353,2032018.0,100,2018,03,2
C00431353,2032018.0,35,2018,03,2
C00431353,2282018.0,25,2018,28,2
C00431353,2122018.0,1700,2018,12,2
C00431353,2022018.0,250,2018,02,2
C00431353,2212018.0,10,2018,21,2
C00431353,2252018.0,100,2018,25,2
C00431353,2032018.0,17,2018,03,2
C00431353,2122018.0,15,2018,12,2
C00431353,2162018.0,25,2018,16,2
C00431353,2022018.0,100,2018,02,2
C00431353,2192018.0,250,2018,19,2
C00431353,2282018.0,25,2018,28,2
C00431353,2192018.0,50,2018,19,2
C00431353,2042018.0,500,2018,04,2
C00431353,2122018.0,50,2018,12,2
C00431353,2062018.0,25,2018,06,2
C00431353,2122018.0,10,2018,12,2
C00431353,2152018.0,5,2018,15,2
C00431353,2282018.0,5,2018,28,2
C00431353,2282018.0,5,2018,28,2
C00431353,2122018.0,100,2018,12,2
C00431353,2122018.0,100,2018,12,2
C00431353,2032018.0,25,2018,03,2
C00431353,2022018.0,250,2018,02,2
C00431353,2282018.0,25,2018,28,2
C00431353,2042018.0,100,2018,04,2
C00431353,2212018.0,250,2018,21,2
C00431353,2192018.0,500,2018,19,2
C00431353,2122018.0,25,2018,12,2
C00431353,2282018.0,25,2018,28,2
C00431353,2182018.0,50,2018,18,2
C00431353,2122018.0,50,2018,12,2
C00431353,2122018.0,25,2018,12,2
C00431353,2122018.0,100,2018,12,2
C00431353,2192018.0,200,2018,19,2
C00431353,2192018.0,250,2018,19,2
C00431353,2192018.0,250,2018,19,2
C00431353,2022018.0,100,2018,02,2
C00431353,2272018.0,50,2018,27,2
C00431353,2022018.0,35,2018,02,2
C00431353,2122018.0,50,2018,12,2
C00431353,2242018.0,250,2018,24,2
C00431353,2262018.0,100,2018,26,2
C00431353,2192018.0,168,2018,19,2
C00431353,2022018.0,250,2018,02,2
C00431353,2122018.0,500,2018,12,2
C00431353,2122018.0,100,2018,12,2
C00431353,2012018.0,33,2018,01,2
C00431353,2112018.0,12,2018,11,2
C00431353,2022018.0,250,2018,02,2
C00431353,2212018.0,15,2018,21,2
C00431353,2282018.0,25,2018,28,2
C00431353,2122018.0,40,2018,12,2
C00431353,2082018.0,1000,2018,08,2
C00431353,2082018.0,950,2018,08,2
C00431353,2022018.0,100,2018,02,2
C00431353,2162018.0,2700,2018,16,2
C00431353,2122018.0,65,2018,12,2
C00431353,2022018.0,100,2018,02,2
C00431353,2122018.0,50,2018,12,2
C00431353,2122018.0,50,2018,12,2
C00431353,2192018.0,100,2018,19,2
C00431353,2042018.0,100,2018,04,2
C00431353,2022018.0,73,2018,02,2
C00431353,2282018.0,50,2018,28,2
C00431353,2282018.0,50,2018,28,2
C00431353,2192018.0,1000,2018,19,2
C00431353,2022018.0,100,2018,02,2
C00431353,2242018.0,1000,2018,24,2
C00431353,2132018.0,25,2018,13,2
C00431353,2192018.0,50,2018,19,2
C00431353,2122018.0,200,2018,12,2
C00431353,2152018.0,5,2018,15,2
C00431353,2032018.0,35,2018,03,2
C00431353,2062018.0,35,2018,06,2
C00431353,2252018.0,25,2018,25,2
C00431353,2012018.0,50,2018,01,2
C00431353,2122018.0,35,2018,12,2
C00431353,2122018.0,50,2018,12,2
C00431353,2192018.0,250,2018,19,2
C00431353,2112018.0,35,2018,11,2
C00431353,2122018.0,200,2018,12,2
C00431353,2112018.0,50,2018,11,2
C00431353,2022018.0,100,2018,02,2
C00431353,2192018.0,50,2018,19,2
C00431353,2122018.0,100,2018,12,2
C00431353,2122018.0,20,2018,12,2
C00431353,2122018.0,500,2018,12,2
C00431353,2122018.0,2700,2018,12,2
C00431353,2022018.0,35,2018,02,2
C00431353,2022018.0,50,2018,02,2
C00431353,2122018.0,50,2018,12,2
C00431353,2022018.0,100,2018,02,2
C00431353,2052018.0,500,2018,05,2
C00431353,2252018.0,25,2018,25,2
C00431353,2122018.0,250,2018,12,2
C00431353,2122018.0,35,2018,12,2
C00431353,2122018.0,50,2018,12,2
C00431353,2122018.0,50,2018,12,2
C00431353,2142018.0,50,2018,14,2
C00431353,2122018.0,200,2018,12,2
C00431353,2022018.0,100,2018,02,2
C00431353,2022018.0,250,2018,02,2
C00431353,2032018.0,100,2018,03,2
C00431353,2232018.0,250,2018,23,2
C00431353,2022018.0,15,2018,02,2
C00431353,2032018.0,25,2018,03,2
C00431353,2122018.0,35,2018,12,2
C00431353,2062018.0,100,2018,06,2
C00431353,2192018.0,100,2018,19,2
C00431353,2192018.0,250,2018,19,2
C00431353,2122018.0,250,2018,12,2
C00431353,2022018.0,100,2018,02,2
C00431353,2122018.0,250,2018,12,2
C00431353,2192018.0,50,2018,19,2
C00431353,2022018.0,250,2018,02,2
C00431353,2022018.0,100,2018,02,2
C00431353,2252018.0,100,2018,25,2
C00431353,2122018.0,50,2018,12,2
C00431353,2142018.0,50,2018,14,2
C00431353,2172018.0,25,2018,17,2
C00431353,2022018.0,35,2018,02,2
C00431353,2112018.0,250,2018,11,2
C00431353,2272018.0,100,2018,27,2
C00431353,2122018.0,250,2018,12,2
C00431353,2022018.0,50,2018,02,2
C00431353,2122018.0,300,2018,12,2
C00431353,2022018.0,1000,2018,02,2
C00431353,2192018.0,250,2018,19,2
C00431353,2022018.0,25,2018,02,2
C00431353,2122018.0,15,2018,12,2
C00431353,2122018.0,50,2018,12,2
C00431353,2022018.0,25,2018,02,2
C00431353,2282018.0,100,2018,28,2
C00431353,2242018.0,100,2018,24,2
C00431353,2042018.0,100,2018,04,2
C00431353,2192018.0,100,2018,19,2
C00431353,2192018.0,50,2018,19,2
C00431353,2282018.0,25,2018,28,2
C00431353,2032018.0,100,2018,03,2
C00431353,2282018.0,50,2018,28,2
C00431353,2122018.0,50,2018,12,2
C00431353,2122018.0,100,2018,12,2
C00431353,2022018.0,1000,2018,02,2
C00431353,2022018.0,50,2018,02,2
C00431353,2022018.0,2450,2018,02,2
C00431353,2122018.0,100,2018,12,2
C00431353,2122018.0,250,2018,12,2
C00431353,2022018.0,100,2018,02,2
C00431353,2022018.0,100,2018,02,2
C00431353,2022018.0,200,2018,02,2
C00431353,2122018.0,5,2018,12,2
C00431353,2142018.0,250,2018,14,2
C00431353,2022018.0,500,2018,02,2
C00431353,2122018.0,35,2018,12,2
C00431353,2122018.0,50,2018,12,2
C00431353,2122018.0,50,2018,12,2
C00431353,2052018.0,25,2018,05,2
C00431353,2022018.0,100,2018,02,2
C00431353,2122018.0,250,2018,12,2
C00431353,2022018.0,1500,2018,02,2
C00431353,2022018.0,100,2018,02,2
C00431353,2042018.0,250,2018,04,2
C00431353,2122018.0,50,2018,12,2
C00431353,2142018.0,50,2018,14,2
C00431353,2122018.0,100,2018,12,2
C00431353,2182018.0,5,2018,18,2
C00431353,2022018.0,250,2018,02,2
C00431353,2022018.0,50,2018,02,2
C00431353,2272018.0,20,2018,27,2
C00431353,2162018.0,50,2018,16,2
C00431353,2182018.0,50,2018,18,2
C00431353,2022018.0,100,2018,02,2
C00431353,2122018.0,50,2018,12,2
C00431353,2122018.0,100,2018,12,2
C00431353,2122018.0,100,2018,12,2
C00431353,2202018.0,100,2018,20,2
C00431353,2122018.0,50,2018,12,2
C00431353,2022018.0,100,2018,02,2
C00431353,2022018.0,500,2018,02,2
C00431353,2022018.0,50,2018,02,2
C00431353,2142018.0,35,2018,14,2
C00431353,2142018.0,35,2018,14,2
C00431353,2192018.0,100,2018,19,2
C00431353,2022018.0,100,2018,02,2
C00431353,2122018.0,20,2018,12,2
C00431353,2252018.0,1000,2018,25,2
C00431353,2122018.0,200,2018,12,2
C00431353,2012018.0,50,2018,01,2
C00431353,2122018.0,100,2018,12,2
C00431353,2032018.0,1000,2018,03,2
C00431353,2032018.0,1000,2018,03,2
C00431353,2012018.0,50,2018,01,2
C00431353,2192018.0,50,2018,19,2
C00431353,2022018.0,100,2018,02,2
C00431353,2032018.0,25,2018,03,2
C00431353,2122018.0,5,2018,12,2
C00431353,2212018.0,500,2018,21,2
C00431353,2152018.0,100,2018,15,2
C00431353,2192018.0,100,2018,19,2
C00431353,2022018.0,100,2018,02,2
C00431353,2022018.0,100,2018,02,2
C00431353,2122018.0,250,2018,12,2
C00431353,2022018.0,50,2018,02,2
C00431353,2122018.0,200,2018,12,2
C00431353,2022018.0,500,2018,02,2
C00431353,2122018.0,50,2018,12,2
C00431353,2122018.0,300,2018,12,2
C00431353,2122018.0,50,2018,12,2
C00431353,2042018.0,100,2018,04,2
C00431353,2022018.0,100,2018,02,2
C00431353,2212018.0,25,2018,21,2
C00431353,2022018.0,50,2018,02,2
C00431353,2192018.0,300,2018,19,2
C00431353,2282018.0,500,2018,28,2
C00431353,2282018.0,500,2018,28,2
C00431353,2022018.0,50,2018,02,2
C00431353,2192018.0,35,2018,19,2
C00431353,2212018.0,250,2018,21,2
C00431353,2262018.0,100,2018,26,2
C00431353,2282018.0,15,2018,28,2
C00431353,2282018.0,15,2018,28,2
C00431353,2022018.0,2700,2018,02,2
C00431353,2122018.0,200,2018,12,2
C00431353,2142018.0,100,2018,14,2
C00431353,2282018.0,25,2018,28,2
C00431353,2242018.0,100,2018,24,2
C00431353,2252018.0,250,2018,25,2
C00431353,2022018.0,25,2018,02,2
C00431353,2052018.0,30,2018,05,2
C00431353,2122018.0,75,2018,12,2
C00431353,2142018.0,50,2018,14,2
C00431353,2122018.0,35,2018,12,2
C00431353,2282018.0,25,2018,28,2
C00431353,2282018.0,25,2018,28,2
C00431353,2272018.0,50,2018,27,2
C00431353,2192018.0,50,2018,19,2
C00431353,2122018.0,150,2018,12,2
C00431353,2042018.0,250,2018,04,2
C00431353,2022018.0,20,2018,02,2
C00431353,2192018.0,250,2018,19,2
C00431353,2032018.0,17,2018,03,2
C00431353,2192018.0,35,2018,19,2
C00431353,2122018.0,100,2018,12,2
C00431353,2022018.0,100,2018,02,2
C00431353,2142018.0,500,2018,14,2
C00431353,2192018.0,50,2018,19,2
C00431353,2122018.0,75,2018,12,2
C00431353,2022018.0,250,2018,02,2
C00431353,2192018.0,100,2018,19,2
C00431353,2022018.0,50,2018,02,2
C00431353,2022018.0,35,2018,02,2
C00431353,2122018.0,50,2018,12,2
C00431353,2182018.0,250,2018,18,2
C00431353,2252018.0,350,2018,25,2
C00431353,2252018.0,150,2018,25,2
C00431353,2142018.0,100,2018,14,2
C00431353,2192018.0,500,2018,19,2
C00431353,2022018.0,100,2018,02,2
C00431353,2122018.0,100,2018,12,2
C00431353,2122018.0,50,2018,12,2
C00431353,2052018.0,25,2018,05,2
C00431353,2282018.0,25,2018,28,2
C00431353,2272018.0,500,2018,27,2
C00431353,2122018.0,50,2018,12,2
C00431353,2122018.0,50,2018,12,2
C00431353,2122018.0,50,2018,12,2
C00431353,2142018.0,25,2018,14,2
C00431353,2282018.0,15,2018,28,2
C00431353,2222018.0,25,2018,22,2
C00431353,2212018.0,25,2018,21,2
C00431353,2042018.0,200,2018,04,2
C00431353,2022018.0,100,2018,02,2
C00431353,2022018.0,2400,2018,02,2
C00431353,2022018.0,50,2018,02,2
C00431353,2022018.0,250,2018,02,2
C00431353,2122018.0,250,2018,12,2
C00431353,2122018.0,35,2018,12,2
C00431353,2122018.0,100,2018,12,2
C00431353,2012018.0,100,2018,01,2
C00431353,2022018.0,100,2018,02,2
C00431353,2122018.0,50,2018,12,2
C00431353,2022018.0,20,2018,02,2
C00431353,2022018.0,50,2018,02,2
C00431353,2022018.0,35,2018,02,2
C00431353,2212018.0,35,2018,21,2
C00431353,2142018.0,50,2018,14,2
C00431353,2122018.0,100,2018,12,2
C00431353,2232018.0,5,2018,23,2
C00431353,2142018.0,35,2018,14,2
C00431353,2022018.0,35,2018,02,2
C00431353,2192018.0,250,2018,19,2
C00431353,2022018.0,5,2018,02,2
C00431353,2022018.0,50,2018,02,2
C00431353,2122018.0,50,2018,12,2
C00431353,2272018.0,100,2018,27,2
C00431353,2232018.0,25,2018,23,2
C00431353,2122018.0,50,2018,12,2
C00431353,2022018.0,50,2018,02,2
C00431353,2062018.0,20,2018,06,2
C00431353,2172018.0,1000,2018,17,2
C00431353,2212018.0,12,2018,21,2
C00431353,2282018.0,25,2018,28,2
C00431353,2052018.0,25,2018,05,2
C00431353,2062018.0,1000,2018,06,2
C00431353,2022018.0,25,2018,02,2
C00431353,2022018.0,30,2018,02,2
C00431353,2072018.0,25,2018,07,2
C00431353,2122018.0,50,2018,12,2
C00431353,2122018.0,500,2018,12,2
C00431353,2192018.0,100,2018,19,2
C00431353,2022018.0,50,2018,02,2
C00431353,2122018.0,50,2018,12,2
C00431353,2272018.0,200,2018,27,2
C00431353,2122018.0,35,2018,12,2
C00431353,2122018.0,150,2018,12,2
C00431353,2022018.0,100,2018,02,2
C00431353,2022018.0,50,2018,02,2
C00431353,2022018.0,300,2018,02,2
C00431353,2122018.0,200,2018,12,2
C00431353,2022018.0,50,2018,02,2
C00431353,2022018.0,100,2018,02,2
C00431353,2192018.0,700,2018,19,2
C00431353,2062018.0,25,2018,06,2
C00431353,2122018.0,10,2018,12,2
C00431353,2282018.0,25,2018,28,2
C00431353,2192018.0,250,2018,19,2
C00431353,2122018.0,50,2018,12,2
C00431353,2122018.0,250,2018,12,2
C00431353,2162018.0,500,2018,16,2
C00431353,2282018.0,25,2018,28,2
C00431353,2122018.0,50,2018,12,2
C00431353,2042018.0,100,2018,04,2
C00431353,2192018.0,25,2018,19,2
C00431353,2122018.0,50,2018,12,2
C00431353,2192018.0,50,2018,19,2
C00431353,2172018.0,25,2018,17,2
C00431353,2022018.0,100,2018,02,2
C00431353,2122018.0,500,2018,12,2
C00431353,2022018.0,500,2018,02,2
C00431353,2122018.0,200,2018,12,2
C00431353,2142018.0,250,2018,14,2
C00431353,2022018.0,250,2018,02,2
C00431353,2122018.0,100,2018,12,2
C00431353,2032018.0,50,2018,03,2
C00431353,2122018.0,50,2018,12,2
C00431353,2192018.0,2700,2018,19,2
C00431353,2022018.0,50,2018,02,2
C00431353,2122018.0,250,2018,12,2
C00431353,2122018.0,50,2018,12,2
C00431353,2032018.0,5,2018,03,2
C00431353,2282018.0,5,2018,28,2
C00431353,2242018.0,25,2018,24,2
C00431353,2112018.0,250,2018,11,2
C00431353,2122018.0,2700,2018,12,2
C00431353,2172018.0,25,2018,17,2
C00431353,2212018.0,15,2018,21,2
C00431353,2022018.0,50,2018,02,2
C00431353,2052018.0,25,2018,05,2
C00431353,2192018.0,5,2018,19,2
C00431353,2052018.0,50,2018,05,2
C00431353,2192018.0,100,2018,19,2
C00431353,2122018.0,40,2018,12,2
C00431353,2122018.0,25,2018,12,2
C00431353,2192018.0,100,2018,19,2
C00431353,2052018.0,25,2018,05,2
C00431353,2272018.0,10,2018,27,2
C00431353,2172018.0,25,2018,17,2
C00431353,2052018.0,35,2018,05,2
C00431353,2052018.0,25,2018,05,2
C00431353,2212018.0,25,2018,21,2
C00431353,2122018.0,35,2018,12,2
C00431353,2022018.0,50,2018,02,2
C00431353,2282018.0,25,2018,28,2
C00431353,2192018.0,100,2018,19,2
C00431353,2122018.0,100,2018,12,2
C00431353,2152018.0,100,2018,15,2
C00431353,2122018.0,50,2018,12,2
C00431353,2122018.0,200,2018,12,2
C00431353,2022018.0,100,2018,02,2
C00431353,2022018.0,25,2018,02,2
C00431353,2022018.0,100,2018,02,2
C00431353,2172018.0,20,2018,17,2
C00431353,2192018.0,5,2018,19,2
C00431353,2192018.0,50,2018,19,2
C00431353,2242018.0,250,2018,24,2
C00431353,2202018.0,5,2018,20,2
C00431353,2042018.0,50,2018,04,2
C00431353,2022018.0,50,2018,02,2
C00431353,2192018.0,50,2018,19,2
C00431353,2272018.0,250,2018,27,2
C00431353,2192018.0,200,2018,19,2
C00431353,2192018.0,500,2018,19,2
C00431353,2062018.0,1450,2018,06,2
C00431353,2122018.0,35,2018,12,2
C00431353,2192018.0,5,2018,19,2
C00431353,2122018.0,50,2018,12,2
C00431353,2042018.0,100,2018,04,2
C00431353,2072018.0,100,2018,07,2
C00431353,2262018.0,50,2018,26,2
C00431353,2192018.0,100,2018,19,2
C00431353,2192018.0,250,2018,19,2
C00431353,2122018.0,75,2018,12,2
C00431353,2022018.0,100,2018,02,2
C00431353,2022018.0,35,2018,02,2
C00431353,2122018.0,250,2018,12,2
C00431353,2022018.0,50,2018,02,2
C00431353,2282018.0,20,2018,28,2
C00431353,2192018.0,1000,2018,19,2
C00431353,2122018.0,100,2018,12,2
C00431353,2122018.0,250,2018,12,2
C00431353,2122018.0,500,2018,12,2
C00431353,2022018.0,500,2018,02,2
C00431353,2122018.0,250,2018,12,2
C00431353,2192018.0,50,2018,19,2
C00431353,2042018.0,25,2018,04,2
C00431353,2132018.0,25,2018,13,2
C00431353,2122018.0,50,2018,12,2
C00431353,2122018.0,500,2018,12,2
C00431353,2242018.0,300,2018,24,2
C00431353,2122018.0,300,2018,12,2
C00431353,2122018.0,50,2018,12,2
C00431353,2022018.0,100,2018,02,2
C00431353,2022018.0,500,2018,02,2
C00431353,2122018.0,100,2018,12,2
C00431353,2122018.0,250,2018,12,2
C00431353,2262018.0,1700,2018,26,2
C00431353,2262018.0,800,2018,26,2
C00431353,2122018.0,50,2018,12,2
C00431353,2022018.0,50,2018,02,2
C00431353,2192018.0,10,2018,19,2
C00431353,2172018.0,25,2018,17,2
C00431353,2022018.0,100,2018,02,2
C00431353,2122018.0,35,2018,12,2
C00431353,2102018.0,35,2018,10,2
C00431353,2262018.0,300,2018,26,2
C00431353,2122018.0,100,2018,12,2
C00431353,2282018.0,25,2018,28,2
C00431353,2282018.0,50,2018,28,2
C00431353,2022018.0,50,2018,02,2
C00431353,2122018.0,2000,2018,12,2
C00431353,2022018.0,100,2018,02,2
C00431353,2162018.0,1000,2018,16,2
C00431353,2122018.0,50,2018,12,2
C00431353,2192018.0,100,2018,19,2
C00431353,2022018.0,50,2018,02,2
C00431353,2102018.0,25,2018,10,2
C00431353,2192018.0,100,2018,19,2
C00431353,2282018.0,25,2018,28,2
C00431353,2192018.0,950,2018,19,2
C00431353,2142018.0,500,2018,14,2
C00431353,2142018.0,50,2018,14,2
C00431353,2022018.0,100,2018,02,2
C00431353,2122018.0,75,2018,12,2
C00431353,2192018.0,100,2018,19,2
C00431353,2022018.0,50,2018,02,2
C00431353,2012018.0,10,2018,01,2
C00431353,2012018.0,10,2018,01,2
C00431353,2182018.0,10,2018,18,2
C00431353,2222018.0,25,2018,22,2
C00431353,2252018.0,20,2018,25,2
C00431353,2192018.0,100,2018,19,2
C00431353,2022018.0,25,2018,02,2
C00431353,2282018.0,100,2018,28,2
C00431353,2122018.0,20,2018,12,2
C00431353,2022018.0,35,2018,02,2
C00431353,2192018.0,50,2018,19,2
C00431353,2022018.0,250,2018,02,2
C00431353,2022018.0,50,2018,02,2
C00431353,2012018.0,25,2018,01,2
C00431353,2042018.0,100,2018,04,2
C00431353,2062018.0,500,2018,06,2
C00431353,2202018.0,1000,2018,20,2
C00431353,2112018.0,5,2018,11,2
C00431353,2112018.0,5,2018,11,2
C00431353,2122018.0,50,2018,12,2
C00431353,2042018.0,50,2018,04,2
C00431353,2192018.0,50,2018,19,2
C00431353,2192018.0,40,2018,19,2
C00431353,2022018.0,50,2018,02,2
C00431353,2262018.0,10,2018,26,2
C00431353,2052018.0,25,2018,05,2
C00431353,2152018.0,1000,2018,15,2
C00431353,2202018.0,1000,2018,20,2
C00431353,2122018.0,100,2018,12,2
C00431353,2192018.0,35,2018,19,2
C00431353,2122018.0,100,2018,12,2
C00431353,2192018.0,50,2018,19,2
C00431353,2022018.0,35,2018,02,2
C00431353,2022018.0,100,2018,02,2
C00431353,2022018.0,35,2018,02,2
C00431353,2122018.0,40,2018,12,2
C00431353,2042018.0,25,2018,04,2
C00431353,2122018.0,35,2018,12,2
C00431353,2122018.0,199,2018,12,2
C00431353,2122018.0,100,2018,12,2
C00431353,2022018.0,100,2018,02,2
C00431353,2192018.0,150,2018,19,2
C00431353,2282018.0,25,2018,28,2
C00431353,2282018.0,25,2018,28,2
C00431353,2282018.0,15,2018,28,2
C00431353,2282018.0,15,2018,28,2
C00431353,2282018.0,50,2018,28,2
C00637207,2022018.0,20,2018,02,2
C00637207,2162018.0,20,2018,16,2
C00637207,2182018.0,1000,2018,18,2
C00637207,2082018.0,100,2018,08,2
C00637207,2182018.0,1000,2018,18,2
C00637207,2052018.0,100,2018,05,2
C00637207,2182018.0,500,2018,18,2
C00637207,2282018.0,2700,2018,28,2
C00637207,2162018.0,50,2018,16,2
C00637207,2162018.0,100,2018,16,2
C00637207,2092018.0,200,2018,09,2
C00637207,2282018.0,200,2018,28,2
C00637207,2242018.0,1000,2018,24,2
C00637207,2102018.0,10,2018,10,2
C00637207,2202018.0,250,2018,20,2
C00637207,2172018.0,1000,2018,17,2
C00637207,2232018.0,900,2018,23,2
C00637207,2122018.0,2700,2018,12,2
C00637207,2082018.0,100,2018,08,2
C00637207,2202018.0,100,2018,20,2
C00637207,2122018.0,2700,2018,12,2
C00637207,2082018.0,100,2018,08,2
C00637207,2182018.0,1000,2018,18,2
C00637207,2202018.0,250,2018,20,2
C00637207,2172018.0,100,2018,17,2
C00637207,2162018.0,100,2018,16,2
C00637207,2182018.0,1000,2018,18,2
C00637207,2092018.0,200,2018,09,2
C00637207,2282018.0,200,2018,28,2
C00637207,2242018.0,1000,2018,24,2
C00637207,2102018.0,10,2018,10,2
C00637207,2052018.0,100,2018,05,2
C00637207,2162018.0,50,2018,16,2
C00637207,2232018.0,900,2018,23,2
C00637207,2122018.0,2700,2018,12,2
C00637207,2122018.0,2700,2018,12,2
C00637207,2082018.0,100,2018,08,2
C00637207,2022018.0,20,2018,02,2
C00637207,2162018.0,20,2018,16,2
C00637207,2182018.0,500,2018,18,2
C00637207,2282018.0,2700,2018,28,2
C00637207,2202018.0,100,2018,20,2
C00495358,2162018.0,250,2018,16,2
C00495358,2272018.0,50,2018,27,2
C00495358,2272018.0,250,2018,27,2
C00495358,2272018.0,200,2018,27,2
C00495358,2052018.0,25,2018,05,2
C00495358,2082018.0,25,2018,08,2
C00495358,2052018.0,50,2018,05,2
C00495358,2232018.0,100,2018,23,2
C00495358,2282018.0,5,2018,28,2
C00495358,2272018.0,25,2018,27,2
C00495358,2142018.0,2700,2018,14,2
C00495358,2262018.0,25,2018,26,2
C00495358,2142018.0,250,2018,14,2
C00495358,2132018.0,500,2018,13,2
C00495358,2262018.0,60,2018,26,2
C00495358,2242018.0,50,2018,24,2
C00495358,2212018.0,15,2018,21,2
C00495358,2282018.0,25,2018,28,2
C00495358,2252018.0,100,2018,25,2
C00495358,2072018.0,500,2018,07,2
C00495358,2072018.0,500,2018,07,2
C00495358,2142018.0,250,2018,14,2
C00495358,2272018.0,200,2018,27,2
C00495358,2272018.0,50,2018,27,2
C00495358,2272018.0,100,2018,27,2
C00495358,2202018.0,500,2018,20,2
C00495358,2282018.0,250,2018,28,2
C00495358,2282018.0,100,2018,28,2
C00495358,2282018.0,250,2018,28,2
C00495358,2262018.0,1000,2018,26,2
C00495358,2282018.0,500,2018,28,2
C00495358,2282018.0,25,2018,28,2
C00495358,2282018.0,10,2018,28,2
C00495358,2282018.0,50,2018,28,2
C00495358,2272018.0,25,2018,27,2
C00495358,2282018.0,6,2018,28,2
C00495358,2252018.0,100,2018,25,2
C00495358,2032018.0,50,2018,03,2
C00495358,2012018.0,25,2018,01,2
C00495358,2022018.0,1000,2018,02,2
C00495358,2262018.0,1000,2018,26,2
C00495358,2262018.0,1000,2018,26,2
C00495358,2222018.0,50,2018,22,2
C00495358,2272018.0,250,2018,27,2
C00495358,2252018.0,25,2018,25,2
C00495358,2282018.0,100,2018,28,2
C00495358,2282018.0,25,2018,28,2
C00495358,2272018.0,100,2018,27,2
C00495358,2282018.0,6,2018,28,2
C00495358,2262018.0,25,2018,26,2
C00495358,2232018.0,500,2018,23,2
C00495358,2152018.0,2700,2018,15,2
C00495358,2172018.0,25,2018,17,2
C00495358,2162018.0,25,2018,16,2
C00495358,2182018.0,6,2018,18,2
C00495358,2182018.0,700,2018,18,2
C00495358,2232018.0,1000,2018,23,2
C00495358,2222018.0,100,2018,22,2
C00495358,2262018.0,25,2018,26,2
C00495358,2272018.0,25,2018,27,2
C00495358,2242018.0,300,2018,24,2
C00495358,2022018.0,25,2018,02,2
C00495358,2112018.0,25,2018,11,2
C00495358,2142018.0,100,2018,14,2
C00495358,2132018.0,100,2018,13,2
C00495358,2232018.0,25,2018,23,2
C00495358,2202018.0,25,2018,20,2
C00495358,2252018.0,15,2018,25,2
C00495358,2282018.0,100,2018,28,2
C00495358,2282018.0,100,2018,28,2
C00495358,2272018.0,25,2018,27,2
C00495358,2282018.0,25,2018,28,2
C00495358,2282018.0,25,2018,28,2
C00495358,2142018.0,50,2018,14,2
C00495358,2162018.0,100,2018,16,2
C00495358,2242018.0,6,2018,24,2
C00495358,2222018.0,25,2018,22,2
C00495358,2272018.0,50,2018,27,2
C00495358,2152018.0,25,2018,15,2
C00495358,2282018.0,1000,2018,28,2
C00495358,2282018.0,50,2018,28,2
C00495358,2282018.0,250,2018,28,2
C00495358,2262018.0,500,2018,26,2
C00495358,2222018.0,100,2018,22,2
C00495358,2222018.0,100,2018,22,2
C00495358,2222018.0,50,2018,22,2
C00495358,2162018.0,50,2018,16,2
C00495358,2262018.0,25,2018,26,2
C00495358,2282018.0,25,2018,28,2
C00495358,2152018.0,2700,2018,15,2
C00495358,2272018.0,300,2018,27,2
C00495358,2272018.0,250,2018,27,2
C00495358,2272018.0,250,2018,27,2
C00495358,2272018.0,150,2018,27,2
C00495358,2272018.0,100,2018,27,2
C00495358,2272018.0,100,2018,27,2
C00495358,2202018.0,1000,2018,20,2
C00495358,2272018.0,25,2018,27,2
C00495358,2282018.0,10,2018,28,2
C00495358,2212018.0,25,2018,21,2
C00495358,2162018.0,100,2018,16,2
C00495358,2282018.0,25,2018,28,2
C00495358,2282018.0,6,2018,28,2
C00495358,2282018.0,50,2018,28,2
C00495358,2282018.0,4,2018,28,2
C00495358,2282018.0,25,2018,28,2
C00495358,2262018.0,25,2018,26,2
C00495358,2282018.0,10,2018,28,2
C00495358,2222018.0,6,2018,22,2
C00495358,2252018.0,50,2018,25,2
C00495358,2282018.0,25,2018,28,2
C00495358,2282018.0,6,2018,28,2
C00495358,2272018.0,1000,2018,27,2
C00495358,2282018.0,10,2018,28,2
C00495358,2212018.0,50,2018,21,2
C00495358,2122018.0,25,2018,12,2
C00495358,2052018.0,25,2018,05,2
C00495358,2052018.0,100,2018,05,2
C00495358,2062018.0,500,2018,06,2
C00495358,2272018.0,25,2018,27,2
C00495358,2252018.0,6,2018,25,2
C00495358,2252018.0,100,2018,25,2
C00495358,2252018.0,10,2018,25,2
C00495358,2272018.0,5,2018,27,2
C00495358,2272018.0,50,2018,27,2
C00495358,2282018.0,25,2018,28,2
C00495358,2282018.0,25,2018,28,2
C00495358,2222018.0,100,2018,22,2
C00495358,2222018.0,200,2018,22,2
C00495358,2272018.0,50,2018,27,2
C00495358,2282018.0,200,2018,28,2
C00495358,2232018.0,25,2018,23,2
C00495358,2282018.0,6,2018,28,2
C00495358,2082018.0,2700,2018,08,2
C00495358,2062018.0,25,2018,06,2
C00495358,2272018.0,700,2018,27,2
C00495358,2272018.0,700,2018,27,2
C00495358,2272018.0,50,2018,27,2
C00495358,2272018.0,2700,2018,27,2
C00495358,2032018.0,25,2018,03,2
C00495358,2012018.0,50,2018,01,2
C00495358,2012018.0,25,2018,01,2
C00495358,2282018.0,100,2018,28,2
C00495358,2272018.0,250,2018,27,2
C00495358,2272018.0,2700,2018,27,2
C00495358,2282018.0,250,2018,28,2
C00495358,2282018.0,100,2018,28,2
C00495358,2282018.0,200,2018,28,2
C00495358,2282018.0,100,2018,28,2
C00495358,2272018.0,150,2018,27,2
C00495358,2262018.0,1000,2018,26,2
C00495358,2232018.0,300,2018,23,2
C00495358,2222018.0,100,2018,22,2
C00495358,2282018.0,25,2018,28,2
C00495358,2262018.0,6,2018,26,2
C00495358,2282018.0,5,2018,28,2
C00495358,2022018.0,100,2018,02,2
C00495358,2272018.0,5,2018,27,2
C00495358,2282018.0,25,2018,28,2
C00495358,2272018.0,25,2018,27,2
C00495358,2282018.0,10,2018,28,2
C00495358,2232018.0,25,2018,23,2
C00495358,2282018.0,200,2018,28,2
C00495358,2072018.0,250,2018,07,2
C00495358,2072018.0,1000,2018,07,2
C00495358,2072018.0,250,2018,07,2
C00495358,2142018.0,15,2018,14,2
C00495358,2122018.0,25,2018,12,2
C00495358,2222018.0,250,2018,22,2
C00495358,2222018.0,100,2018,22,2
C00495358,2232018.0,500,2018,23,2
C00495358,2232018.0,100,2018,23,2
C00495358,2232018.0,100,2018,23,2
C00495358,2232018.0,100,2018,23,2
C00495358,2232018.0,100,2018,23,2
C00495358,2232018.0,100,2018,23,2
C00495358,2012018.0,10,2018,01,2
C00495358,2242018.0,2700,2018,24,2
C00495358,2272018.0,100,2018,27,2
C00495358,2282018.0,10,2018,28,2
C00495358,2262018.0,25,2018,26,2
C00495358,2282018.0,100,2018,28,2
C00495358,2202018.0,1000,2018,20,2
C00495358,2282018.0,250,2018,28,2
C00495358,2262018.0,2700,2018,26,2
C00495358,2262018.0,2700,2018,26,2
C00495358,2222018.0,100,2018,22,2
C00495358,2222018.0,200,2018,22,2
C00495358,2022018.0,5,2018,02,2
C00495358,2012018.0,50,2018,01,2
C00495358,2282018.0,10,2018,28,2
C00495358,2252018.0,50,2018,25,2
C00495358,2192018.0,15,2018,19,2
C00495358,2282018.0,25,2018,28,2
C00495358,2222018.0,50,2018,22,2
C00495358,2282018.0,6,2018,28,2
C00495358,2232018.0,100,2018,23,2
C00495358,2212018.0,50,2018,21,2
C00495358,2282018.0,25,2018,28,2
C00495358,2282018.0,25,2018,28,2
C00495358,2282018.0,100,2018,28,2
C00495358,2072018.0,2700,2018,07,2
C00495358,2072018.0,2700,2018,07,2
C00495358,2072018.0,500,2018,07,2
C00495358,2072018.0,250,2018,07,2
C00495358,2282018.0,10,2018,28,2
C00495358,2282018.0,18,2018,28,2
C00495358,2072018.0,50,2018,07,2
C00495358,2052018.0,50,2018,05,2
C00495358,2192018.0,1000,2018,19,2
C00495358,2282018.0,6,2018,28,2
C00495358,2222018.0,50,2018,22,2
C00495358,2222018.0,100,2018,22,2
C00495358,2222018.0,1000,2018,22,2
C00495358,2222018.0,1500,2018,22,2
C00495358,2222018.0,50,2018,22,2
C00495358,2222018.0,50,2018,22,2
C00495358,2022018.0,12,2018,02,2
C00495358,2282018.0,25,2018,28,2
C00495358,2282018.0,100,2018,28,2
C00495358,2282018.0,5,2018,28,2
C00495358,2222018.0,50,2018,22,2
C00495358,2222018.0,100,2018,22,2
C00495358,2222018.0,100,2018,22,2
C00495358,2222018.0,250,2018,22,2
C00495358,2282018.0,25,2018,28,2
C00495358,2062018.0,500,2018,06,2
C00495358,2052018.0,50,2018,05,2
C00495358,2072018.0,25,2018,07,2
C00495358,2082018.0,10,2018,08,2
C00495358,2082018.0,25,2018,08,2
C00495358,2272018.0,25,2018,27,2
C00495358,2222018.0,100,2018,22,2
C00495358,2222018.0,150,2018,22,2
C00495358,2212018.0,6,2018,21,2
C00495358,2282018.0,100,2018,28,2
C00495358,2232018.0,100,2018,23,2
C00495358,2272018.0,10,2018,27,2
C00495358,2022018.0,100,2018,02,2
C00495358,2072018.0,1000,2018,07,2
C00495358,2212018.0,100,2018,21,2
C00495358,2222018.0,500,2018,22,2
C00495358,2122018.0,2700,2018,12,2
C00495358,2142018.0,100,2018,14,2
C00495358,2152018.0,50,2018,15,2
C00495358,2272018.0,50,2018,27,2
C00495358,2092018.0,25,2018,09,2
C00495358,2092018.0,100,2018,09,2
C00495358,2052018.0,50,2018,05,2
C00495358,2092018.0,500,2018,09,2
C00495358,2252018.0,25,2018,25,2
C00495358,2212018.0,25,2018,21,2
C00495358,2282018.0,10,2018,28,2
C00495358,2282018.0,50,2018,28,2
C00495358,2282018.0,25,2018,28,2
C00495358,2282018.0,50,2018,28,2
C00495358,2282018.0,25,2018,28,2
C00495358,2272018.0,100,2018,27,2
C00495358,2142018.0,100,2018,14,2
C00495358,2232018.0,100,2018,23,2
C00495358,2222018.0,100,2018,22,2
C00495358,2272018.0,750,2018,27,2
C00495358,2022018.0,6,2018,02,2
C00495358,2052018.0,100,2018,05,2
C00495358,2062018.0,500,2018,06,2
C00495358,2012018.0,10,2018,01,2
C00495358,2172018.0,20,2018,17,2
C00495358,2172018.0,25,2018,17,2
C00495358,2152018.0,25,2018,15,2
C00495358,2052018.0,100,2018,05,2
C00495358,2052018.0,15,2018,05,2
C00495358,2092018.0,2700,2018,09,2
C00495358,2092018.0,100,2018,09,2
C00495358,2082018.0,100,2018,08,2
C00495358,2012018.0,25,2018,01,2
C00495358,2282018.0,25,2018,28,2
C00495358,2272018.0,100,2018,27,2
C00495358,2282018.0,25,2018,28,2
C00495358,2282018.0,6,2018,28,2
C00495358,2282018.0,6,2018,28,2
C00495358,2282018.0,6,2018,28,2
C00495358,2222018.0,250,2018,22,2
C00495358,2222018.0,200,2018,22,2
C00495358,2272018.0,100,2018,27,2
C00495358,2272018.0,50,2018,27,2
C00495358,2272018.0,100,2018,27,2
C00495358,2202018.0,500,2018,20,2
C00495358,2202018.0,500,2018,20,2
C00495358,2282018.0,50,2018,28,2
C00495358,2282018.0,250,2018,28,2
C00495358,2112018.0,25,2018,11,2
C00495358,2282018.0,10,2018,28,2
C00495358,2022018.0,1000,2018,02,2
C00495358,2042018.0,2700,2018,04,2
C00495358,2222018.0,100,2018,22,2
C00495358,2222018.0,100,2018,22,2
C00495358,2222018.0,200,2018,22,2
C00495358,2232018.0,250,2018,23,2
C00495358,2232018.0,250,2018,23,2
C00495358,2232018.0,100,2018,23,2
C00495358,2232018.0,50,2018,23,2
C00495358,2232018.0,250,2018,23,2
C00495358,2232018.0,150,2018,23,2
C00495358,2232018.0,50,2018,23,2
C00495358,2232018.0,250,2018,23,2
C00495358,2222018.0,25,2018,22,2
C00495358,2052018.0,25,2018,05,2
C00495358,2012018.0,500,2018,01,2
C00495358,2042018.0,500,2018,04,2
C00495358,2072018.0,25,2018,07,2
C00495358,2082018.0,50,2018,08,2
C00495358,2212018.0,10,2018,21,2
C00495358,2232018.0,200,2018,23,2
C00495358,2262018.0,2700,2018,26,2
C00495358,2232018.0,500,2018,23,2
C00495358,2232018.0,250,2018,23,2
C00495358,2042018.0,25,2018,04,2
C00495358,2232018.0,200,2018,23,2
C00495358,2232018.0,1000,2018,23,2
C00495358,2232018.0,200,2018,23,2
C00495358,2232018.0,100,2018,23,2
C00495358,2232018.0,200,2018,23,2
C00495358,2282018.0,25,2018,28,2
C00495358,2282018.0,5,2018,28,2
C00495358,2282018.0,15,2018,28,2
C00495358,2212018.0,25,2018,21,2
C00495358,2222018.0,25,2018,22,2
C00495358,2282018.0,6,2018,28,2
C00495358,2102018.0,100,2018,10,2
C00495358,2052018.0,10,2018,05,2
C00495358,2212018.0,50,2018,21,2
C00495358,2202018.0,6,2018,20,2
C00495358,2242018.0,25,2018,24,2
C00495358,2222018.0,25,2018,22,2
C00495358,2202018.0,5,2018,20,2
C00495358,2222018.0,50,2018,22,2
C00495358,2222018.0,100,2018,22,2
C00495358,2232018.0,25,2018,23,2
C00495358,2232018.0,250,2018,23,2
C00495358,2232018.0,200,2018,23,2
C00495358,2232018.0,25,2018,23,2
C00495358,2232018.0,50,2018,23,2
C00495358,2232018.0,100,2018,23,2
C00495358,2222018.0,500,2018,22,2
C00495358,2222018.0,250,2018,22,2
C00495358,2222018.0,350,2018,22,2
C00495358,2222018.0,100,2018,22,2
C00495358,2222018.0,500,2018,22,2
C00495358,2222018.0,150,2018,22,2
C00495358,2222018.0,50,2018,22,2
C00495358,2222018.0,500,2018,22,2
C00495358,2012018.0,10,2018,01,2
C00495358,2222018.0,50,2018,22,2
C00495358,2272018.0,2700,2018,27,2
C00495358,2272018.0,750,2018,27,2
C00495358,2192018.0,25,2018,19,2
C00495358,2052018.0,100,2018,05,2
C00495358,2272018.0,100,2018,27,2
C00495358,2252018.0,25,2018,25,2
C00495358,2232018.0,250,2018,23,2
C00495358,2222018.0,500,2018,22,2
C00495358,2222018.0,100,2018,22,2
C00495358,2272018.0,50,2018,27,2
C00495358,2272018.0,2700,2018,27,2
C00495358,2212018.0,20,2018,21,2
C00495358,2262018.0,25,2018,26,2
C00495358,2242018.0,25,2018,24,2
C00495358,2252018.0,25,2018,25,2
C00495358,2152018.0,1000,2018,15,2
C00495358,2012018.0,25,2018,01,2
C00495358,2072018.0,300,2018,07,2
C00495358,2062018.0,100,2018,06,2
C00495358,2222018.0,25,2018,22,2
C00495358,2282018.0,25,2018,28,2
C00495358,2232018.0,1000,2018,23,2
C00495358,2212018.0,25,2018,21,2
C00495358,2282018.0,5,2018,28,2
C00495358,2202018.0,50,2018,20,2
C00495358,2272018.0,25,2018,27,2
C00495358,2232018.0,25,2018,23,2
C00495358,2232018.0,50,2018,23,2
C00495358,2212018.0,1000,2018,21,2
C00495358,2122018.0,50,2018,12,2
C00495358,2222018.0,100,2018,22,2
C00495358,2282018.0,15,2018,28,2
C00495358,2232018.0,250,2018,23,2
C00495358,2212018.0,250,2018,21,2
C00495358,2282018.0,10,2018,28,2
C00495358,2102018.0,1500,2018,10,2
C00495358,2152018.0,2700,2018,15,2
C00495358,2272018.0,2700,2018,27,2
C00495358,2272018.0,500,2018,27,2
C00495358,2272018.0,250,2018,27,2
C00495358,2122018.0,10,2018,12,2
C00495358,2272018.0,25,2018,27,2
C00495358,2232018.0,25,2018,23,2
C00495358,2262018.0,50,2018,26,2
C00495358,2262018.0,25,2018,26,2
C00495358,2212018.0,25,2018,21,2
C00495358,2262018.0,25,2018,26,2
C00495358,2052018.0,200,2018,05,2
C00495358,2082018.0,6,2018,08,2
C00495358,2282018.0,6,2018,28,2
C00495358,2282018.0,25,2018,28,2
C00495358,2142018.0,500,2018,14,2
C00495358,2282018.0,100,2018,28,2
C00495358,2062018.0,25,2018,06,2
C00495358,2082018.0,10,2018,08,2
C00495358,2052018.0,500,2018,05,2
C00495358,2022018.0,250,2018,02,2
C00495358,2272018.0,500,2018,27,2
C00495358,2232018.0,250,2018,23,2
C00495358,2222018.0,250,2018,22,2
C00495358,2222018.0,150,2018,22,2
C00495358,2272018.0,250,2018,27,2
C00495358,2272018.0,300,2018,27,2
C00495358,2272018.0,100,2018,27,2
C00495358,2272018.0,100,2018,27,2
C00495358,2272018.0,100,2018,27,2
C00495358,2202018.0,500,2018,20,2
C00495358,2282018.0,1000,2018,28,2
C00495358,2222018.0,50,2018,22,2
C00495358,2012018.0,500,2018,01,2
C00495358,2282018.0,25,2018,28,2
C00495358,2222018.0,25,2018,22,2
C00495358,2272018.0,5,2018,27,2
C00495358,2282018.0,25,2018,28,2
C00495358,2252018.0,25,2018,25,2
C00495358,2062018.0,50,2018,06,2
C00495358,2052018.0,50,2018,05,2
C00495358,2182018.0,300,2018,18,2
C00495358,2212018.0,1000,2018,21,2
C00495358,2282018.0,100,2018,28,2
C00495358,2282018.0,100,2018,28,2
C00495358,2262018.0,2300,2018,26,2
C00495358,2262018.0,800,2018,26,2
C00495358,2232018.0,250,2018,23,2
C00495358,2222018.0,150,2018,22,2
C00495358,2222018.0,250,2018,22,2
C00495358,2222018.0,250,2018,22,2
C00495358,2222018.0,25,2018,22,2
C00495358,2022018.0,10,2018,02,2
C00495358,2052018.0,25,2018,05,2
C00495358,2072018.0,300,2018,07,2
C00495358,2092018.0,250,2018,09,2
C00495358,2012018.0,1000,2018,01,2
C00495358,2192018.0,50,2018,19,2
C00495358,2282018.0,25,2018,28,2
C00495358,2282018.0,25,2018,28,2
C00495358,2282018.0,5,2018,28,2
C00495358,2282018.0,3,2018,28,2
C00495358,2252018.0,5,2018,25,2
C00495358,2282018.0,5,2018,28,2
C00495358,2282018.0,200,2018,28,2
C00495358,2102018.0,1000,2018,10,2
C00495358,2062018.0,25,2018,06,2
C00495358,2182018.0,100,2018,18,2
C00495358,2162018.0,50,2018,16,2
C00495358,2222018.0,250,2018,22,2
C00495358,2222018.0,100,2018,22,2
C00495358,2222018.0,500,2018,22,2
C00495358,2222018.0,300,2018,22,2
C00495358,2222018.0,100,2018,22,2
C00495358,2222018.0,100,2018,22,2
C00495358,2222018.0,100,2018,22,2
C00495358,2222018.0,100,2018,22,2
C00495358,2222018.0,250,2018,22,2
C00495358,2222018.0,250,2018,22,2
C00495358,2262018.0,1000,2018,26,2
C00495358,2262018.0,2700,2018,26,2
C00495358,2232018.0,100,2018,23,2
C00495358,2222018.0,150,2018,22,2
C00495358,2222018.0,250,2018,22,2
C00495358,2222018.0,35,2018,22,2
C00495358,2232018.0,100,2018,23,2
C00495358,2232018.0,250,2018,23,2
C00495358,2232018.0,100,2018,23,2
C00495358,2282018.0,5,2018,28,2
C00495358,2142018.0,500,2018,14,2
C00495358,2142018.0,100,2018,14,2
C00495358,2282018.0,5,2018,28,2
C00495358,2272018.0,25,2018,27,2
C00495358,2282018.0,10,2018,28,2
C00495358,2282018.0,25,2018,28,2
C00495358,2282018.0,10,2018,28,2
C00495358,2232018.0,100,2018,23,2
C00495358,2232018.0,250,2018,23,2
C00495358,2222018.0,50,2018,22,2
C00495358,2222018.0,150,2018,22,2
C00495358,2222018.0,50,2018,22,2
C00495358,2222018.0,25,2018,22,2
C00495358,2272018.0,750,2018,27,2
C00495358,2272018.0,2700,2018,27,2
C00495358,2282018.0,25,2018,28,2
C00495358,2222018.0,50,2018,22,2
C00495358,2222018.0,50,2018,22,2
C00495358,2222018.0,100,2018,22,2
C00495358,2222018.0,250,2018,22,2
C00495358,2222018.0,250,2018,22,2
C00495358,2222018.0,50,2018,22,2
C00495358,2222018.0,100,2018,22,2
C00495358,2222018.0,200,2018,22,2
C00495358,2232018.0,50,2018,23,2
C00495358,2232018.0,250,2018,23,2
C00495358,2232018.0,250,2018,23,2
C00495358,2232018.0,250,2018,23,2
C00495358,2232018.0,100,2018,23,2
C00495358,2062018.0,50,2018,06,2
C00495358,2212018.0,25,2018,21,2
C00495358,2262018.0,500,2018,26,2
C00495358,2282018.0,5,2018,28,2
C00495358,2282018.0,10,2018,28,2
C00495358,2282018.0,20,2018,28,2
C00495358,2172018.0,10,2018,17,2
C00495358,2262018.0,250,2018,26,2
C00495358,2162018.0,25,2018,16,2
C00495358,2142018.0,3,2018,14,2
C00495358,2262018.0,25,2018,26,2
C00495358,2232018.0,250,2018,23,2
C00495358,2282018.0,10,2018,28,2
C00495358,2262018.0,25,2018,26,2
C00495358,2252018.0,25,2018,25,2
C00495358,2282018.0,25,2018,28,2
C00495358,2202018.0,50,2018,20,2
C00495358,2282018.0,25,2018,28,2
C00495358,2232018.0,25,2018,23,2
C00495358,2282018.0,50,2018,28,2
C00495358,2232018.0,150,2018,23,2
C00495358,2232018.0,250,2018,23,2
C00495358,2042018.0,25,2018,04,2
C00495358,2012018.0,100,2018,01,2
C00495358,2032018.0,6,2018,03,2
C00495358,2272018.0,100,2018,27,2
C00495358,2272018.0,750,2018,27,2
C00495358,2272018.0,2700,2018,27,2
C00495358,2252018.0,100,2018,25,2
C00495358,2282018.0,100,2018,28,2
C00495358,2222018.0,3,2018,22,2
C00495358,2222018.0,5,2018,22,2
C00495358,2272018.0,10,2018,27,2
C00495358,2282018.0,25,2018,28,2
C00495358,2282018.0,6,2018,28,2
C00495358,2262018.0,2700,2018,26,2
C00495358,2282018.0,25,2018,28,2
C00495358,2072018.0,1000,2018,07,2
C00495358,2052018.0,50,2018,05,2
C00495358,2052018.0,25,2018,05,2
C00495358,2052018.0,3,2018,05,2
C00495358,2062018.0,2700,2018,06,2
C00495358,2102018.0,25,2018,10,2
C00495358,2272018.0,10,2018,27,2
C00495358,2032018.0,10,2018,03,2
C00495358,2042018.0,3,2018,04,2
C00495358,2202018.0,500,2018,20,2
C00495358,2272018.0,100,2018,27,2
C00495358,2282018.0,6,2018,28,2
C00495358,2072018.0,1700,2018,07,2
C00495358,2072018.0,250,2018,07,2
C00495358,2142018.0,100,2018,14,2
C00495358,2152018.0,2700,2018,15,2
C00495358,2222018.0,25,2018,22,2
C00495358,2222018.0,100,2018,22,2
C00495358,2272018.0,2700,2018,27,2
C00495358,2272018.0,500,2018,27,2
C00495358,2272018.0,200,2018,27,2
C00495358,2272018.0,750,2018,27,2
C00495358,2272018.0,150,2018,27,2
C00495358,2272018.0,40,2018,27,2
C00495358,2022018.0,25,2018,02,2
C00495358,2212018.0,50,2018,21,2
C00495358,2252018.0,18,2018,25,2
C00495358,2232018.0,100,2018,23,2
C00495358,2282018.0,100,2018,28,2
C00495358,2232018.0,25,2018,23,2
C00495358,2222018.0,25,2018,22,2
C00495358,2162018.0,1000,2018,16,2
C00495358,2062018.0,25,2018,06,2
C00495358,2082018.0,500,2018,08,2
C00495358,2282018.0,6,2018,28,2
C00495358,2262018.0,2300,2018,26,2
C00495358,2222018.0,100,2018,22,2
C00495358,2142018.0,500,2018,14,2
C00495358,2222018.0,100,2018,22,2
C00495358,2272018.0,2700,2018,27,2
C00495358,2152018.0,1000,2018,15,2
C00495358,2272018.0,2700,2018,27,2
C00495358,2272018.0,200,2018,27,2
C00495358,2272018.0,250,2018,27,2
C00495358,2272018.0,150,2018,27,2
C00495358,2272018.0,100,2018,27,2
C00495358,2272018.0,100,2018,27,2
C00495358,2062018.0,500,2018,06,2
C00495358,2052018.0,250,2018,05,2
C00495358,2102018.0,15,2018,10,2
C00495358,2102018.0,250,2018,10,2
C00495358,2072018.0,100,2018,07,2
C00495358,2222018.0,150,2018,22,2
C00495358,2222018.0,200,2018,22,2
C00495358,2222018.0,150,2018,22,2
C00495358,2232018.0,50,2018,23,2
C00495358,2232018.0,200,2018,23,2
C00495358,2232018.0,100,2018,23,2
C00495358,2202018.0,5,2018,20,2
C00495358,2232018.0,25,2018,23,2
C00495358,2222018.0,25,2018,22,2
C00495358,2282018.0,100,2018,28,2
C00495358,2232018.0,10,2018,23,2
C00495358,2232018.0,50,2018,23,2
C00495358,2282018.0,50,2018,28,2
C00495358,2212018.0,25,2018,21,2
C00495358,2212018.0,100,2018,21,2
C00495358,2272018.0,100,2018,27,2
C00495358,2172018.0,6,2018,17,2
C00495358,2182018.0,15,2018,18,2
C00495358,2162018.0,6,2018,16,2
C00495358,2232018.0,500,2018,23,2
C00495358,2232018.0,50,2018,23,2
C00495358,2232018.0,50,2018,23,2
C00495358,2232018.0,1000,2018,23,2
C00495358,2232018.0,25,2018,23,2
C00495358,2272018.0,750,2018,27,2
C00495358,2272018.0,2700,2018,27,2
C00495358,2162018.0,25,2018,16,2
C00495358,2282018.0,100,2018,28,2
C00495358,2182018.0,10,2018,18,2
C00495358,2212018.0,25,2018,21,2
C00495358,2202018.0,250,2018,20,2
C00495358,2012018.0,50,2018,01,2
C00495358,2282018.0,25,2018,28,2
C00495358,2282018.0,10,2018,28,2
C00495358,2202018.0,125,2018,20,2
C00495358,2222018.0,250,2018,22,2
C00495358,2142018.0,250,2018,14,2
C00495358,2152018.0,2700,2018,15,2
C00495358,2272018.0,250,2018,27,2
C00495358,2272018.0,500,2018,27,2
C00495358,2272018.0,100,2018,27,2
C00495358,2272018.0,100,2018,27,2
C00495358,2272018.0,100,2018,27,2
C00495358,2212018.0,500,2018,21,2
C00495358,2282018.0,250,2018,28,2
C00495358,2282018.0,250,2018,28,2
C00495358,2222018.0,250,2018,22,2
C00495358,2222018.0,100,2018,22,2
C00495358,2272018.0,750,2018,27,2
C00495358,2272018.0,700,2018,27,2
C00495358,2272018.0,2700,2018,27,2
C00495358,2272018.0,5,2018,27,2
C00495358,2162018.0,100,2018,16,2
C00495358,2282018.0,100,2018,28,2
C00495358,2172018.0,6,2018,17,2
C00495358,2222018.0,250,2018,22,2
C00495358,2282018.0,10,2018,28,2
C00495358,2222018.0,101,2018,22,2
C00495358,2222018.0,150,2018,22,2
C00495358,2222018.0,50,2018,22,2
C00495358,2152018.0,500,2018,15,2
C00495358,2162018.0,25,2018,16,2
C00495358,2262018.0,25,2018,26,2
C00495358,2272018.0,500,2018,27,2
C00495358,2022018.0,100,2018,02,2
C00495358,2222018.0,50,2018,22,2
C00495358,2222018.0,50,2018,22,2
C00495358,2222018.0,250,2018,22,2
C00495358,2222018.0,100,2018,22,2
C00495358,2222018.0,250,2018,22,2
C00495358,2222018.0,100,2018,22,2
C00495358,2222018.0,150,2018,22,2
C00495358,2232018.0,500,2018,23,2
C00495358,2252018.0,25,2018,25,2
C00495358,2282018.0,25,2018,28,2
C00495358,2282018.0,15,2018,28,2
C00495358,2282018.0,25,2018,28,2
C00495358,2282018.0,25,2018,28,2
C00495358,2282018.0,250,2018,28,2
C00495358,2202018.0,25,2018,20,2
C00495358,2212018.0,25,2018,21,2
C00495358,2242018.0,250,2018,24,2
C00495358,2282018.0,10,2018,28,2
C00495358,2212018.0,25,2018,21,2
C00495358,2282018.0,25,2018,28,2
C00495358,2282018.0,10,2018,28,2
C00495358,2282018.0,25,2018,28,2
C00495358,2022018.0,250,2018,02,2
C00495358,2012018.0,50,2018,01,2
C00495358,2122018.0,25,2018,12,2
C00495358,2162018.0,25,2018,16,2
C00495358,2152018.0,25,2018,15,2
C00495358,2162018.0,25,2018,16,2
C00495358,2142018.0,250,2018,14,2
C00495358,2152018.0,2700,2018,15,2
C00495358,2152018.0,2700,2018,15,2
C00495358,2272018.0,500,2018,27,2
C00495358,2272018.0,250,2018,27,2
C00495358,2272018.0,250,2018,27,2
C00495358,2272018.0,100,2018,27,2
C00495358,2272018.0,100,2018,27,2
C00495358,2272018.0,150,2018,27,2
C00495358,2272018.0,100,2018,27,2
C00495358,2272018.0,100,2018,27,2
C00495358,2272018.0,100,2018,27,2
C00495358,2272018.0,100,2018,27,2
C00495358,2282018.0,6,2018,28,2
C00495358,2282018.0,5,2018,28,2
C00495358,2282018.0,130,2018,28,2
C00495358,2052018.0,250,2018,05,2
C00495358,2072018.0,1500,2018,07,2
C00495358,2202018.0,5,2018,20,2
C00495358,2232018.0,100,2018,23,2
C00495358,2252018.0,500,2018,25,2
C00495358,2232018.0,25,2018,23,2
C00495358,2082018.0,500,2018,08,2
C00495358,2172018.0,25,2018,17,2
C00495358,2172018.0,12,2018,17,2
C00495358,2162018.0,25,2018,16,2
C00495358,2212018.0,10,2018,21,2
C00495358,2142018.0,25,2018,14,2
C00495358,2132018.0,10,2018,13,2
C00495358,2152018.0,25,2018,15,2
C00495358,2262018.0,100,2018,26,2
C00495358,2272018.0,10,2018,27,2
C00495358,2072018.0,800,2018,07,2
C00495358,2072018.0,1000,2018,07,2
C00495358,2222018.0,200,2018,22,2
C00495358,2142018.0,1000,2018,14,2
C00495358,2212018.0,50,2018,21,2
C00495358,2282018.0,250,2018,28,2
C00495358,2272018.0,1000,2018,27,2
C00495358,2222018.0,100,2018,22,2
C00495358,2272018.0,750,2018,27,2
C00495358,2222018.0,100,2018,22,2
C00495358,2232018.0,50,2018,23,2
C00495358,2222018.0,25,2018,22,2
C00495358,2072018.0,25,2018,07,2
C00495358,2092018.0,25,2018,09,2
C00495358,2012018.0,2300,2018,01,2
C00495358,2202018.0,1700,2018,20,2
C00495358,2202018.0,500,2018,20,2
C00495358,2282018.0,150,2018,28,2
C00495358,2232018.0,50,2018,23,2
C00495358,2222018.0,1000,2018,22,2
C00495358,2222018.0,250,2018,22,2
C00495358,2252018.0,25,2018,25,2
C00495358,2252018.0,25,2018,25,2
C00495358,2282018.0,25,2018,28,2
C00495358,2072018.0,2700,2018,07,2
C00495358,2022018.0,2700,2018,02,2
C00495358,2282018.0,50,2018,28,2
C00495358,2282018.0,25,2018,28,2
C00495358,2152018.0,300,2018,15,2
C00495358,2272018.0,200,2018,27,2
C00495358,2282018.0,6,2018,28,2
C00495358,2242018.0,6,2018,24,2
C00495358,2132018.0,400,2018,13,2
C00495358,2272018.0,100,2018,27,2
C00495358,2152018.0,1000,2018,15,2
C00495358,2272018.0,150,2018,27,2
C00495358,2272018.0,500,2018,27,2
C00495358,2272018.0,150,2018,27,2
C00495358,2062018.0,50,2018,06,2
C00495358,2052018.0,100,2018,05,2
C00495358,2052018.0,100,2018,05,2
C00495358,2082018.0,250,2018,08,2
C00495358,2142018.0,100,2018,14,2
C00495358,2062018.0,2500,2018,06,2
C00495358,2062018.0,200,2018,06,2
C00495358,2282018.0,10,2018,28,2
C00495358,2232018.0,50,2018,23,2
C00495358,2232018.0,50,2018,23,2
C00495358,2282018.0,25,2018,28,2
C00495358,2282018.0,20,2018,28,2
C00495358,2282018.0,5,2018,28,2
C00495358,2082018.0,10,2018,08,2
C00495358,2222018.0,250,2018,22,2
C00495358,2222018.0,50,2018,22,2
C00495358,2222018.0,500,2018,22,2
C00495358,2222018.0,700,2018,22,2
C00495358,2232018.0,100,2018,23,2
C00495358,2232018.0,500,2018,23,2
C00495358,2242018.0,100,2018,24,2
C00495358,2272018.0,1000,2018,27,2
C00495358,2222018.0,100,2018,22,2
C00495358,2222018.0,150,2018,22,2
C00495358,2222018.0,100,2018,22,2
C00495358,2222018.0,100,2018,22,2
C00495358,2282018.0,6,2018,28,2
C00495358,2022018.0,50,2018,02,2
C00495358,2222018.0,100,2018,22,2
C00495358,2012018.0,500,2018,01,2
C00495358,2282018.0,25,2018,28,2
C00495358,2282018.0,20,2018,28,2
C00495358,2012018.0,400,2018,01,2
C00495358,2272018.0,500,2018,27,2
C00495358,2272018.0,2700,2018,27,2
C00495358,2272018.0,750,2018,27,2
C00495358,2272018.0,2700,2018,27,2
C00495358,2092018.0,100,2018,09,2
C00495358,2282018.0,100,2018,28,2
C00495358,2072018.0,250,2018,07,2
C00495358,2072018.0,250,2018,07,2
C00495358,2102018.0,25,2018,10,2
C00495358,2222018.0,150,2018,22,2
C00495358,2232018.0,50,2018,23,2
C00495358,2232018.0,50,2018,23,2
C00495358,2072018.0,10,2018,07,2
C00495358,2072018.0,25,2018,07,2
C00495358,2282018.0,6,2018,28,2
C00495358,2212018.0,50,2018,21,2
C00495358,2212018.0,25,2018,21,2
C00495358,2282018.0,200,2018,28,2
C00495358,2282018.0,50,2018,28,2
C00495358,2282018.0,25,2018,28,2
C00495358,2282018.0,6,2018,28,2
C00495358,2282018.0,25,2018,28,2
C00495358,2282018.0,25,2018,28,2
C00495358,2282018.0,50,2018,28,2
C00495358,2272018.0,2700,2018,27,2
C00495358,2272018.0,300,2018,27,2
C00495358,2272018.0,250,2018,27,2
C00495358,2272018.0,100,2018,27,2
C00495358,2272018.0,500,2018,27,2
C00495358,2272018.0,100,2018,27,2
C00495358,2272018.0,250,2018,27,2
C00495358,2272018.0,100,2018,27,2
C00495358,2272018.0,100,2018,27,2
C00495358,2272018.0,100,2018,27,2
C00495358,2272018.0,50,2018,27,2
C00495358,2072018.0,2700,2018,07,2
C00495358,2072018.0,500,2018,07,2
C00495358,2222018.0,500,2018,22,2
C00495358,2272018.0,5,2018,27,2
C00495358,2282018.0,100,2018,28,2
C00495358,2282018.0,20,2018,28,2
C00495358,2282018.0,50,2018,28,2
C00495358,2282018.0,100,2018,28,2
C00495358,2242018.0,25,2018,24,2
C00495358,2282018.0,6,2018,28,2
C00495358,2282018.0,100,2018,28,2
C00495358,2212018.0,5,2018,21,2
C00495358,2192018.0,100,2018,19,2
C00495358,2142018.0,100,2018,14,2
C00495358,2172018.0,25,2018,17,2
C00495358,2162018.0,10,2018,16,2
C00495358,2242018.0,25,2018,24,2
C00495358,2202018.0,5,2018,20,2
C00495358,2192018.0,500,2018,19,2
C00495358,2272018.0,25,2018,27,2
C00495358,2222018.0,250,2018,22,2
C00495358,2222018.0,250,2018,22,2
C00495358,2222018.0,100,2018,22,2
C00495358,2222018.0,100,2018,22,2
C00495358,2222018.0,100,2018,22,2
C00495358,2222018.0,100,2018,22,2
C00495358,2232018.0,200,2018,23,2
C00495358,2232018.0,150,2018,23,2
C00495358,2232018.0,500,2018,23,2
C00495358,2232018.0,250,2018,23,2
C00495358,2232018.0,75,2018,23,2
C00495358,2232018.0,100,2018,23,2
C00495358,2232018.0,25,2018,23,2
C00495358,2232018.0,500,2018,23,2
C00495358,2282018.0,10,2018,28,2
C00495358,2282018.0,6,2018,28,2
C00495358,2262018.0,25,2018,26,2
C00495358,2282018.0,10,2018,28,2
C00495358,2232018.0,100,2018,23,2
C00495358,2232018.0,100,2018,23,2
C00495358,2232018.0,150,2018,23,2
C00495358,2142018.0,50,2018,14,2
C00495358,2032018.0,25,2018,03,2
C00495358,2222018.0,100,2018,22,2
C00495358,2252018.0,50,2018,25,2
C00495358,2262018.0,16,2018,26,2
C00495358,2142018.0,500,2018,14,2
C00495358,2122018.0,25,2018,12,2
C00495358,2272018.0,100,2018,27,2
C00495358,2142018.0,700,2018,14,2
C00495358,2152018.0,10,2018,15,2
C00495358,2282018.0,50,2018,28,2
C00495358,2122018.0,2700,2018,12,2
C00495358,2232018.0,6,2018,23,2
C00495358,2272018.0,25,2018,27,2
C00495358,2282018.0,500,2018,28,2
C00495358,2272018.0,100,2018,27,2
C00495358,2232018.0,2300,2018,23,2
C00495358,2062018.0,100,2018,06,2
C00495358,2162018.0,50,2018,16,2
C00495358,2232018.0,100,2018,23,2
C00495358,2202018.0,25,2018,20,2
C00495358,2282018.0,25,2018,28,2
C00495358,2282018.0,10,2018,28,2
C00495358,2282018.0,25,2018,28,2
C00495358,2282018.0,10,2018,28,2
C00495358,2282018.0,50,2018,28,2
C00495358,2272018.0,15,2018,27,2
C00495358,2282018.0,5,2018,28,2
C00495358,2222018.0,25,2018,22,2
C00495358,2222018.0,250,2018,22,2
C00495358,2152018.0,1000,2018,15,2
C00495358,2152018.0,2700,2018,15,2
C00495358,2272018.0,100,2018,27,2
C00495358,2272018.0,100,2018,27,2
C00495358,2272018.0,100,2018,27,2
C00495358,2272018.0,150,2018,27,2
C00495358,2272018.0,50,2018,27,2
C00495358,2272018.0,50,2018,27,2
C00495358,2272018.0,250,2018,27,2
C00495358,2092018.0,50,2018,09,2
C00495358,2042018.0,500,2018,04,2
C00495358,2262018.0,200,2018,26,2
C00495358,2222018.0,250,2018,22,2
C00495358,2222018.0,2700,2018,22,2
C00495358,2222018.0,150,2018,22,2
C00495358,2222018.0,150,2018,22,2
C00495358,2222018.0,1000,2018,22,2
C00495358,2282018.0,25,2018,28,2
C00495358,2282018.0,100,2018,28,2
C00495358,2282018.0,25,2018,28,2
C00495358,2272018.0,10,2018,27,2
C00495358,2082018.0,5,2018,08,2
C00495358,2092018.0,3,2018,09,2
C00495358,2052018.0,25,2018,05,2
C00495358,2202018.0,300,2018,20,2
C00495358,2202018.0,2300,2018,20,2
C00495358,2052018.0,25,2018,05,2
C00495358,2052018.0,25,2018,05,2
C00495358,2062018.0,250,2018,06,2
C00495358,2232018.0,50,2018,23,2
C00495358,2212018.0,100,2018,21,2
C00495358,2162018.0,100,2018,16,2
C00495358,2162018.0,50,2018,16,2
C00495358,2162018.0,50,2018,16,2
C00495358,2142018.0,25,2018,14,2
C00495358,2132018.0,20,2018,13,2
C00495358,2162018.0,25,2018,16,2
C00495358,2252018.0,100,2018,25,2
C00495358,2212018.0,50,2018,21,2
C00495358,2282018.0,10,2018,28,2
C00495358,2272018.0,10,2018,27,2
C00495358,2102018.0,300,2018,10,2
C00495358,2262018.0,500,2018,26,2
C00495358,2262018.0,500,2018,26,2
C00495358,2282018.0,100,2018,28,2
C00495358,2242018.0,25,2018,24,2
C00495358,2252018.0,100,2018,25,2
C00495358,2282018.0,100,2018,28,2
C00495358,2282018.0,25,2018,28,2
C00495358,2262018.0,750,2018,26,2
C00495358,2232018.0,100,2018,23,2
C00495358,2162018.0,100,2018,16,2
C00495358,2172018.0,25,2018,17,2
C00495358,2172018.0,25,2018,17,2
C00495358,2172018.0,20,2018,17,2
C00495358,2232018.0,60,2018,23,2
C00495358,2282018.0,50,2018,28,2
C00495358,2282018.0,25,2018,28,2
C00495358,2282018.0,15,2018,28,2
C00495358,2242018.0,25,2018,24,2
C00495358,2272018.0,100,2018,27,2
C00495358,2282018.0,50,2018,28,2
C00495358,2282018.0,50,2018,28,2
C00495358,2282018.0,10,2018,28,2
C00495358,2282018.0,100,2018,28,2
C00495358,2142018.0,2700,2018,14,2
C00654392,2102018.0,1000,2018,10,2
C00654392,2152018.0,1000,2018,15,2
C00654392,2102018.0,250,2018,10,2
C00629048,2222018.0,120,2018,22,2
C00492454,2282018.0,2400,2018,28,2
C00492454,2012018.0,2500,2018,01,2
C00492454,2152018.0,200,2018,15,2
C00492454,2272018.0,125,2018,27,2
C00492454,2262018.0,1000,2018,26,2
C00492454,2022018.0,2700,2018,02,2
C00492454,2062018.0,1000,2018,06,2
C00492454,2272018.0,1300,2018,27,2
C00492454,2272018.0,250,2018,27,2
C00492454,2052018.0,250,2018,05,2
C00492454,2282018.0,50,2018,28,2
C00492454,2192018.0,500,2018,19,2
C00492454,2272018.0,700,2018,27,2
C00492454,2092018.0,2000,2018,09,2
C00492454,2262018.0,1000,2018,26,2
C00492454,2012018.0,50,2018,01,2
C00492454,2282018.0,100,2018,28,2
C00492454,2282018.0,36,2018,28,2
C00492454,2282018.0,1000,2018,28,2
C00193342,2082018.0,25,2018,08,2
C00193342,2022018.0,1000,2018,02,2
C00193342,2082018.0,200,2018,08,2
C00546788,2182018.0,50,2018,18,2
C00546788,2182018.0,25,2018,18,2
C00546788,2182018.0,15,2018,18,2
C00546788,2192018.0,10,2018,19,2
C00546788,2192018.0,50,2018,19,2
C00546788,2202018.0,50,2018,20,2
C00546788,2212018.0,500,2018,21,2
C00546788,2212018.0,30,2018,21,2
C00546788,2212018.0,50,2018,21,2
C00546788,2212018.0,50,2018,21,2
C00546788,2212018.0,100,2018,21,2
C00546788,2212018.0,40,2018,21,2
C00546788,2212018.0,25,2018,21,2
C00546788,2212018.0,50,2018,21,2
C00546788,2212018.0,50,2018,21,2
C00546788,2212018.0,50,2018,21,2
C00546788,2212018.0,25,2018,21,2
C00546788,2232018.0,25,2018,23,2
C00546788,2262018.0,25,2018,26,2
C00546788,2282018.0,14,2018,28,2
C00546788,2282018.0,10,2018,28,2
C00546788,2282018.0,25,2018,28,2
C00546788,2282018.0,1,2018,28,2
C00546788,2282018.0,50,2018,28,2
C00546788,2282018.0,25,2018,28,2
C00546788,2282018.0,25,2018,28,2
C00546788,2282018.0,25,2018,28,2
C00546788,2282018.0,5400,2018,28,2
C00546788,2272018.0,500,2018,27,2
C00546788,2282018.0,50,2018,28,2
C00546788,2282018.0,25,2018,28,2
C00546788,2162018.0,15,2018,16,2
C00546788,2162018.0,1000,2018,16,2
C00546788,2162018.0,25,2018,16,2
C00546788,2172018.0,25,2018,17,2
C00546788,2012018.0,10,2018,01,2
C00546788,2022018.0,20,2018,02,2
C00546788,2072018.0,50,2018,07,2
C00546788,2122018.0,100,2018,12,2
C00546788,2122018.0,99,2018,12,2
C00546788,2122018.0,99,2018,12,2
C00546788,2272018.0,250,2018,27,2
C00546788,2122018.0,1000,2018,12,2
C00546788,2122018.0,30,2018,12,2
C00546788,2122018.0,99,2018,12,2
C00546788,2122018.0,100,2018,12,2
C00546788,2122018.0,300,2018,12,2
C00546788,2122018.0,-300,2018,12,2
C00546788,2122018.0,50,2018,12,2
C00546788,2122018.0,250,2018,12,2
C00546788,2122018.0,99,2018,12,2
C00546788,2152018.0,33,2018,15,2
C00546788,2262018.0,2,2018,26,2
C00420760,2182018.0,0,2018,18,2
C00420760,2252018.0,0,2018,25,2
C00420760,2112018.0,0,2018,11,2
C00420760,2042018.0,0,2018,04,2
C00420760,2172018.0,15,2018,17,2
C00420760,2072018.0,50,2018,07,2
C00420760,2282018.0,15,2018,28,2
C00420760,2132018.0,25,2018,13,2
C00420760,2122018.0,1000,2018,12,2
C00420760,2242018.0,10,2018,24,2
C00420760,2242018.0,25,2018,24,2
C00420760,2272018.0,50,2018,27,2
C00420760,2272018.0,25,2018,27,2
C00420760,2162018.0,5,2018,16,2
C00420760,2172018.0,250,2018,17,2
C00420760,2272018.0,600,2018,27,2
C00420760,2282018.0,100,2018,28,2
C00420760,2282018.0,60,2018,28,2
C00420760,2072018.0,50,2018,07,2
C00420760,2152018.0,1000,2018,15,2
C00420760,2162018.0,500,2018,16,2
C00420760,2212018.0,100,2018,21,2
C00420760,2072018.0,500,2018,07,2
C00420760,2232018.0,100,2018,23,2
C00420760,2282018.0,60,2018,28,2
C00420760,2202018.0,25,2018,20,2
C00420760,2032018.0,10,2018,03,2
C00420760,2282018.0,20,2018,28,2
C00420760,2272018.0,400,2018,27,2
C00420760,2282018.0,100,2018,28,2
C00420760,2212018.0,5,2018,21,2
C00420760,2282018.0,2700,2018,28,2
C00420760,2072018.0,1000,2018,07,2
C00420760,2202018.0,2700,2018,20,2
C00420760,2282018.0,500,2018,28,2
C00420760,2212018.0,100,2018,21,2
C00420760,2162018.0,250,2018,16,2
C00420760,2232018.0,25,2018,23,2
C00420760,2282018.0,15,2018,28,2
C00420760,2282018.0,60,2018,28,2
C00420760,2122018.0,250,2018,12,2
C00420760,2212018.0,25,2018,21,2
C00420760,2092018.0,250,2018,09,2
C00420760,2092018.0,1700,2018,09,2
C00420760,2262018.0,100,2018,26,2
C00420760,2222018.0,60,2018,22,2
C00420760,2102018.0,15,2018,10,2
C00420760,2182018.0,15,2018,18,2
C00420760,2282018.0,50,2018,28,2
C00420760,2072018.0,300,2018,07,2
C00420760,2282018.0,500,2018,28,2
C00420760,2152018.0,1000,2018,15,2
C00420760,2252018.0,500,2018,25,2
C00420760,2262018.0,500,2018,26,2
C00420760,2272018.0,50,2018,27,2
C00420760,2272018.0,15,2018,27,2
C00420760,2082018.0,60,2018,08,2
C00420760,2132018.0,250,2018,13,2
C00420760,2222018.0,10,2018,22,2
C00420760,2252018.0,100,2018,25,2
C00420760,2202018.0,2700,2018,20,2
C00420760,2202018.0,-24,2018,20,2
C00420760,2192018.0,15,2018,19,2
C00420760,2222018.0,1000,2018,22,2
C00420760,2072018.0,15,2018,07,2
C00420760,2252018.0,250,2018,25,2
C00420760,2132018.0,25,2018,13,2
C00420760,2082018.0,15,2018,08,2
C00420760,2092018.0,300,2018,09,2
C00420760,2122018.0,1000,2018,12,2
C00420760,2172018.0,30,2018,17,2
C00420760,2272018.0,50,2018,27,2
C00420760,2032018.0,100,2018,03,2
C00420760,2092018.0,25,2018,09,2
C00420760,2252018.0,1000,2018,25,2
C00420760,2272018.0,25,2018,27,2
C00420760,2082018.0,500,2018,08,2
C00420760,2262018.0,100,2018,26,2
C00420760,2122018.0,1000,2018,12,2
C00420760,2202018.0,1000,2018,20,2
C00420760,2152018.0,1000,2018,15,2
C00420760,2282018.0,5,2018,28,2
C00420760,2122018.0,10,2018,12,2
C00420760,2172018.0,50,2018,17,2
C00420760,2282018.0,100,2018,28,2
C00420760,2072018.0,800,2018,07,2
C00420760,2082018.0,35,2018,08,2
C00420760,2272018.0,25,2018,27,2
C00420760,2282018.0,500,2018,28,2
C00420760,2162018.0,500,2018,16,2
C00420760,2092018.0,50,2018,09,2
C00420760,2272018.0,100,2018,27,2
C00420760,2162018.0,1000,2018,16,2
C00420760,2222018.0,25,2018,22,2
C00420760,2152018.0,1000,2018,15,2
C00420760,2282018.0,100,2018,28,2
C00420760,2282018.0,25,2018,28,2
C00420760,2072018.0,25,2018,07,2
C00420760,2072018.0,200,2018,07,2
C00420760,2282018.0,15,2018,28,2
C00420760,2152018.0,500,2018,15,2
C00420760,2282018.0,30,2018,28,2
C00420760,2162018.0,50,2018,16,2
C00420760,2282018.0,2000,2018,28,2
C00420760,2242018.0,5,2018,24,2
C00420760,2142018.0,12,2018,14,2
C00420760,2202018.0,24,2018,20,2
C00420760,2152018.0,2700,2018,15,2
C00420760,2092018.0,1000,2018,09,2
C00420760,2282018.0,15,2018,28,2
C00420760,2172018.0,25,2018,17,2
C00420760,2262018.0,100,2018,26,2
C00420760,2202018.0,50,2018,20,2
C00420760,2052018.0,25,2018,05,2
C00666214,2212018.0,500,2018,21,2
C00666214,2172018.0,500,2018,17,2
C00666214,2062018.0,2700,2018,06,2
C00666214,2232018.0,250,2018,23,2
C00666214,2262018.0,250,2018,26,2
C00666214,2272018.0,2000,2018,27,2
C00666214,2272018.0,2000,2018,27,2
C00666214,2262018.0,500,2018,26,2
C00666214,2092018.0,125,2018,09,2
C00666214,2132018.0,387,2018,13,2
C00666214,2202018.0,48,2018,20,2
C00666214,2252018.0,8,2018,25,2
C00666214,2252018.0,24,2018,25,2
C00666214,2262018.0,21,2018,26,2
C00666214,2272018.0,10,2018,27,2
C00666214,2282018.0,22,2018,28,2
C00666214,2282018.0,25,2018,28,2
C00666214,2272018.0,1000,2018,27,2
C00666214,2212018.0,500,2018,21,2
C00666214,2162018.0,250,2018,16,2
C00666214,2142018.0,2700,2018,14,2
C00666214,2142018.0,2700,2018,14,2
C00666214,2152018.0,1000,2018,15,2
C00666214,2022018.0,123,2018,02,2
C00666214,2062018.0,189,2018,06,2
C00666214,2082018.0,2700,2018,08,2
C00492785,2202018.0,100,2018,20,2
C00492785,2202018.0,25,2018,20,2
C00492785,2202018.0,250,2018,20,2
C00492785,2202018.0,75,2018,20,2
C00492785,2202018.0,300,2018,20,2
C00492785,2202018.0,100,2018,20,2
C00492785,2202018.0,50,2018,20,2
C00492785,2202018.0,50,2018,20,2
C00492785,2202018.0,50,2018,20,2
C00492785,2202018.0,50,2018,20,2
C00492785,2202018.0,15,2018,20,2
C00492785,2272018.0,100,2018,27,2
C00492785,2172018.0,20,2018,17,2
C00492785,2272018.0,25,2018,27,2
C00492785,2272018.0,50,2018,27,2
C00492785,2272018.0,300,2018,27,2
C00492785,2272018.0,350,2018,27,2
C00492785,2272018.0,100,2018,27,2
C00492785,2272018.0,75,2018,27,2
C00492785,2272018.0,50,2018,27,2
C00492785,2202018.0,25,2018,20,2
C00492785,2272018.0,150,2018,27,2
C00492785,2272018.0,100,2018,27,2
C00492785,2272018.0,20,2018,27,2
C00492785,2272018.0,100,2018,27,2
C00492785,2272018.0,35,2018,27,2
C00492785,2272018.0,25,2018,27,2
C00492785,2272018.0,100,2018,27,2
C00492785,2152018.0,30,2018,15,2
C00492785,2152018.0,20,2018,15,2
C00492785,2152018.0,25,2018,15,2
C00492785,2152018.0,25,2018,15,2
C00492785,2272018.0,25,2018,27,2
C00492785,2162018.0,100,2018,16,2
C00492785,2162018.0,25,2018,16,2
C00492785,2272018.0,50,2018,27,2
C00492785,2272018.0,50,2018,27,2
C00492785,2272018.0,100,2018,27,2
C00492785,2282018.0,10,2018,28,2
C00492785,2282018.0,20,2018,28,2
C00492785,2282018.0,25,2018,28,2
C00492785,2152018.0,25,2018,15,2
C00492785,2202018.0,150,2018,20,2
C00492785,2202018.0,100,2018,20,2
C00492785,2202018.0,50,2018,20,2
C00492785,2202018.0,25,2018,20,2
C00492785,2202018.0,100,2018,20,2
C00492785,2202018.0,40,2018,20,2
C00492785,2202018.0,250,2018,20,2
C00492785,2202018.0,75,2018,20,2
C00492785,2212018.0,25,2018,21,2
C00492785,2212018.0,-25,2018,21,2
C00492785,2212018.0,100,2018,21,2
C00492785,2212018.0,-100,2018,21,2
C00492785,2202018.0,50,2018,20,2
C00492785,2202018.0,25,2018,20,2
C00492785,2262018.0,50,2018,26,2
C00492785,2262018.0,25,2018,26,2
C00492785,2262018.0,20,2018,26,2
C00492785,2262018.0,100,2018,26,2
C00492785,2262018.0,45,2018,26,2
C00492785,2262018.0,100,2018,26,2
C00492785,2262018.0,50,2018,26,2
C00492785,2262018.0,25,2018,26,2
C00492785,2262018.0,25,2018,26,2
C00492785,2282018.0,375,2018,28,2
C00492785,2282018.0,5,2018,28,2
C00492785,2282018.0,100,2018,28,2
C00492785,2282018.0,50,2018,28,2
C00492785,2282018.0,100,2018,28,2
C00492785,2282018.0,100,2018,28,2
C00492785,2282018.0,75,2018,28,2
C00492785,2282018.0,25,2018,28,2
C00492785,2282018.0,100,2018,28,2
C00492785,2282018.0,50,2018,28,2
C00492785,2282018.0,25,2018,28,2
C00492785,2282018.0,25,2018,28,2
C00492785,2282018.0,10,2018,28,2
C00492785,2282018.0,10,2018,28,2
C00492785,2282018.0,25,2018,28,2
C00492785,2282018.0,100,2018,28,2
C00492785,2282018.0,25,2018,28,2
C00492785,2282018.0,10,2018,28,2
C00492785,2282018.0,10,2018,28,2
C00492785,2282018.0,100,2018,28,2
C00492785,2272018.0,150,2018,27,2
C00492785,2272018.0,25,2018,27,2
C00492785,2272018.0,50,2018,27,2
C00492785,2272018.0,150,2018,27,2
C00492785,2272018.0,65,2018,27,2
C00492785,2272018.0,50,2018,27,2
C00492785,2282018.0,25,2018,28,2
C00492785,2152018.0,15,2018,15,2
C00492785,2152018.0,10,2018,15,2
C00492785,2152018.0,75,2018,15,2
C00492785,2152018.0,25,2018,15,2
C00492785,2152018.0,25,2018,15,2
C00492785,2152018.0,25,2018,15,2
C00492785,2152018.0,25,2018,15,2
C00492785,2222018.0,50,2018,22,2
C00492785,2212018.0,100,2018,21,2
C00492785,2212018.0,-100,2018,21,2
C00492785,2212018.0,25,2018,21,2
C00492785,2222018.0,25,2018,22,2
C00492785,2222018.0,50,2018,22,2
C00492785,2222018.0,10,2018,22,2
C00492785,2222018.0,100,2018,22,2
C00492785,2222018.0,25,2018,22,2
C00492785,2222018.0,25,2018,22,2
C00492785,2222018.0,125,2018,22,2
C00492785,2222018.0,100,2018,22,2
C00492785,2222018.0,100,2018,22,2
C00492785,2222018.0,100,2018,22,2
C00492785,2222018.0,10,2018,22,2
C00492785,2222018.0,200,2018,22,2
C00492785,2222018.0,50,2018,22,2
C00492785,2222018.0,100,2018,22,2
C00492785,2222018.0,140,2018,22,2
C00492785,2202018.0,25,2018,20,2
C00492785,2202018.0,50,2018,20,2
C00492785,2202018.0,30,2018,20,2
C00492785,2202018.0,100,2018,20,2
C00492785,2202018.0,20,2018,20,2
C00492785,2202018.0,50,2018,20,2
C00492785,2202018.0,50,2018,20,2
C00492785,2202018.0,25,2018,20,2
C00437277,2052018.0,25,2018,05,2
C00437277,2022018.0,50,2018,02,2
C00437277,2162018.0,100,2018,16,2
C00492785,2272018.0,25,2018,27,2
C00492785,2272018.0,195,2018,27,2
C00492785,2272018.0,50,2018,27,2
C00492785,2272018.0,100,2018,27,2
C00437277,2052018.0,100,2018,05,2
C00437277,2202018.0,15,2018,20,2
C00437277,2032018.0,5,2018,03,2
C00437277,2012018.0,5,2018,01,2
C00437277,2042018.0,100,2018,04,2
C00437277,2022018.0,15,2018,02,2
C00437277,2052018.0,10,2018,05,2
C00437277,2232018.0,50,2018,23,2
C00437277,2282018.0,25,2018,28,2
C00437277,2282018.0,25,2018,28,2
C00437277,2162018.0,100,2018,16,2
C00437277,2092018.0,15,2018,09,2
C00437277,2212018.0,10,2018,21,2
C00437277,2202018.0,5,2018,20,2
C00437277,2022018.0,250,2018,02,2
C00437277,2032018.0,100,2018,03,2
C00437277,2282018.0,25,2018,28,2
C00437277,2192018.0,10,2018,19,2
C00437277,2132018.0,50,2018,13,2
C00437277,2252018.0,10,2018,25,2
C00437277,2272018.0,5,2018,27,2
C00437277,2082018.0,50,2018,08,2
C00437277,2232018.0,10,2018,23,2
C00437277,2072018.0,100,2018,07,2
C00437277,2022018.0,100,2018,02,2
C00492785,2272018.0,1000,2018,27,2
C00492785,2272018.0,25,2018,27,2
C00492785,2272018.0,15,2018,27,2
C00492785,2192018.0,50,2018,19,2
C00492785,2152018.0,25,2018,15,2
C00492785,2152018.0,25,2018,15,2
C00492785,2152018.0,50,2018,15,2
C00492785,2152018.0,50,2018,15,2
C00492785,2152018.0,100,2018,15,2
C00492785,2192018.0,250,2018,19,2
C00492785,2192018.0,250,2018,19,2
C00492785,2192018.0,100,2018,19,2
C00492785,2192018.0,10,2018,19,2
C00492785,2192018.0,50,2018,19,2
C00492785,2192018.0,25,2018,19,2
C00492785,2192018.0,50,2018,19,2
C00492785,2192018.0,200,2018,19,2
C00492785,2192018.0,50,2018,19,2
C00492785,2192018.0,30,2018,19,2
C00492785,2272018.0,100,2018,27,2
C00492785,2272018.0,55,2018,27,2
C00492785,2272018.0,1000,2018,27,2
C00492785,2272018.0,100,2018,27,2
C00492785,2272018.0,100,2018,27,2
C00492785,2152018.0,25,2018,15,2
C00492785,2152018.0,25,2018,15,2
C00492785,2152018.0,20,2018,15,2
C00492785,2152018.0,20,2018,15,2
C00492785,2152018.0,50,2018,15,2
C00492785,2152018.0,20,2018,15,2
C00492785,2152018.0,25,2018,15,2
C00492785,2152018.0,25,2018,15,2
C00492785,2152018.0,50,2018,15,2
C00492785,2152018.0,100,2018,15,2
C00492785,2242018.0,100,2018,24,2
C00492785,2162018.0,25,2018,16,2
C00492785,2162018.0,250,2018,16,2
C00492785,2162018.0,25,2018,16,2
C00492785,2242018.0,250,2018,24,2
C00492785,2242018.0,250,2018,24,2
C00492785,2242018.0,50,2018,24,2
C00492785,2242018.0,100,2018,24,2
C00492785,2242018.0,200,2018,24,2
C00492785,2242018.0,200,2018,24,2
C00492785,2242018.0,25,2018,24,2
C00492785,2242018.0,10,2018,24,2
C00492785,2242018.0,50,2018,24,2
C00492785,2242018.0,50,2018,24,2
C00492785,2242018.0,250,2018,24,2
C00492785,2242018.0,50,2018,24,2
C00492785,2242018.0,50,2018,24,2
C00492785,2282018.0,50,2018,28,2
C00492785,2282018.0,25,2018,28,2
C00492785,2282018.0,25,2018,28,2
C00492785,2282018.0,50,2018,28,2
C00492785,2282018.0,10,2018,28,2
C00492785,2282018.0,25,2018,28,2
C00492785,2282018.0,50,2018,28,2
C00492785,2282018.0,250,2018,28,2
C00492785,2282018.0,100,2018,28,2
C00492785,2282018.0,50,2018,28,2
C00492785,2282018.0,15,2018,28,2
C00492785,2282018.0,100,2018,28,2
C00492785,2282018.0,20,2018,28,2
C00492785,2282018.0,100,2018,28,2
C00492785,2282018.0,100,2018,28,2
C00492785,2282018.0,200,2018,28,2
C00492785,2282018.0,25,2018,28,2
C00492785,2282018.0,50,2018,28,2
C00492785,2282018.0,30,2018,28,2
C00492785,2282018.0,25,2018,28,2
C00492785,2282018.0,35,2018,28,2
C00492785,2272018.0,100,2018,27,2
C00492785,2272018.0,150,2018,27,2
C00492785,2272018.0,25,2018,27,2
C00492785,2272018.0,100,2018,27,2
C00492785,2272018.0,50,2018,27,2
C00492785,2272018.0,50,2018,27,2
C00492785,2272018.0,25,2018,27,2
C00492785,2272018.0,35,2018,27,2
C00492785,2272018.0,5,2018,27,2
C00492785,2272018.0,100,2018,27,2
C00492785,2272018.0,35,2018,27,2
C00492785,2272018.0,200,2018,27,2
C00492785,2272018.0,25,2018,27,2
C00492785,2272018.0,15,2018,27,2
C00492785,2272018.0,25,2018,27,2
C00492785,2272018.0,100,2018,27,2
C00492785,2272018.0,100,2018,27,2
C00492785,2272018.0,75,2018,27,2
C00492785,2272018.0,200,2018,27,2
C00492785,2272018.0,35,2018,27,2
C00492785,2272018.0,100,2018,27,2
C00492785,2272018.0,100,2018,27,2
C00492785,2272018.0,50,2018,27,2
C00492785,2282018.0,50,2018,28,2
C00492785,2282018.0,50,2018,28,2
C00492785,2282018.0,25,2018,28,2
C00492785,2282018.0,25,2018,28,2
C00492785,2282018.0,5,2018,28,2
C00492785,2282018.0,50,2018,28,2
C00492785,2282018.0,5,2018,28,2
C00492785,2282018.0,50,2018,28,2
C00492785,2282018.0,5,2018,28,2
C00492785,2162018.0,10,2018,16,2
C00437277,2222018.0,25,2018,22,2
C00437277,2092018.0,27,2018,09,2
C00437277,2032018.0,50,2018,03,2
C00437277,2152018.0,5,2018,15,2
C00437277,2172018.0,25,2018,17,2
C00437277,2262018.0,5,2018,26,2
C00437277,2282018.0,25,2018,28,2
C00437277,2052018.0,50,2018,05,2
C00437277,2242018.0,15,2018,24,2
C00437277,2262018.0,15,2018,26,2
C00437277,2282018.0,15,2018,28,2
C00437277,2242018.0,35,2018,24,2
C00437277,2152018.0,25,2018,15,2
C00437277,2172018.0,100,2018,17,2
C00437277,2062018.0,5,2018,06,2
C00437277,2042018.0,25,2018,04,2
C00437277,2142018.0,100,2018,14,2
C00437277,2182018.0,5,2018,18,2
C00437277,2102018.0,5,2018,10,2
C00437277,2062018.0,10,2018,06,2
C00437277,2112018.0,15,2018,11,2
C00437277,2232018.0,100,2018,23,2
C00437277,2042018.0,5,2018,04,2
C00437277,2142018.0,250,2018,14,2
C00437277,2282018.0,50,2018,28,2
C00437277,2052018.0,50,2018,05,2
C00437277,2272018.0,15,2018,27,2
C00437277,2062018.0,100,2018,06,2
C00437277,2152018.0,10,2018,15,2
C00437277,2052018.0,25,2018,05,2
C00437277,2072018.0,10,2018,07,2
C00437277,2012018.0,25,2018,01,2
C00437277,2272018.0,25,2018,27,2
C00437277,2052018.0,5,2018,05,2
C00437277,2072018.0,25,2018,07,2
C00437277,2052018.0,100,2018,05,2
C00437277,2122018.0,25,2018,12,2
C00437277,2232018.0,5,2018,23,2
C00437277,2052018.0,25,2018,05,2
C00437277,2272018.0,25,2018,27,2
C00437277,2172018.0,25,2018,17,2
C00437277,2162018.0,25,2018,16,2
C00437277,2132018.0,5,2018,13,2
C00437277,2222018.0,25,2018,22,2
C00437277,2242018.0,10,2018,24,2
C00437277,2172018.0,10,2018,17,2
C00437277,2052018.0,50,2018,05,2
C00437277,2102018.0,15,2018,10,2
C00492785,2152018.0,25,2018,15,2
C00492785,2152018.0,25,2018,15,2
C00492785,2152018.0,300,2018,15,2
C00492785,2152018.0,25,2018,15,2
C00492785,2152018.0,100,2018,15,2
C00492785,2152018.0,10,2018,15,2
C00492785,2152018.0,50,2018,15,2
C00492785,2152018.0,25,2018,15,2
C00492785,2152018.0,25,2018,15,2
C00492785,2152018.0,100,2018,15,2
C00492785,2152018.0,50,2018,15,2
C00492785,2152018.0,25,2018,15,2
C00492785,2282018.0,25,2018,28,2
C00492785,2262018.0,100,2018,26,2
C00492785,2262018.0,35,2018,26,2
C00492785,2262018.0,50,2018,26,2
C00492785,2262018.0,10,2018,26,2
C00492785,2262018.0,25,2018,26,2
C00492785,2272018.0,50,2018,27,2
C00492785,2272018.0,40,2018,27,2
C00492785,2272018.0,50,2018,27,2
C00492785,2272018.0,75,2018,27,2
C00492785,2272018.0,50,2018,27,2
C00492785,2272018.0,75,2018,27,2
C00492785,2272018.0,50,2018,27,2
C00492785,2272018.0,25,2018,27,2
C00492785,2152018.0,25,2018,15,2
C00492785,2152018.0,50,2018,15,2
C00492785,2152018.0,35,2018,15,2
C00492785,2152018.0,35,2018,15,2
C00492785,2152018.0,25,2018,15,2
C00492785,2152018.0,20,2018,15,2
C00492785,2152018.0,25,2018,15,2
C00492785,2152018.0,100,2018,15,2
C00492785,2152018.0,30,2018,15,2
C00492785,2152018.0,25,2018,15,2
C00492785,2152018.0,25,2018,15,2
C00492785,2152018.0,200,2018,15,2
C00492785,2152018.0,25,2018,15,2
C00492785,2152018.0,20,2018,15,2
C00492785,2152018.0,100,2018,15,2
C00492785,2152018.0,100,2018,15,2
C00492785,2152018.0,25,2018,15,2
C00492785,2212018.0,250,2018,21,2
C00492785,2152018.0,20,2018,15,2
C00492785,2152018.0,15,2018,15,2
C00492785,2212018.0,-250,2018,21,2
C00492785,2152018.0,25,2018,15,2
C00492785,2152018.0,35,2018,15,2
C00492785,2152018.0,100,2018,15,2
C00492785,2272018.0,70,2018,27,2
C00492785,2152018.0,20,2018,15,2
C00492785,2272018.0,10,2018,27,2
C00492785,2272018.0,200,2018,27,2
C00492785,2272018.0,250,2018,27,2
C00492785,2272018.0,500,2018,27,2
C00492785,2272018.0,250,2018,27,2
C00492785,2272018.0,50,2018,27,2
C00492785,2272018.0,200,2018,27,2
C00492785,2272018.0,75,2018,27,2
C00492785,2272018.0,100,2018,27,2
C00492785,2152018.0,25,2018,15,2
C00492785,2152018.0,15,2018,15,2
C00492785,2152018.0,75,2018,15,2
C00492785,2152018.0,20,2018,15,2
C00492785,2272018.0,150,2018,27,2
C00492785,2272018.0,500,2018,27,2
C00492785,2272018.0,200,2018,27,2
C00492785,2272018.0,111,2018,27,2
C00492785,2272018.0,150,2018,27,2
C00492785,2272018.0,25,2018,27,2
C00492785,2272018.0,75,2018,27,2
C00492785,2272018.0,100,2018,27,2
C00492785,2272018.0,100,2018,27,2
C00492785,2272018.0,60,2018,27,2
C00492785,2272018.0,75,2018,27,2
C00492785,2272018.0,50,2018,27,2
C00492785,2282018.0,50,2018,28,2
C00492785,2272018.0,250,2018,27,2
C00492785,2282018.0,25,2018,28,2
C00492785,2282018.0,250,2018,28,2
C00492785,2282018.0,25,2018,28,2
C00492785,2282018.0,25,2018,28,2
C00492785,2282018.0,100,2018,28,2
C00492785,2282018.0,10,2018,28,2
C00492785,2282018.0,25,2018,28,2
C00492785,2282018.0,25,2018,28,2
C00492785,2282018.0,50,2018,28,2
C00492785,2282018.0,50,2018,28,2
C00492785,2282018.0,50,2018,28,2
C00492785,2282018.0,100,2018,28,2
C00492785,2282018.0,25,2018,28,2
C00492785,2282018.0,25,2018,28,2
C00492785,2282018.0,25,2018,28,2
C00492785,2282018.0,25,2018,28,2
C00492785,2282018.0,250,2018,28,2
C00437277,2052018.0,50,2018,05,2
C00437277,2282018.0,10,2018,28,2
C00437277,2232018.0,10,2018,23,2
C00437277,2162018.0,40,2018,16,2
C00437277,2132018.0,50,2018,13,2
C00437277,2092018.0,25,2018,09,2
C00437277,2122018.0,100,2018,12,2
C00437277,2282018.0,10,2018,28,2
C00437277,2052018.0,100,2018,05,2
C00437277,2052018.0,50,2018,05,2
C00437277,2092018.0,25,2018,09,2
C00437277,2282018.0,25,2018,28,2
C00437277,2092018.0,5,2018,09,2
C00437277,2172018.0,25,2018,17,2
C00437277,2052018.0,25,2018,05,2
C00437277,2052018.0,35,2018,05,2
C00437277,2182018.0,50,2018,18,2
C00437277,2252018.0,10,2018,25,2
C00437277,2282018.0,5,2018,28,2
C00437277,2012018.0,25,2018,01,2
C00437277,2232018.0,10,2018,23,2
C00437277,2162018.0,50,2018,16,2
C00437277,2042018.0,15,2018,04,2
C00437277,2282018.0,10,2018,28,2
C00437277,2182018.0,5,2018,18,2
C00437277,2022018.0,11,2018,02,2
C00437277,2022018.0,20,2018,02,2
C00437277,2232018.0,25,2018,23,2
C00437277,2062018.0,25,2018,06,2
C00437277,2072018.0,20,2018,07,2
C00437277,2012018.0,25,2018,01,2
C00437277,2162018.0,30,2018,16,2
C00437277,2142018.0,10,2018,14,2
C00437277,2152018.0,5,2018,15,2
C00437277,2172018.0,5,2018,17,2
C00437277,2092018.0,15,2018,09,2
C00437277,2062018.0,50,2018,06,2
C00437277,2252018.0,10,2018,25,2
C00437277,2162018.0,10,2018,16,2
C00437277,2032018.0,12,2018,03,2
C00437277,2202018.0,25,2018,20,2
C00437277,2242018.0,5,2018,24,2
C00437277,2142018.0,5,2018,14,2
C00437277,2022018.0,20,2018,02,2
C00437277,2052018.0,100,2018,05,2
C00437277,2152018.0,65,2018,15,2
C00437277,2052018.0,15,2018,05,2
C00437277,2282018.0,25,2018,28,2
C00437277,2282018.0,25,2018,28,2
C00492785,2282018.0,25,2018,28,2
C00492785,2282018.0,100,2018,28,2
C00492785,2282018.0,40,2018,28,2
C00492785,2272018.0,150,2018,27,2
C00492785,2272018.0,25,2018,27,2
C00492785,2272018.0,1000,2018,27,2
C00492785,2272018.0,150,2018,27,2
C00492785,2272018.0,5,2018,27,2
C00492785,2152018.0,25,2018,15,2
C00492785,2152018.0,25,2018,15,2
C00492785,2152018.0,50,2018,15,2
C00492785,2152018.0,100,2018,15,2
C00492785,2152018.0,20,2018,15,2
C00492785,2152018.0,25,2018,15,2
C00492785,2152018.0,25,2018,15,2
C00492785,2152018.0,250,2018,15,2
C00492785,2152018.0,50,2018,15,2
C00492785,2152018.0,25,2018,15,2
C00492785,2152018.0,50,2018,15,2
C00492785,2152018.0,25,2018,15,2
C00492785,2282018.0,200,2018,28,2
C00492785,2162018.0,100,2018,16,2
C00492785,2162018.0,100,2018,16,2
C00492785,2162018.0,40,2018,16,2
C00492785,2162018.0,100,2018,16,2
C00492785,2162018.0,18,2018,16,2
C00492785,2162018.0,25,2018,16,2
C00492785,2162018.0,25,2018,16,2
C00492785,2162018.0,200,2018,16,2
C00492785,2162018.0,25,2018,16,2
C00492785,2162018.0,25,2018,16,2
C00492785,2162018.0,100,2018,16,2
C00492785,2162018.0,25,2018,16,2
C00492785,2162018.0,20,2018,16,2
C00492785,2162018.0,50,2018,16,2
C00492785,2162018.0,25,2018,16,2
C00492785,2162018.0,100,2018,16,2
C00492785,2162018.0,50,2018,16,2
C00492785,2152018.0,20,2018,15,2
C00492785,2152018.0,50,2018,15,2
C00492785,2152018.0,20,2018,15,2
C00492785,2152018.0,50,2018,15,2
C00492785,2152018.0,25,2018,15,2
C00492785,2152018.0,25,2018,15,2
C00492785,2152018.0,20,2018,15,2
C00492785,2152018.0,35,2018,15,2
C00492785,2152018.0,50,2018,15,2
C00492785,2152018.0,100,2018,15,2
C00492785,2152018.0,100,2018,15,2
C00492785,2152018.0,50,2018,15,2
C00492785,2152018.0,20,2018,15,2
C00492785,2152018.0,25,2018,15,2
C00492785,2282018.0,100,2018,28,2
C00492785,2282018.0,100,2018,28,2
C00492785,2282018.0,100,2018,28,2
C00492785,2282018.0,10,2018,28,2
C00492785,2282018.0,25,2018,28,2
C00492785,2282018.0,25,2018,28,2
C00492785,2282018.0,15,2018,28,2
C00492785,2282018.0,50,2018,28,2
C00492785,2282018.0,50,2018,28,2
C00492785,2272018.0,200,2018,27,2
C00492785,2272018.0,200,2018,27,2
C00492785,2272018.0,50,2018,27,2
C00492785,2272018.0,150,2018,27,2
C00492785,2272018.0,50,2018,27,2
C00437277,2132018.0,10,2018,13,2
C00437277,2062018.0,35,2018,06,2
C00437277,2192018.0,18,2018,19,2
C00437277,2102018.0,10,2018,10,2
C00437277,2222018.0,25,2018,22,2
C00437277,2222018.0,25,2018,22,2
C00437277,2222018.0,10,2018,22,2
C00437277,2062018.0,35,2018,06,2
C00437277,2142018.0,3,2018,14,2
C00437277,2222018.0,25,2018,22,2
C00437277,2062018.0,50,2018,06,2
C00437277,2112018.0,15,2018,11,2
C00437277,2052018.0,35,2018,05,2
C00437277,2162018.0,100,2018,16,2
C00437277,2022018.0,100,2018,02,2
C00437277,2212018.0,5,2018,21,2
C00437277,2282018.0,10,2018,28,2
C00437277,2022018.0,25,2018,02,2
C00437277,2132018.0,25,2018,13,2
C00437277,2092018.0,5,2018,09,2
C00437277,2282018.0,10,2018,28,2
C00437277,2282018.0,25,2018,28,2
C00437277,2282018.0,25,2018,28,2
C00437277,2182018.0,10,2018,18,2
C00437277,2122018.0,15,2018,12,2
C00437277,2052018.0,25,2018,05,2
C00437277,2112018.0,25,2018,11,2
C00437277,2062018.0,20,2018,06,2
C00437277,2062018.0,25,2018,06,2
C00437277,2082018.0,15,2018,08,2
C00437277,2272018.0,10,2018,27,2
C00437277,2282018.0,15,2018,28,2
C00437277,2162018.0,100,2018,16,2
C00437277,2262018.0,50,2018,26,2
C00437277,2222018.0,10,2018,22,2
C00437277,2032018.0,10,2018,03,2
C00437277,2132018.0,15,2018,13,2
C00437277,2222018.0,10,2018,22,2
C00437277,2172018.0,10,2018,17,2
C00437277,2022018.0,25,2018,02,2
C00437277,2192018.0,25,2018,19,2
C00437277,2172018.0,5,2018,17,2
C00492785,2272018.0,100,2018,27,2
C00492785,2272018.0,100,2018,27,2
C00492785,2272018.0,100,2018,27,2
C00492785,2272018.0,100,2018,27,2
C00492785,2272018.0,39,2018,27,2
C00492785,2272018.0,100,2018,27,2
C00492785,2272018.0,25,2018,27,2
C00492785,2272018.0,250,2018,27,2
C00492785,2152018.0,100,2018,15,2
C00492785,2212018.0,200,2018,21,2
C00492785,2212018.0,-200,2018,21,2
C00492785,2152018.0,100,2018,15,2
C00492785,2152018.0,20,2018,15,2
C00492785,2152018.0,50,2018,15,2
C00492785,2152018.0,10,2018,15,2
C00492785,2152018.0,5,2018,15,2
C00492785,2272018.0,100,2018,27,2
C00492785,2272018.0,45,2018,27,2
C00492785,2272018.0,75,2018,27,2
C00492785,2272018.0,250,2018,27,2
C00492785,2272018.0,50,2018,27,2
C00492785,2272018.0,50,2018,27,2
C00492785,2282018.0,25,2018,28,2
C00492785,2282018.0,20,2018,28,2
C00492785,2282018.0,25,2018,28,2
C00492785,2282018.0,200,2018,28,2
C00492785,2282018.0,100,2018,28,2
C00492785,2282018.0,25,2018,28,2
C00492785,2282018.0,100,2018,28,2
C00492785,2282018.0,50,2018,28,2
C00492785,2282018.0,25,2018,28,2
C00492785,2282018.0,10,2018,28,2
C00492785,2282018.0,37,2018,28,2
C00492785,2282018.0,50,2018,28,2
C00492785,2282018.0,10,2018,28,2
C00492785,2282018.0,50,2018,28,2
C00492785,2282018.0,25,2018,28,2
C00492785,2282018.0,50,2018,28,2
C00492785,2282018.0,10,2018,28,2
C00492785,2282018.0,25,2018,28,2
C00492785,2282018.0,100,2018,28,2
C00492785,2282018.0,400,2018,28,2
C00492785,2282018.0,25,2018,28,2
C00492785,2282018.0,50,2018,28,2
C00492785,2282018.0,25,2018,28,2
C00492785,2282018.0,5,2018,28,2
C00492785,2282018.0,25,2018,28,2
C00492785,2282018.0,25,2018,28,2
C00492785,2282018.0,25,2018,28,2
C00492785,2282018.0,150,2018,28,2
C00492785,2162018.0,100,2018,16,2
C00492785,2162018.0,25,2018,16,2
C00492785,2162018.0,50,2018,16,2
C00492785,2162018.0,50,2018,16,2
C00492785,2162018.0,25,2018,16,2
C00492785,2162018.0,50,2018,16,2
C00492785,2162018.0,20,2018,16,2
C00492785,2162018.0,50,2018,16,2
C00492785,2162018.0,25,2018,16,2
C00492785,2162018.0,30,2018,16,2
C00492785,2202018.0,25,2018,20,2
C00492785,2202018.0,500,2018,20,2
C00492785,2202018.0,100,2018,20,2
C00492785,2202018.0,50,2018,20,2
C00492785,2202018.0,250,2018,20,2
C00492785,2202018.0,25,2018,20,2
C00492785,2202018.0,100,2018,20,2
C00492785,2202018.0,25,2018,20,2
C00492785,2202018.0,50,2018,20,2
C00492785,2202018.0,50,2018,20,2
C00492785,2202018.0,100,2018,20,2
C00492785,2202018.0,25,2018,20,2
C00492785,2202018.0,20,2018,20,2
C00492785,2212018.0,100,2018,21,2
C00492785,2212018.0,-100,2018,21,2
C00492785,2202018.0,75,2018,20,2
C00492785,2202018.0,35,2018,20,2
C00492785,2202018.0,2700,2018,20,2
C00492785,2272018.0,150,2018,27,2
C00492785,2272018.0,100,2018,27,2
C00492785,2272018.0,10,2018,27,2
C00492785,2272018.0,50,2018,27,2
C00492785,2272018.0,30,2018,27,2
C00492785,2272018.0,75,2018,27,2
C00492785,2272018.0,100,2018,27,2
C00492785,2272018.0,100,2018,27,2
C00492785,2272018.0,100,2018,27,2
C00492785,2272018.0,500,2018,27,2
C00492785,2272018.0,40,2018,27,2
C00437277,2282018.0,10,2018,28,2
C00437277,2092018.0,5,2018,09,2
C00437277,2282018.0,5,2018,28,2
C00437277,2072018.0,15,2018,07,2
C00437277,2112018.0,5,2018,11,2
C00437277,2052018.0,250,2018,05,2
C00437277,2232018.0,15,2018,23,2
C00437277,2112018.0,10,2018,11,2
C00437277,2022018.0,10,2018,02,2
C00437277,2232018.0,5,2018,23,2
C00437277,2242018.0,15,2018,24,2
C00437277,2082018.0,25,2018,08,2
C00437277,2132018.0,50,2018,13,2
C00437277,2092018.0,25,2018,09,2
C00437277,2082018.0,100,2018,08,2
C00437277,2072018.0,5,2018,07,2
C00437277,2072018.0,25,2018,07,2
C00437277,2022018.0,10,2018,02,2
C00437277,2042018.0,15,2018,04,2
C00437277,2082018.0,100,2018,08,2
C00437277,2172018.0,25,2018,17,2
C00437277,2012018.0,100,2018,01,2
C00437277,2022018.0,250,2018,02,2
C00437277,2282018.0,20,2018,28,2
C00437277,2282018.0,15,2018,28,2
C00437277,2172018.0,5,2018,17,2
C00437277,2082018.0,10,2018,08,2
C00437277,2162018.0,5,2018,16,2
C00437277,2092018.0,35,2018,09,2
C00437277,2102018.0,5,2018,10,2
C00437277,2022018.0,250,2018,02,2
C00437277,2282018.0,15,2018,28,2
C00437277,2062018.0,250,2018,06,2
C00437277,2142018.0,5,2018,14,2
C00437277,2202018.0,20,2018,20,2
C00437277,2222018.0,25,2018,22,2
C00437277,2092018.0,10,2018,09,2
C00437277,2032018.0,500,2018,03,2
C00437277,2282018.0,7,2018,28,2
C00437277,2282018.0,5,2018,28,2
C00437277,2282018.0,10,2018,28,2
C00437277,2212018.0,5,2018,21,2
C00437277,2132018.0,100,2018,13,2
C00437277,2242018.0,10,2018,24,2
C00437277,2082018.0,1000,2018,08,2
C00437277,2122018.0,10,2018,12,2
C00437277,2182018.0,25,2018,18,2
C00492785,2222018.0,20,2018,22,2
C00492785,2272018.0,25,2018,27,2
C00492785,2262018.0,50,2018,26,2
C00492785,2262018.0,-50,2018,26,2
C00492785,2222018.0,25,2018,22,2
C00492785,2222018.0,75,2018,22,2
C00492785,2222018.0,25,2018,22,2
C00492785,2222018.0,50,2018,22,2
C00492785,2222018.0,1000,2018,22,2
C00492785,2222018.0,50,2018,22,2
C00492785,2222018.0,500,2018,22,2
C00492785,2242018.0,25,2018,24,2
C00492785,2242018.0,70,2018,24,2
C00492785,2242018.0,50,2018,24,2
C00492785,2242018.0,25,2018,24,2
C00492785,2242018.0,25,2018,24,2
C00492785,2242018.0,100,2018,24,2
C00492785,2242018.0,50,2018,24,2
C00492785,2242018.0,300,2018,24,2
C00492785,2242018.0,25,2018,24,2
C00492785,2152018.0,50,2018,15,2
C00492785,2282018.0,15,2018,28,2
C00492785,2282018.0,15,2018,28,2
C00492785,2282018.0,100,2018,28,2
C00492785,2282018.0,25,2018,28,2
C00492785,2282018.0,50,2018,28,2
C00492785,2282018.0,25,2018,28,2
C00492785,2282018.0,75,2018,28,2
C00492785,2282018.0,10,2018,28,2
C00492785,2282018.0,200,2018,28,2
C00492785,2282018.0,35,2018,28,2
C00492785,2262018.0,25,2018,26,2
C00492785,2252018.0,25,2018,25,2
C00492785,2252018.0,50,2018,25,2
C00492785,2262018.0,50,2018,26,2
C00492785,2262018.0,150,2018,26,2
C00492785,2262018.0,75,2018,26,2
C00492785,2262018.0,25,2018,26,2
C00492785,2262018.0,100,2018,26,2
C00492785,2262018.0,25,2018,26,2
C00492785,2262018.0,25,2018,26,2
C00492785,2262018.0,100,2018,26,2
C00492785,2262018.0,150,2018,26,2
C00492785,2262018.0,50,2018,26,2
C00492785,2262018.0,10,2018,26,2
C00492785,2262018.0,200,2018,26,2
C00492785,2152018.0,25,2018,15,2
C00492785,2152018.0,100,2018,15,2
C00492785,2152018.0,35,2018,15,2
C00492785,2152018.0,100,2018,15,2
C00492785,2152018.0,20,2018,15,2
C00492785,2152018.0,25,2018,15,2
C00492785,2152018.0,15,2018,15,2
C00492785,2152018.0,25,2018,15,2
C00492785,2152018.0,25,2018,15,2
C00492785,2152018.0,50,2018,15,2
C00492785,2152018.0,20,2018,15,2
C00492785,2152018.0,50,2018,15,2
C00492785,2282018.0,25,2018,28,2
C00492785,2152018.0,10,2018,15,2
C00492785,2152018.0,35,2018,15,2
C00492785,2152018.0,25,2018,15,2
C00492785,2152018.0,25,2018,15,2
C00492785,2152018.0,25,2018,15,2
C00492785,2152018.0,260,2018,15,2
C00492785,2152018.0,25,2018,15,2
C00492785,2152018.0,25,2018,15,2
C00492785,2152018.0,20,2018,15,2
C00492785,2152018.0,25,2018,15,2
C00492785,2152018.0,25,2018,15,2
C00492785,2152018.0,10,2018,15,2
C00492785,2152018.0,100,2018,15,2
C00492785,2162018.0,-100,2018,16,2
C00492785,2152018.0,25,2018,15,2
C00492785,2152018.0,15,2018,15,2
C00492785,2152018.0,100,2018,15,2
C00492785,2152018.0,100,2018,15,2
C00492785,2152018.0,25,2018,15,2
C00492785,2152018.0,200,2018,15,2
C00492785,2152018.0,50,2018,15,2
C00492785,2152018.0,20,2018,15,2
C00492785,2152018.0,50,2018,15,2
C00492785,2152018.0,50,2018,15,2
C00492785,2152018.0,25,2018,15,2
C00492785,2152018.0,25,2018,15,2
C00492785,2152018.0,25,2018,15,2
C00492785,2152018.0,50,2018,15,2
C00492785,2152018.0,25,2018,15,2
C00492785,2152018.0,75,2018,15,2
C00492785,2152018.0,25,2018,15,2
C00492785,2282018.0,50,2018,28,2
C00492785,2282018.0,100,2018,28,2
C00437277,2012018.0,250,2018,01,2
C00437277,2012018.0,250,2018,01,2
C00437277,2282018.0,10,2018,28,2
C00492785,2162018.0,50,2018,16,2
C00492785,2162018.0,25,2018,16,2
C00492785,2162018.0,100,2018,16,2
C00492785,2162018.0,100,2018,16,2
C00437277,2052018.0,25,2018,05,2
C00437277,2152018.0,15,2018,15,2
C00437277,2082018.0,25,2018,08,2
C00437277,2232018.0,5,2018,23,2
C00437277,2152018.0,25,2018,15,2
C00437277,2252018.0,25,2018,25,2
C00437277,2042018.0,50,2018,04,2
C00437277,2272018.0,10,2018,27,2
C00437277,2142018.0,10,2018,14,2
C00437277,2232018.0,50,2018,23,2
C00437277,2112018.0,35,2018,11,2
C00437277,2232018.0,200,2018,23,2
C00437277,2122018.0,10,2018,12,2
C00437277,2052018.0,25,2018,05,2
C00437277,2052018.0,100,2018,05,2
C00437277,2052018.0,25,2018,05,2
C00437277,2222018.0,25,2018,22,2
C00437277,2082018.0,100,2018,08,2
C00437277,2012018.0,20,2018,01,2
C00437277,2022018.0,5,2018,02,2
C00437277,2152018.0,10,2018,15,2
C00437277,2092018.0,15,2018,09,2
C00437277,2102018.0,25,2018,10,2
C00437277,2162018.0,10,2018,16,2
C00437277,2102018.0,100,2018,10,2
C00437277,2212018.0,5,2018,21,2
C00437277,2202018.0,15,2018,20,2
C00437277,2022018.0,10,2018,02,2
C00437277,2012018.0,25,2018,01,2
C00437277,2032018.0,10,2018,03,2
C00437277,2132018.0,25,2018,13,2
C00437277,2122018.0,100,2018,12,2
C00437277,2022018.0,50,2018,02,2
C00437277,2282018.0,10,2018,28,2
C00437277,2012018.0,25,2018,01,2
C00437277,2052018.0,5,2018,05,2
C00437277,2042018.0,25,2018,04,2
C00437277,2262018.0,25,2018,26,2
C00492785,2162018.0,100,2018,16,2
C00492785,2162018.0,25,2018,16,2
C00492785,2162018.0,10,2018,16,2
C00492785,2162018.0,20,2018,16,2
C00492785,2162018.0,50,2018,16,2
C00492785,2202018.0,25,2018,20,2
C00492785,2202018.0,25,2018,20,2
C00492785,2202018.0,50,2018,20,2
C00492785,2202018.0,25,2018,20,2
C00492785,2202018.0,30,2018,20,2
C00492785,2202018.0,50,2018,20,2
C00492785,2202018.0,25,2018,20,2
C00492785,2202018.0,20,2018,20,2
C00492785,2202018.0,100,2018,20,2
C00492785,2202018.0,40,2018,20,2
C00492785,2202018.0,75,2018,20,2
C00492785,2202018.0,50,2018,20,2
C00492785,2202018.0,500,2018,20,2
C00492785,2202018.0,63,2018,20,2
C00492785,2202018.0,70,2018,20,2
C00492785,2202018.0,150,2018,20,2
C00492785,2202018.0,35,2018,20,2
C00492785,2202018.0,30,2018,20,2
C00492785,2272018.0,1000,2018,27,2
C00492785,2272018.0,100,2018,27,2
C00492785,2272018.0,50,2018,27,2
C00492785,2272018.0,25,2018,27,2
C00492785,2272018.0,50,2018,27,2
C00492785,2272018.0,35,2018,27,2
C00492785,2272018.0,25,2018,27,2
C00492785,2272018.0,100,2018,27,2
C00492785,2202018.0,100,2018,20,2
C00492785,2202018.0,50,2018,20,2
C00492785,2202018.0,100,2018,20,2
C00492785,2202018.0,200,2018,20,2
C00492785,2202018.0,25,2018,20,2
C00492785,2202018.0,50,2018,20,2
C00492785,2202018.0,50,2018,20,2
C00492785,2202018.0,50,2018,20,2
C00492785,2202018.0,100,2018,20,2
C00492785,2202018.0,25,2018,20,2
C00492785,2202018.0,10,2018,20,2
C00492785,2202018.0,20,2018,20,2
C00492785,2202018.0,25,2018,20,2
C00492785,2202018.0,100,2018,20,2
C00492785,2202018.0,50,2018,20,2
C00492785,2202018.0,10,2018,20,2
C00492785,2202018.0,75,2018,20,2
C00492785,2202018.0,50,2018,20,2
C00492785,2202018.0,50,2018,20,2
C00492785,2272018.0,100,2018,27,2
C00492785,2272018.0,25,2018,27,2
C00492785,2272018.0,25,2018,27,2
C00492785,2272018.0,50,2018,27,2
C00492785,2272018.0,25,2018,27,2
C00492785,2272018.0,100,2018,27,2
C00492785,2272018.0,100,2018,27,2
C00492785,2272018.0,25,2018,27,2
C00492785,2272018.0,25,2018,27,2
C00492785,2272018.0,50,2018,27,2
C00492785,2282018.0,50,2018,28,2
C00492785,2272018.0,250,2018,27,2
C00492785,2272018.0,25,2018,27,2
C00492785,2272018.0,20,2018,27,2
C00492785,2272018.0,100,2018,27,2
C00492785,2272018.0,25,2018,27,2
C00492785,2272018.0,25,2018,27,2
C00492785,2272018.0,25,2018,27,2
C00492785,2272018.0,50,2018,27,2
C00492785,2272018.0,200,2018,27,2
C00492785,2272018.0,200,2018,27,2
C00492785,2272018.0,100,2018,27,2
C00492785,2272018.0,50,2018,27,2
C00492785,2272018.0,35,2018,27,2
C00492785,2272018.0,20,2018,27,2
C00492785,2272018.0,25,2018,27,2
C00492785,2272018.0,100,2018,27,2
C00492785,2272018.0,250,2018,27,2
C00492785,2272018.0,30,2018,27,2
C00492785,2212018.0,-9,2018,21,2
C00492785,2212018.0,250,2018,21,2
C00492785,2212018.0,10,2018,21,2
C00492785,2212018.0,20,2018,21,2
C00492785,2212018.0,-200,2018,21,2
C00492785,2212018.0,100,2018,21,2
C00492785,2212018.0,25,2018,21,2
C00492785,2212018.0,100,2018,21,2
C00492785,2212018.0,1000,2018,21,2
C00492785,2212018.0,50,2018,21,2
C00492785,2212018.0,10,2018,21,2
C00492785,2212018.0,35,2018,21,2
C00492785,2212018.0,25,2018,21,2
C00492785,2212018.0,25,2018,21,2
C00492785,2212018.0,500,2018,21,2
C00492785,2212018.0,25,2018,21,2
C00492785,2212018.0,25,2018,21,2
C00492785,2282018.0,100,2018,28,2
C00492785,2282018.0,200,2018,28,2
C00492785,2282018.0,25,2018,28,2
C00492785,2162018.0,25,2018,16,2
C00492785,2162018.0,50,2018,16,2
C00492785,2162018.0,50,2018,16,2
C00492785,2162018.0,26,2018,16,2
C00492785,2162018.0,25,2018,16,2
C00492785,2162018.0,50,2018,16,2
C00492785,2162018.0,25,2018,16,2
C00492785,2162018.0,50,2018,16,2
C00492785,2162018.0,20,2018,16,2
C00492785,2162018.0,50,2018,16,2
C00492785,2162018.0,100,2018,16,2
C00492785,2162018.0,100,2018,16,2
C00492785,2202018.0,1000,2018,20,2
C00492785,2282018.0,100,2018,28,2
C00492785,2282018.0,25,2018,28,2
C00492785,2282018.0,100,2018,28,2
C00492785,2282018.0,100,2018,28,2
C00492785,2282018.0,10,2018,28,2
C00492785,2282018.0,100,2018,28,2
C00492785,2282018.0,25,2018,28,2
C00492785,2152018.0,20,2018,15,2
C00492785,2152018.0,10,2018,15,2
C00492785,2152018.0,100,2018,15,2
C00492785,2152018.0,25,2018,15,2
C00492785,2152018.0,25,2018,15,2
C00492785,2152018.0,50,2018,15,2
C00492785,2152018.0,10,2018,15,2
C00492785,2152018.0,25,2018,15,2
C00492785,2152018.0,50,2018,15,2
C00492785,2152018.0,50,2018,15,2
C00492785,2262018.0,25,2018,26,2
C00492785,2262018.0,200,2018,26,2
C00492785,2272018.0,400,2018,27,2
C00492785,2272018.0,50,2018,27,2
C00437277,2042018.0,10,2018,04,2
C00437277,2282018.0,25,2018,28,2
C00437277,2062018.0,50,2018,06,2
C00437277,2242018.0,5,2018,24,2
C00437277,2082018.0,50,2018,08,2
C00437277,2082018.0,10,2018,08,2
C00437277,2272018.0,25,2018,27,2
C00437277,2282018.0,25,2018,28,2
C00437277,2022018.0,100,2018,02,2
C00437277,2282018.0,25,2018,28,2
C00437277,2282018.0,15,2018,28,2
C00437277,2282018.0,5,2018,28,2
C00437277,2012018.0,25,2018,01,2
C00437277,2052018.0,100,2018,05,2
C00437277,2202018.0,15,2018,20,2
C00437277,2282018.0,25,2018,28,2
C00437277,2192018.0,15,2018,19,2
C00437277,2012018.0,25,2018,01,2
C00437277,2022018.0,11,2018,02,2
C00437277,2162018.0,250,2018,16,2
C00437277,2162018.0,10,2018,16,2
C00437277,2122018.0,10,2018,12,2
C00437277,2142018.0,3,2018,14,2
C00437277,2282018.0,50,2018,28,2
C00437277,2082018.0,20,2018,08,2
C00437277,2162018.0,5,2018,16,2
C00437277,2182018.0,15,2018,18,2
C00437277,2022018.0,50,2018,02,2
C00437277,2282018.0,8,2018,28,2
C00437277,2282018.0,25,2018,28,2
C00437277,2012018.0,500,2018,01,2
C00437277,2102018.0,50,2018,10,2
C00437277,2112018.0,15,2018,11,2
C00437277,2212018.0,50,2018,21,2
C00437277,2222018.0,10,2018,22,2
C00437277,2252018.0,25,2018,25,2
C00492785,2152018.0,25,2018,15,2
C00492785,2152018.0,25,2018,15,2
C00492785,2152018.0,35,2018,15,2
C00492785,2152018.0,20,2018,15,2
C00492785,2202018.0,25,2018,20,2
C00492785,2202018.0,10,2018,20,2
C00492785,2202018.0,500,2018,20,2
C00492785,2202018.0,250,2018,20,2
C00492785,2202018.0,25,2018,20,2
C00492785,2202018.0,100,2018,20,2
C00492785,2202018.0,30,2018,20,2
C00492785,2202018.0,50,2018,20,2
C00492785,2202018.0,1000,2018,20,2
C00492785,2202018.0,250,2018,20,2
C00492785,2202018.0,25,2018,20,2
C00492785,2152018.0,25,2018,15,2
C00492785,2152018.0,50,2018,15,2
C00492785,2152018.0,50,2018,15,2
C00492785,2152018.0,25,2018,15,2
C00492785,2152018.0,150,2018,15,2
C00492785,2152018.0,20,2018,15,2
C00492785,2152018.0,50,2018,15,2
C00492785,2152018.0,10,2018,15,2
C00492785,2152018.0,50,2018,15,2
C00492785,2152018.0,25,2018,15,2
C00492785,2152018.0,50,2018,15,2
C00492785,2152018.0,9,2018,15,2
C00492785,2152018.0,150,2018,15,2
C00492785,2152018.0,25,2018,15,2
C00492785,2152018.0,2000,2018,15,2
C00492785,2282018.0,25,2018,28,2
C00492785,2152018.0,20,2018,15,2
C00492785,2152018.0,25,2018,15,2
C00492785,2272018.0,300,2018,27,2
C00492785,2282018.0,10,2018,28,2
C00492785,2282018.0,120,2018,28,2
C00492785,2282018.0,25,2018,28,2
C00492785,2282018.0,100,2018,28,2
C00492785,2282018.0,100,2018,28,2
C00492785,2282018.0,25,2018,28,2
C00492785,2282018.0,250,2018,28,2
C00492785,2282018.0,500,2018,28,2
C00492785,2282018.0,25,2018,28,2
C00492785,2282018.0,50,2018,28,2
C00492785,2282018.0,50,2018,28,2
C00492785,2282018.0,100,2018,28,2
C00492785,2282018.0,20,2018,28,2
C00492785,2282018.0,100,2018,28,2
C00492785,2282018.0,40,2018,28,2
C00492785,2282018.0,50,2018,28,2
C00492785,2282018.0,25,2018,28,2
C00492785,2282018.0,65,2018,28,2
C00492785,2282018.0,25,2018,28,2
C00492785,2282018.0,50,2018,28,2
C00492785,2282018.0,50,2018,28,2
C00492785,2282018.0,10,2018,28,2
C00492785,2282018.0,100,2018,28,2
C00492785,2282018.0,25,2018,28,2
C00492785,2242018.0,80,2018,24,2
C00492785,2232018.0,100,2018,23,2
C00492785,2232018.0,100,2018,23,2
C00492785,2232018.0,50,2018,23,2
C00492785,2242018.0,50,2018,24,2
C00492785,2242018.0,25,2018,24,2
C00492785,2242018.0,25,2018,24,2
C00492785,2242018.0,25,2018,24,2
C00492785,2242018.0,250,2018,24,2
C00492785,2242018.0,1000,2018,24,2
C00492785,2262018.0,10,2018,26,2
C00492785,2262018.0,250,2018,26,2
C00492785,2262018.0,10,2018,26,2
C00492785,2262018.0,25,2018,26,2
C00492785,2262018.0,200,2018,26,2
C00492785,2262018.0,100,2018,26,2
C00492785,2262018.0,100,2018,26,2
C00492785,2262018.0,25,2018,26,2
C00492785,2282018.0,20,2018,28,2
C00492785,2282018.0,10,2018,28,2
C00492785,2282018.0,25,2018,28,2
C00492785,2282018.0,150,2018,28,2
C00492785,2272018.0,25,2018,27,2
C00492785,2272018.0,25,2018,27,2
C00437277,2282018.0,15,2018,28,2
C00437277,2192018.0,25,2018,19,2
C00437277,2142018.0,10,2018,14,2
C00437277,2042018.0,10,2018,04,2
C00437277,2282018.0,25,2018,28,2
C00437277,2042018.0,5,2018,04,2
C00437277,2202018.0,7,2018,20,2
C00437277,2232018.0,5,2018,23,2
C00437277,2062018.0,15,2018,06,2
C00437277,2132018.0,15,2018,13,2
C00437277,2032018.0,50,2018,03,2
C00437277,2272018.0,25,2018,27,2
C00437277,2282018.0,25,2018,28,2
C00437277,2052018.0,100,2018,05,2
C00437277,2222018.0,5,2018,22,2
C00437277,2142018.0,25,2018,14,2
C00437277,2112018.0,50,2018,11,2
C00437277,2272018.0,25,2018,27,2
C00437277,2242018.0,5,2018,24,2
C00437277,2012018.0,50,2018,01,2
C00437277,2052018.0,25,2018,05,2
C00437277,2172018.0,25,2018,17,2
C00437277,2082018.0,50,2018,08,2
C00437277,2212018.0,100,2018,21,2
C00437277,2042018.0,15,2018,04,2
C00437277,2092018.0,15,2018,09,2
C00437277,2132018.0,10,2018,13,2
C00437277,2072018.0,25,2018,07,2
C00437277,2242018.0,15,2018,24,2
C00437277,2012018.0,25,2018,01,2
C00437277,2202018.0,10,2018,20,2
C00437277,2082018.0,100,2018,08,2
C00437277,2162018.0,5,2018,16,2
C00437277,2012018.0,10,2018,01,2
C00437277,2112018.0,25,2018,11,2
C00437277,2042018.0,5,2018,04,2
C00437277,2282018.0,10,2018,28,2
C00437277,2232018.0,5,2018,23,2
C00437277,2032018.0,10,2018,03,2
C00437277,2282018.0,10,2018,28,2
C00437277,2162018.0,12,2018,16,2
C00492785,2282018.0,150,2018,28,2
C00492785,2282018.0,500,2018,28,2
C00492785,2282018.0,150,2018,28,2
C00492785,2282018.0,30,2018,28,2
C00492785,2282018.0,10,2018,28,2
C00492785,2282018.0,35,2018,28,2
C00492785,2282018.0,25,2018,28,2
C00492785,2282018.0,25,2018,28,2
C00492785,2282018.0,50,2018,28,2
C00492785,2282018.0,50,2018,28,2
C00492785,2282018.0,25,2018,28,2
C00492785,2282018.0,25,2018,28,2
C00492785,2282018.0,36,2018,28,2
C00492785,2282018.0,50,2018,28,2
C00492785,2282018.0,-100,2018,28,2
C00492785,2202018.0,50,2018,20,2
C00492785,2202018.0,25,2018,20,2
C00492785,2202018.0,50,2018,20,2
C00492785,2202018.0,50,2018,20,2
C00492785,2202018.0,100,2018,20,2
C00492785,2202018.0,35,2018,20,2
C00492785,2282018.0,50,2018,28,2
C00492785,2282018.0,50,2018,28,2
C00492785,2282018.0,100,2018,28,2
C00492785,2282018.0,20,2018,28,2
C00492785,2282018.0,20,2018,28,2
C00492785,2282018.0,30,2018,28,2
C00492785,2282018.0,35,2018,28,2
C00492785,2282018.0,25,2018,28,2
C00492785,2282018.0,50,2018,28,2
C00492785,2282018.0,75,2018,28,2
C00492785,2282018.0,20,2018,28,2
C00492785,2282018.0,25,2018,28,2
C00492785,2152018.0,50,2018,15,2
C00492785,2152018.0,25,2018,15,2
C00492785,2152018.0,25,2018,15,2
C00492785,2152018.0,25,2018,15,2
C00492785,2152018.0,50,2018,15,2
C00492785,2152018.0,25,2018,15,2
C00492785,2152018.0,100,2018,15,2
C00492785,2152018.0,1000,2018,15,2
C00492785,2152018.0,50,2018,15,2
C00492785,2152018.0,25,2018,15,2
C00492785,2212018.0,50,2018,21,2
C00492785,2262018.0,25,2018,26,2
C00492785,2262018.0,-25,2018,26,2
C00492785,2212018.0,100,2018,21,2
C00492785,2212018.0,25,2018,21,2
C00492785,2212018.0,50,2018,21,2
C00492785,2212018.0,10,2018,21,2
C00492785,2212018.0,100,2018,21,2
C00492785,2212018.0,50,2018,21,2
C00492785,2212018.0,50,2018,21,2
C00492785,2212018.0,250,2018,21,2
C00492785,2212018.0,50,2018,21,2
C00492785,2232018.0,25,2018,23,2
C00492785,2232018.0,35,2018,23,2
C00492785,2232018.0,5,2018,23,2
C00492785,2232018.0,1000,2018,23,2
C00492785,2232018.0,2000,2018,23,2
C00492785,2272018.0,50,2018,27,2
C00492785,2272018.0,50,2018,27,2
C00492785,2272018.0,1000,2018,27,2
C00492785,2272018.0,100,2018,27,2
C00492785,2272018.0,50,2018,27,2
C00492785,2272018.0,250,2018,27,2
C00492785,2272018.0,1100,2018,27,2
C00492785,2272018.0,25,2018,27,2
C00492785,2272018.0,100,2018,27,2
C00492785,2272018.0,50,2018,27,2
C00492785,2202018.0,25,2018,20,2
C00492785,2192018.0,25,2018,19,2
C00492785,2202018.0,500,2018,20,2
C00492785,2202018.0,50,2018,20,2
C00492785,2202018.0,50,2018,20,2
C00492785,2202018.0,100,2018,20,2
C00492785,2202018.0,100,2018,20,2
C00492785,2202018.0,25,2018,20,2
C00492785,2202018.0,200,2018,20,2
C00492785,2202018.0,50,2018,20,2
C00492785,2232018.0,25,2018,23,2
C00492785,2232018.0,25,2018,23,2
C00492785,2232018.0,25,2018,23,2
C00492785,2232018.0,200,2018,23,2
C00492785,2232018.0,1000,2018,23,2
C00492785,2242018.0,25,2018,24,2
C00492785,2282018.0,20,2018,28,2
C00492785,2282018.0,50,2018,28,2
C00437277,2102018.0,5,2018,10,2
C00437277,2022018.0,25,2018,02,2
C00437277,2142018.0,15,2018,14,2
C00437277,2152018.0,10,2018,15,2
C00437277,2122018.0,25,2018,12,2
C00437277,2202018.0,10,2018,20,2
C00437277,2082018.0,25,2018,08,2
C00437277,2102018.0,35,2018,10,2
C00437277,2142018.0,100,2018,14,2
C00437277,2252018.0,10,2018,25,2
C00437277,2142018.0,15,2018,14,2
C00437277,2102018.0,65,2018,10,2
C00437277,2282018.0,15,2018,28,2
C00437277,2072018.0,50,2018,07,2
C00437277,2132018.0,15,2018,13,2
C00437277,2192018.0,25,2018,19,2
C00437277,2122018.0,25,2018,12,2
C00437277,2262018.0,50,2018,26,2
C00437277,2282018.0,25,2018,28,2
C00437277,2282018.0,10,2018,28,2
C00437277,2032018.0,25,2018,03,2
C00437277,2252018.0,10,2018,25,2
C00437277,2172018.0,50,2018,17,2
C00437277,2092018.0,5,2018,09,2
C00437277,2042018.0,25,2018,04,2
C00437277,2262018.0,10,2018,26,2
C00437277,2132018.0,10,2018,13,2
C00437277,2042018.0,10,2018,04,2
C00437277,2162018.0,5,2018,16,2
C00437277,2102018.0,10,2018,10,2
C00437277,2282018.0,25,2018,28,2
C00437277,2272018.0,100,2018,27,2
C00437277,2142018.0,50,2018,14,2
C00437277,2052018.0,50,2018,05,2
C00437277,2122018.0,15,2018,12,2
C00437277,2162018.0,25,2018,16,2
C00492785,2282018.0,25,2018,28,2
C00492785,2222018.0,150,2018,22,2
C00437277,2232018.0,50,2018,23,2
C00492785,2222018.0,50,2018,22,2
C00492785,2222018.0,50,2018,22,2
C00492785,2222018.0,100,2018,22,2
C00492785,2222018.0,35,2018,22,2
C00492785,2222018.0,50,2018,22,2
C00492785,2222018.0,200,2018,22,2
C00492785,2222018.0,50,2018,22,2
C00492785,2222018.0,500,2018,22,2
C00492785,2222018.0,150,2018,22,2
C00492785,2222018.0,25,2018,22,2
C00492785,2222018.0,100,2018,22,2
C00492785,2222018.0,100,2018,22,2
C00492785,2242018.0,25,2018,24,2
C00492785,2242018.0,20,2018,24,2
C00492785,2242018.0,100,2018,24,2
C00492785,2242018.0,100,2018,24,2
C00492785,2242018.0,100,2018,24,2
C00492785,2242018.0,250,2018,24,2
C00492785,2242018.0,250,2018,24,2
C00492785,2242018.0,100,2018,24,2
C00492785,2242018.0,100,2018,24,2
C00492785,2172018.0,50,2018,17,2
C00492785,2172018.0,25,2018,17,2
C00492785,2172018.0,10,2018,17,2
C00492785,2172018.0,15,2018,17,2
C00492785,2172018.0,100,2018,17,2
C00492785,2172018.0,25,2018,17,2
C00492785,2172018.0,25,2018,17,2
C00492785,2172018.0,25,2018,17,2
C00492785,2172018.0,100,2018,17,2
C00492785,2172018.0,25,2018,17,2
C00492785,2172018.0,5,2018,17,2
C00492785,2172018.0,100,2018,17,2
C00492785,2172018.0,25,2018,17,2
C00492785,2172018.0,100,2018,17,2
C00492785,2172018.0,50,2018,17,2
C00492785,2172018.0,50,2018,17,2
C00492785,2172018.0,100,2018,17,2
C00492785,2172018.0,100,2018,17,2
C00492785,2182018.0,25,2018,18,2
C00492785,2272018.0,35,2018,27,2
C00492785,2272018.0,100,2018,27,2
C00492785,2272018.0,100,2018,27,2
C00492785,2272018.0,10,2018,27,2
C00492785,2272018.0,10,2018,27,2
C00492785,2272018.0,250,2018,27,2
C00492785,2272018.0,200,2018,27,2
C00492785,2272018.0,100,2018,27,2
C00492785,2272018.0,100,2018,27,2
C00492785,2272018.0,25,2018,27,2
C00492785,2272018.0,100,2018,27,2
C00492785,2272018.0,25,2018,27,2
C00492785,2272018.0,25,2018,27,2
C00492785,2272018.0,100,2018,27,2
C00492785,2272018.0,25,2018,27,2
C00492785,2272018.0,200,2018,27,2
C00492785,2272018.0,45,2018,27,2
C00492785,2272018.0,25,2018,27,2
C00492785,2272018.0,200,2018,27,2
C00492785,2272018.0,50,2018,27,2
C00492785,2272018.0,35,2018,27,2
C00492785,2272018.0,50,2018,27,2
C00492785,2272018.0,250,2018,27,2
C00437277,2162018.0,100,2018,16,2
C00437277,2052018.0,50,2018,05,2
C00437277,2092018.0,10,2018,09,2
C00437277,2052018.0,20,2018,05,2
C00437277,2012018.0,100,2018,01,2
C00437277,2202018.0,15,2018,20,2
C00437277,2232018.0,25,2018,23,2
C00437277,2052018.0,20,2018,05,2
C00437277,2102018.0,65,2018,10,2
C00437277,2232018.0,5,2018,23,2
C00437277,2082018.0,50,2018,08,2
C00437277,2282018.0,100,2018,28,2
C00437277,2042018.0,15,2018,04,2
C00437277,2212018.0,100,2018,21,2
C00437277,2212018.0,5,2018,21,2
C00437277,2042018.0,15,2018,04,2
C00437277,2032018.0,5,2018,03,2
C00437277,2282018.0,15,2018,28,2
C00437277,2282018.0,10,2018,28,2
C00437277,2282018.0,10,2018,28,2
C00437277,2052018.0,25,2018,05,2
C00437277,2022018.0,35,2018,02,2
C00437277,2022018.0,25,2018,02,2
C00437277,2162018.0,100,2018,16,2
C00437277,2092018.0,10,2018,09,2
C00437277,2272018.0,10,2018,27,2
C00437277,2162018.0,50,2018,16,2
C00437277,2142018.0,10,2018,14,2
C00437277,2112018.0,11,2018,11,2
C00437277,2042018.0,10,2018,04,2
C00437277,2232018.0,50,2018,23,2
C00437277,2052018.0,10,2018,05,2
C00437277,2102018.0,25,2018,10,2
C00437277,2112018.0,10,2018,11,2
C00437277,2052018.0,50,2018,05,2
C00437277,2122018.0,8,2018,12,2
C00437277,2012018.0,100,2018,01,2
C00437277,2092018.0,15,2018,09,2
C00437277,2282018.0,100,2018,28,2
C00437277,2262018.0,15,2018,26,2
C00437277,2232018.0,100,2018,23,2
C00437277,2192018.0,15,2018,19,2
C00437277,2232018.0,199,2018,23,2
C00437277,2262018.0,25,2018,26,2
C00437277,2282018.0,25,2018,28,2
C00437277,2222018.0,25,2018,22,2
C00492785,2152018.0,5,2018,15,2
C00492785,2152018.0,25,2018,15,2
C00492785,2152018.0,25,2018,15,2
C00492785,2152018.0,100,2018,15,2
C00492785,2152018.0,100,2018,15,2
C00492785,2152018.0,25,2018,15,2
C00492785,2152018.0,25,2018,15,2
C00492785,2152018.0,-250,2018,15,2
C00492785,2152018.0,20,2018,15,2
C00492785,2152018.0,5,2018,15,2
C00492785,2152018.0,100,2018,15,2
C00492785,2152018.0,50,2018,15,2
C00492785,2162018.0,100,2018,16,2
C00492785,2162018.0,10,2018,16,2
C00492785,2272018.0,5,2018,27,2
C00492785,2272018.0,20,2018,27,2
C00492785,2272018.0,50,2018,27,2
C00492785,2272018.0,200,2018,27,2
C00492785,2272018.0,100,2018,27,2
C00492785,2272018.0,25,2018,27,2
C00492785,2272018.0,30,2018,27,2
C00492785,2272018.0,35,2018,27,2
C00492785,2202018.0,100,2018,20,2
C00492785,2202018.0,50,2018,20,2
C00492785,2202018.0,250,2018,20,2
C00492785,2202018.0,100,2018,20,2
C00492785,2202018.0,100,2018,20,2
C00492785,2282018.0,25,2018,28,2
C00492785,2282018.0,100,2018,28,2
C00492785,2282018.0,15,2018,28,2
C00492785,2282018.0,500,2018,28,2
C00492785,2232018.0,1000,2018,23,2
C00492785,2232018.0,50,2018,23,2
C00492785,2232018.0,10,2018,23,2
C00492785,2232018.0,1000,2018,23,2
C00492785,2232018.0,25,2018,23,2
C00492785,2232018.0,100,2018,23,2
C00492785,2232018.0,25,2018,23,2
C00492785,2232018.0,25,2018,23,2
C00492785,2232018.0,1000,2018,23,2
C00492785,2232018.0,50,2018,23,2
C00492785,2232018.0,2000,2018,23,2
C00492785,2232018.0,25,2018,23,2
C00492785,2232018.0,2000,2018,23,2
C00492785,2232018.0,2000,2018,23,2
C00492785,2252018.0,50,2018,25,2
C00492785,2252018.0,500,2018,25,2
C00492785,2252018.0,300,2018,25,2
C00492785,2262018.0,50,2018,26,2
C00492785,2262018.0,-50,2018,26,2
C00492785,2252018.0,25,2018,25,2
C00492785,2252018.0,100,2018,25,2
C00492785,2252018.0,50,2018,25,2
C00492785,2252018.0,250,2018,25,2
C00492785,2262018.0,75,2018,26,2
C00492785,2252018.0,150,2018,25,2
C00492785,2262018.0,100,2018,26,2
C00492785,2262018.0,50,2018,26,2
C00492785,2262018.0,10,2018,26,2
C00492785,2262018.0,40,2018,26,2
C00492785,2262018.0,70,2018,26,2
C00492785,2262018.0,70,2018,26,2
C00492785,2272018.0,150,2018,27,2
C00492785,2272018.0,50,2018,27,2
C00492785,2272018.0,700,2018,27,2
C00492785,2272018.0,25,2018,27,2
C00492785,2272018.0,500,2018,27,2
C00492785,2272018.0,1000,2018,27,2
C00492785,2272018.0,25,2018,27,2
C00492785,2272018.0,25,2018,27,2
C00437277,2072018.0,50,2018,07,2
C00437277,2112018.0,250,2018,11,2
C00437277,2012018.0,20,2018,01,2
C00437277,2032018.0,9,2018,03,2
C00437277,2052018.0,250,2018,05,2
C00437277,2072018.0,50,2018,07,2
C00437277,2052018.0,100,2018,05,2
C00437277,2062018.0,15,2018,06,2
C00437277,2042018.0,10,2018,04,2
C00437277,2132018.0,25,2018,13,2
C00437277,2012018.0,25,2018,01,2
C00437277,2022018.0,35,2018,02,2
C00437277,2282018.0,10,2018,28,2
C00437277,2162018.0,100,2018,16,2
C00437277,2062018.0,5,2018,06,2
C00437277,2052018.0,15,2018,05,2
C00437277,2082018.0,10,2018,08,2
C00437277,2062018.0,15,2018,06,2
C00437277,2282018.0,10,2018,28,2
C00437277,2282018.0,17,2018,28,2
C00437277,2282018.0,25,2018,28,2
C00437277,2062018.0,25,2018,06,2
C00437277,2282018.0,15,2018,28,2
C00437277,2232018.0,25,2018,23,2
C00437277,2052018.0,10,2018,05,2
C00437277,2052018.0,100,2018,05,2
C00437277,2052018.0,25,2018,05,2
C00437277,2212018.0,250,2018,21,2
C00437277,2272018.0,25,2018,27,2
C00437277,2052018.0,100,2018,05,2
C00437277,2262018.0,10,2018,26,2
C00437277,2222018.0,5,2018,22,2
C00437277,2012018.0,10,2018,01,2
C00437277,2012018.0,25,2018,01,2
C00437277,2042018.0,15,2018,04,2
C00437277,2132018.0,25,2018,13,2
C00437277,2102018.0,25,2018,10,2
C00437277,2022018.0,50,2018,02,2
C00437277,2082018.0,20,2018,08,2
C00437277,2062018.0,5,2018,06,2
C00437277,2212018.0,10,2018,21,2
C00437277,2012018.0,25,2018,01,2
C00437277,2032018.0,10,2018,03,2
C00437277,2282018.0,10,2018,28,2
C00437277,2032018.0,5,2018,03,2
C00437277,2202018.0,25,2018,20,2
C00437277,2222018.0,25,2018,22,2
C00492785,2272018.0,600,2018,27,2
C00492785,2272018.0,250,2018,27,2
C00492785,2272018.0,50,2018,27,2
C00492785,2272018.0,100,2018,27,2
C00492785,2272018.0,35,2018,27,2
C00492785,2272018.0,5,2018,27,2
C00492785,2272018.0,300,2018,27,2
C00492785,2272018.0,100,2018,27,2
C00492785,2272018.0,100,2018,27,2
C00492785,2272018.0,100,2018,27,2
C00492785,2272018.0,100,2018,27,2
C00492785,2272018.0,50,2018,27,2
C00492785,2272018.0,200,2018,27,2
C00492785,2272018.0,50,2018,27,2
C00492785,2282018.0,200,2018,28,2
C00492785,2282018.0,100,2018,28,2
C00492785,2282018.0,25,2018,28,2
C00492785,2282018.0,100,2018,28,2
C00492785,2282018.0,50,2018,28,2
C00492785,2282018.0,25,2018,28,2
C00492785,2282018.0,50,2018,28,2
C00492785,2282018.0,1000,2018,28,2
C00492785,2282018.0,500,2018,28,2
C00492785,2282018.0,50,2018,28,2
C00492785,2282018.0,100,2018,28,2
C00492785,2282018.0,50,2018,28,2
C00492785,2282018.0,25,2018,28,2
C00492785,2162018.0,50,2018,16,2
C00492785,2162018.0,30,2018,16,2
C00492785,2162018.0,25,2018,16,2
C00492785,2162018.0,50,2018,16,2
C00492785,2162018.0,100,2018,16,2
C00492785,2162018.0,100,2018,16,2
C00492785,2162018.0,25,2018,16,2
C00492785,2162018.0,100,2018,16,2
C00492785,2172018.0,50,2018,17,2
C00492785,2172018.0,15,2018,17,2
C00492785,2172018.0,25,2018,17,2
C00492785,2172018.0,5,2018,17,2
C00492785,2172018.0,25,2018,17,2
C00492785,2172018.0,25,2018,17,2
C00492785,2172018.0,100,2018,17,2
C00492785,2172018.0,500,2018,17,2
C00492785,2172018.0,150,2018,17,2
C00492785,2172018.0,25,2018,17,2
C00492785,2172018.0,25,2018,17,2
C00492785,2202018.0,25,2018,20,2
C00492785,2202018.0,25,2018,20,2
C00492785,2202018.0,100,2018,20,2
C00492785,2202018.0,25,2018,20,2
C00492785,2202018.0,5,2018,20,2
C00492785,2202018.0,50,2018,20,2
C00492785,2282018.0,1000,2018,28,2
C00492785,2282018.0,250,2018,28,2
C00437277,2262018.0,1,2018,26,2
C00437277,2062018.0,15,2018,06,2
C00437277,2102018.0,100,2018,10,2
C00437277,2132018.0,50,2018,13,2
C00437277,2112018.0,25,2018,11,2
C00437277,2212018.0,50,2018,21,2
C00437277,2152018.0,25,2018,15,2
C00437277,2072018.0,25,2018,07,2
C00437277,2022018.0,50,2018,02,2
C00437277,2282018.0,5,2018,28,2
C00437277,2042018.0,15,2018,04,2
C00437277,2082018.0,1000,2018,08,2
C00437277,2252018.0,5,2018,25,2
C00437277,2142018.0,15,2018,14,2
C00437277,2282018.0,15,2018,28,2
C00437277,2052018.0,25,2018,05,2
C00437277,2282018.0,15,2018,28,2
C00437277,2272018.0,15,2018,27,2
C00437277,2232018.0,50,2018,23,2
C00437277,2142018.0,100,2018,14,2
C00437277,2212018.0,250,2018,21,2
C00437277,2082018.0,10,2018,08,2
C00437277,2072018.0,25,2018,07,2
C00437277,2232018.0,50,2018,23,2
C00437277,2102018.0,25,2018,10,2
C00437277,2112018.0,25,2018,11,2
C00437277,2072018.0,5,2018,07,2
C00437277,2042018.0,15,2018,04,2
C00437277,2282018.0,15,2018,28,2
C00437277,2062018.0,25,2018,06,2
C00437277,2282018.0,10,2018,28,2
C00437277,2042018.0,25,2018,04,2
C00437277,2282018.0,10,2018,28,2
C00437277,2042018.0,25,2018,04,2
C00437277,2282018.0,5,2018,28,2
C00437277,2282018.0,5,2018,28,2
C00437277,2262018.0,50,2018,26,2
C00437277,2142018.0,15,2018,14,2
C00437277,2012018.0,10,2018,01,2
C00437277,2052018.0,50,2018,05,2
C00437277,2172018.0,5,2018,17,2
C00437277,2162018.0,12,2018,16,2
C00492785,2202018.0,50,2018,20,2
C00492785,2202018.0,100,2018,20,2
C00492785,2202018.0,100,2018,20,2
C00492785,2202018.0,50,2018,20,2
C00492785,2202018.0,20,2018,20,2
C00492785,2202018.0,25,2018,20,2
C00492785,2152018.0,100,2018,15,2
C00492785,2272018.0,50,2018,27,2
C00492785,2272018.0,36,2018,27,2
C00492785,2272018.0,20,2018,27,2
C00492785,2272018.0,10,2018,27,2
C00492785,2272018.0,1000,2018,27,2
C00492785,2272018.0,20,2018,27,2
C00492785,2272018.0,50,2018,27,2
C00492785,2272018.0,100,2018,27,2
C00492785,2272018.0,150,2018,27,2
C00492785,2272018.0,50,2018,27,2
C00492785,2282018.0,1000,2018,28,2
C00492785,2282018.0,25,2018,28,2
C00492785,2282018.0,25,2018,28,2
C00492785,2152018.0,25,2018,15,2
C00492785,2152018.0,100,2018,15,2
C00492785,2152018.0,40,2018,15,2
C00492785,2152018.0,25,2018,15,2
C00492785,2152018.0,25,2018,15,2
C00492785,2152018.0,10,2018,15,2
C00492785,2152018.0,50,2018,15,2
C00492785,2152018.0,100,2018,15,2
C00492785,2152018.0,50,2018,15,2
C00492785,2152018.0,5,2018,15,2
C00492785,2152018.0,50,2018,15,2
C00492785,2152018.0,50,2018,15,2
C00492785,2152018.0,25,2018,15,2
C00492785,2152018.0,100,2018,15,2
C00492785,2152018.0,50,2018,15,2
C00492785,2152018.0,30,2018,15,2
C00492785,2162018.0,10,2018,16,2
C00492785,2162018.0,105,2018,16,2
C00492785,2162018.0,150,2018,16,2
C00492785,2162018.0,25,2018,16,2
C00492785,2162018.0,25,2018,16,2
C00492785,2162018.0,150,2018,16,2
C00492785,2282018.0,25,2018,28,2
C00492785,2282018.0,25,2018,28,2
C00492785,2282018.0,100,2018,28,2
C00492785,2282018.0,25,2018,28,2
C00492785,2282018.0,25,2018,28,2
C00492785,2282018.0,100,2018,28,2
C00492785,2282018.0,25,2018,28,2
C00492785,2202018.0,50,2018,20,2
C00492785,2202018.0,30,2018,20,2
C00492785,2202018.0,10,2018,20,2
C00492785,2202018.0,50,2018,20,2
C00492785,2202018.0,50,2018,20,2
C00492785,2202018.0,100,2018,20,2
C00492785,2202018.0,50,2018,20,2
C00492785,2202018.0,20,2018,20,2
C00492785,2202018.0,35,2018,20,2
C00437277,2282018.0,100,2018,28,2
C00437277,2032018.0,3,2018,03,2
C00437277,2272018.0,100,2018,27,2
C00437277,2272018.0,15,2018,27,2
C00437277,2192018.0,20,2018,19,2
C00437277,2212018.0,20,2018,21,2
C00437277,2202018.0,12,2018,20,2
C00492785,2202018.0,250,2018,20,2
C00492785,2272018.0,20,2018,27,2
C00492785,2272018.0,25,2018,27,2
C00492785,2272018.0,50,2018,27,2
C00437277,2162018.0,50,2018,16,2
C00437277,2282018.0,10,2018,28,2
C00437277,2282018.0,50,2018,28,2
C00437277,2232018.0,15,2018,23,2
C00437277,2202018.0,10,2018,20,2
C00437277,2032018.0,25,2018,03,2
C00437277,2202018.0,15,2018,20,2
C00437277,2272018.0,50,2018,27,2
C00437277,2222018.0,25,2018,22,2
C00437277,2202018.0,50,2018,20,2
C00437277,2142018.0,27,2018,14,2
C00437277,2232018.0,10,2018,23,2
C00437277,2112018.0,10,2018,11,2
C00437277,2042018.0,5,2018,04,2
C00437277,2112018.0,15,2018,11,2
C00437277,2212018.0,10,2018,21,2
C00437277,2162018.0,3,2018,16,2
C00437277,2052018.0,5,2018,05,2
C00437277,2282018.0,15,2018,28,2
C00437277,2282018.0,35,2018,28,2
C00437277,2222018.0,5,2018,22,2
C00437277,2052018.0,50,2018,05,2
C00437277,2112018.0,250,2018,11,2
C00437277,2212018.0,25,2018,21,2
C00437277,2162018.0,250,2018,16,2
C00437277,2202018.0,25,2018,20,2
C00437277,2122018.0,25,2018,12,2
C00437277,2252018.0,50,2018,25,2
C00437277,2212018.0,10,2018,21,2
C00437277,2102018.0,35,2018,10,2
C00437277,2282018.0,5,2018,28,2
C00437277,2202018.0,15,2018,20,2
C00437277,2282018.0,25,2018,28,2
C00437277,2272018.0,25,2018,27,2
C00437277,2282018.0,25,2018,28,2
C00437277,2052018.0,250,2018,05,2
C00437277,2232018.0,20,2018,23,2
C00437277,2212018.0,5,2018,21,2
C00437277,2132018.0,15,2018,13,2
C00437277,2152018.0,100,2018,15,2
C00437277,2212018.0,25,2018,21,2
C00492785,2272018.0,25,2018,27,2
C00492785,2272018.0,100,2018,27,2
C00492785,2272018.0,150,2018,27,2
C00492785,2272018.0,50,2018,27,2
C00492785,2272018.0,100,2018,27,2
C00492785,2272018.0,100,2018,27,2
C00492785,2272018.0,50,2018,27,2
C00492785,2272018.0,25,2018,27,2
C00492785,2272018.0,100,2018,27,2
C00492785,2272018.0,20,2018,27,2
C00492785,2272018.0,85,2018,27,2
C00492785,2272018.0,35,2018,27,2
C00492785,2282018.0,80,2018,28,2
C00492785,2282018.0,100,2018,28,2
C00492785,2282018.0,10,2018,28,2
C00492785,2282018.0,35,2018,28,2
C00492785,2282018.0,25,2018,28,2
C00492785,2282018.0,15,2018,28,2
C00492785,2282018.0,25,2018,28,2
C00492785,2282018.0,25,2018,28,2
C00492785,2282018.0,100,2018,28,2
C00492785,2282018.0,200,2018,28,2
C00492785,2282018.0,25,2018,28,2
C00492785,2282018.0,500,2018,28,2
C00492785,2282018.0,25,2018,28,2
C00492785,2282018.0,50,2018,28,2
C00492785,2152018.0,25,2018,15,2
C00492785,2152018.0,20,2018,15,2
C00492785,2152018.0,25,2018,15,2
C00492785,2152018.0,10,2018,15,2
C00492785,2152018.0,25,2018,15,2
C00492785,2152018.0,100,2018,15,2
C00492785,2152018.0,25,2018,15,2
C00492785,2152018.0,50,2018,15,2
C00492785,2152018.0,25,2018,15,2
C00492785,2152018.0,150,2018,15,2
C00492785,2182018.0,10,2018,18,2
C00492785,2182018.0,5,2018,18,2
C00492785,2182018.0,100,2018,18,2
C00492785,2182018.0,25,2018,18,2
C00492785,2182018.0,100,2018,18,2
C00492785,2182018.0,25,2018,18,2
C00492785,2182018.0,250,2018,18,2
C00492785,2182018.0,50,2018,18,2
C00492785,2182018.0,25,2018,18,2
C00492785,2182018.0,25,2018,18,2
C00492785,2182018.0,300,2018,18,2
C00492785,2182018.0,100,2018,18,2
C00492785,2262018.0,100,2018,26,2
C00492785,2262018.0,25,2018,26,2
C00492785,2262018.0,13,2018,26,2
C00492785,2262018.0,20,2018,26,2
C00492785,2262018.0,25,2018,26,2
C00492785,2262018.0,35,2018,26,2
C00492785,2262018.0,100,2018,26,2
C00492785,2262018.0,10,2018,26,2
C00492785,2262018.0,250,2018,26,2
C00492785,2282018.0,25,2018,28,2
C00492785,2282018.0,25,2018,28,2
C00492785,2282018.0,25,2018,28,2
C00492785,2282018.0,40,2018,28,2
C00492785,2282018.0,25,2018,28,2
C00492785,2282018.0,25,2018,28,2
C00492785,2282018.0,100,2018,28,2
C00492785,2282018.0,25,2018,28,2
C00492785,2282018.0,100,2018,28,2
C00492785,2282018.0,50,2018,28,2
C00492785,2272018.0,200,2018,27,2
C00492785,2272018.0,50,2018,27,2
C00492785,2272018.0,100,2018,27,2
C00492785,2272018.0,250,2018,27,2
C00492785,2272018.0,50,2018,27,2
C00492785,2272018.0,150,2018,27,2
C00492785,2272018.0,100,2018,27,2
C00492785,2272018.0,150,2018,27,2
C00492785,2272018.0,50,2018,27,2
C00492785,2272018.0,1000,2018,27,2
C00492785,2272018.0,25,2018,27,2
C00492785,2272018.0,25,2018,27,2
C00492785,2272018.0,75,2018,27,2
C00492785,2272018.0,30,2018,27,2
C00492785,2272018.0,100,2018,27,2
C00492785,2232018.0,250,2018,23,2
C00492785,2282018.0,300,2018,28,2
C00492785,2282018.0,10,2018,28,2
C00492785,2282018.0,20,2018,28,2
C00492785,2282018.0,50,2018,28,2
C00492785,2282018.0,25,2018,28,2
C00492785,2282018.0,100,2018,28,2
C00492785,2152018.0,50,2018,15,2
C00492785,2152018.0,20,2018,15,2
C00492785,2282018.0,25,2018,28,2
C00492785,2152018.0,35,2018,15,2
C00492785,2152018.0,50,2018,15,2
C00492785,2152018.0,35,2018,15,2
C00492785,2282018.0,25,2018,28,2
C00492785,2282018.0,100,2018,28,2
C00492785,2282018.0,200,2018,28,2
C00492785,2282018.0,35,2018,28,2
C00492785,2282018.0,75,2018,28,2
C00492785,2282018.0,100,2018,28,2
C00492785,2282018.0,25,2018,28,2
C00492785,2282018.0,200,2018,28,2
C00492785,2282018.0,25,2018,28,2
C00492785,2282018.0,100,2018,28,2
C00492785,2282018.0,10,2018,28,2
C00492785,2282018.0,100,2018,28,2
C00492785,2282018.0,50,2018,28,2
C00492785,2282018.0,25,2018,28,2
C00492785,2282018.0,25,2018,28,2
C00492785,2162018.0,25,2018,16,2
C00492785,2162018.0,30,2018,16,2
C00492785,2162018.0,30,2018,16,2
C00492785,2162018.0,75,2018,16,2
C00492785,2162018.0,-25,2018,16,2
C00492785,2162018.0,50,2018,16,2
C00492785,2162018.0,200,2018,16,2
C00492785,2162018.0,100,2018,16,2
C00492785,2162018.0,75,2018,16,2
C00437277,2012018.0,25,2018,01,2
C00437277,2252018.0,25,2018,25,2
C00437277,2052018.0,200,2018,05,2
C00437277,2182018.0,25,2018,18,2
C00437277,2282018.0,25,2018,28,2
C00437277,2022018.0,100,2018,02,2
C00437277,2082018.0,50,2018,08,2
C00437277,2172018.0,25,2018,17,2
C00437277,2202018.0,8,2018,20,2
C00437277,2122018.0,10,2018,12,2
C00437277,2082018.0,10,2018,08,2
C00437277,2042018.0,15,2018,04,2
C00437277,2282018.0,25,2018,28,2
C00437277,2272018.0,25,2018,27,2
C00437277,2282018.0,10,2018,28,2
C00437277,2182018.0,15,2018,18,2
C00437277,2202018.0,15,2018,20,2
C00437277,2122018.0,30,2018,12,2
C00437277,2102018.0,15,2018,10,2
C00437277,2012018.0,50,2018,01,2
C00437277,2052018.0,11,2018,05,2
C00437277,2282018.0,25,2018,28,2
C00437277,2202018.0,15,2018,20,2
C00437277,2162018.0,50,2018,16,2
C00437277,2212018.0,100,2018,21,2
C00437277,2282018.0,7,2018,28,2
C00437277,2262018.0,500,2018,26,2
C00437277,2232018.0,5,2018,23,2
C00437277,2212018.0,10,2018,21,2
C00437277,2272018.0,25,2018,27,2
C00437277,2132018.0,15,2018,13,2
C00437277,2082018.0,250,2018,08,2
C00437277,2142018.0,50,2018,14,2
C00437277,2262018.0,1,2018,26,2
C00437277,2052018.0,50,2018,05,2
C00437277,2222018.0,10,2018,22,2
C00437277,2242018.0,50,2018,24,2
C00437277,2222018.0,15,2018,22,2
C00437277,2222018.0,25,2018,22,2
C00437277,2062018.0,25,2018,06,2
C00437277,2022018.0,10,2018,02,2
C00437277,2242018.0,5,2018,24,2
C00492785,2282018.0,58,2018,28,2
C00492785,2282018.0,25,2018,28,2
C00492785,2282018.0,75,2018,28,2
C00492785,2282018.0,100,2018,28,2
C00492785,2282018.0,100,2018,28,2
C00492785,2282018.0,25,2018,28,2
C00492785,2282018.0,50,2018,28,2
C00492785,2282018.0,25,2018,28,2
C00492785,2282018.0,25,2018,28,2
C00492785,2282018.0,25,2018,28,2
C00492785,2282018.0,50,2018,28,2
C00492785,2282018.0,25,2018,28,2
C00492785,2282018.0,70,2018,28,2
C00492785,2282018.0,50,2018,28,2
C00492785,2282018.0,20,2018,28,2
C00492785,2282018.0,50,2018,28,2
C00492785,2282018.0,25,2018,28,2
C00492785,2262018.0,25,2018,26,2
C00492785,2262018.0,75,2018,26,2
C00492785,2262018.0,40,2018,26,2
C00492785,2262018.0,75,2018,26,2
C00492785,2262018.0,100,2018,26,2
C00492785,2262018.0,100,2018,26,2
C00492785,2262018.0,10,2018,26,2
C00492785,2262018.0,25,2018,26,2
C00492785,2262018.0,50,2018,26,2
C00492785,2262018.0,50,2018,26,2
C00492785,2262018.0,15,2018,26,2
C00492785,2262018.0,25,2018,26,2
C00492785,2262018.0,20,2018,26,2
C00492785,2262018.0,50,2018,26,2
C00492785,2262018.0,10,2018,26,2
C00492785,2262018.0,25,2018,26,2
C00492785,2262018.0,25,2018,26,2
C00492785,2262018.0,100,2018,26,2
C00492785,2262018.0,1,2018,26,2
C00492785,2272018.0,100,2018,27,2
C00492785,2272018.0,300,2018,27,2
C00492785,2272018.0,500,2018,27,2
C00492785,2272018.0,35,2018,27,2
C00492785,2272018.0,100,2018,27,2
C00492785,2272018.0,25,2018,27,2
C00492785,2272018.0,500,2018,27,2
C00492785,2272018.0,500,2018,27,2
C00492785,2272018.0,100,2018,27,2
C00492785,2272018.0,40,2018,27,2
C00492785,2152018.0,50,2018,15,2
C00492785,2152018.0,25,2018,15,2
C00492785,2152018.0,20,2018,15,2
C00492785,2152018.0,100,2018,15,2
C00492785,2152018.0,25,2018,15,2
C00492785,2152018.0,20,2018,15,2
C00492785,2152018.0,50,2018,15,2
C00492785,2152018.0,30,2018,15,2
C00492785,2152018.0,50,2018,15,2
C00492785,2152018.0,100,2018,15,2
C00492785,2152018.0,35,2018,15,2
C00492785,2202018.0,150,2018,20,2
C00492785,2202018.0,35,2018,20,2
C00492785,2202018.0,50,2018,20,2
C00492785,2202018.0,25,2018,20,2
C00492785,2202018.0,50,2018,20,2
C00492785,2202018.0,100,2018,20,2
C00492785,2202018.0,25,2018,20,2
C00492785,2272018.0,100,2018,27,2
C00492785,2272018.0,25,2018,27,2
C00492785,2272018.0,50,2018,27,2
C00492785,2272018.0,250,2018,27,2
C00492785,2232018.0,100,2018,23,2
C00492785,2232018.0,25,2018,23,2
C00492785,2262018.0,20,2018,26,2
C00492785,2262018.0,35,2018,26,2
C00492785,2262018.0,250,2018,26,2
C00492785,2272018.0,25,2018,27,2
C00492785,2272018.0,-25,2018,27,2
C00492785,2262018.0,75,2018,26,2
C00492785,2262018.0,50,2018,26,2
C00492785,2262018.0,30,2018,26,2
C00492785,2262018.0,100,2018,26,2
C00492785,2262018.0,250,2018,26,2
C00492785,2262018.0,250,2018,26,2
C00492785,2262018.0,25,2018,26,2
C00492785,2262018.0,200,2018,26,2
C00492785,2262018.0,50,2018,26,2
C00492785,2262018.0,50,2018,26,2
C00492785,2262018.0,250,2018,26,2
C00492785,2162018.0,50,2018,16,2
C00492785,2162018.0,50,2018,16,2
C00492785,2162018.0,10,2018,16,2
C00492785,2162018.0,150,2018,16,2
C00492785,2162018.0,100,2018,16,2
C00492785,2162018.0,25,2018,16,2
C00492785,2162018.0,20,2018,16,2
C00492785,2162018.0,25,2018,16,2
C00492785,2162018.0,100,2018,16,2
C00492785,2282018.0,25,2018,28,2
C00492785,2282018.0,10,2018,28,2
C00492785,2282018.0,25,2018,28,2
C00492785,2282018.0,25,2018,28,2
C00492785,2282018.0,50,2018,28,2
C00492785,2282018.0,50,2018,28,2
C00492785,2282018.0,25,2018,28,2
C00492785,2282018.0,50,2018,28,2
C00492785,2282018.0,10,2018,28,2
C00492785,2282018.0,25,2018,28,2
C00492785,2282018.0,100,2018,28,2
C00492785,2282018.0,25,2018,28,2
C00492785,2182018.0,25,2018,18,2
C00492785,2182018.0,1000,2018,18,2
C00492785,2182018.0,100,2018,18,2
C00492785,2182018.0,25,2018,18,2
C00492785,2182018.0,250,2018,18,2
C00492785,2182018.0,100,2018,18,2
C00492785,2192018.0,100,2018,19,2
C00492785,2192018.0,25,2018,19,2
C00492785,2192018.0,100,2018,19,2
C00492785,2192018.0,25,2018,19,2
C00492785,2192018.0,25,2018,19,2
C00492785,2192018.0,25,2018,19,2
C00492785,2192018.0,10,2018,19,2
C00492785,2192018.0,25,2018,19,2
C00492785,2282018.0,40,2018,28,2
C00492785,2282018.0,100,2018,28,2
C00492785,2282018.0,20,2018,28,2
C00492785,2282018.0,25,2018,28,2
C00492785,2282018.0,100,2018,28,2
C00492785,2282018.0,25,2018,28,2
C00492785,2282018.0,25,2018,28,2
C00492785,2282018.0,1000,2018,28,2
C00492785,2272018.0,100,2018,27,2
C00492785,2272018.0,100,2018,27,2
C00492785,2272018.0,100,2018,27,2
C00492785,2272018.0,100,2018,27,2
C00492785,2272018.0,250,2018,27,2
C00492785,2272018.0,100,2018,27,2
C00492785,2272018.0,150,2018,27,2
C00492785,2282018.0,25,2018,28,2
C00492785,2282018.0,35,2018,28,2
C00492785,2282018.0,5,2018,28,2
C00492785,2282018.0,25,2018,28,2
C00492785,2282018.0,25,2018,28,2
C00437277,2122018.0,100,2018,12,2
C00437277,2102018.0,25,2018,10,2
C00437277,2032018.0,27,2018,03,2
C00437277,2012018.0,50,2018,01,2
C00437277,2052018.0,100,2018,05,2
C00437277,2222018.0,10,2018,22,2
C00437277,2242018.0,50,2018,24,2
C00437277,2182018.0,15,2018,18,2
C00437277,2082018.0,3,2018,08,2
C00437277,2022018.0,11,2018,02,2
C00437277,2212018.0,25,2018,21,2
C00437277,2092018.0,10,2018,09,2
C00437277,2202018.0,5,2018,20,2
C00437277,2122018.0,50,2018,12,2
C00437277,2102018.0,50,2018,10,2
C00437277,2282018.0,10,2018,28,2
C00437277,2172018.0,50,2018,17,2
C00437277,2052018.0,10,2018,05,2
C00437277,2202018.0,10,2018,20,2
C00437277,2262018.0,250,2018,26,2
C00437277,2282018.0,10,2018,28,2
C00437277,2012018.0,40,2018,01,2
C00437277,2052018.0,15,2018,05,2
C00437277,2182018.0,25,2018,18,2
C00437277,2112018.0,25,2018,11,2
C00437277,2142018.0,15,2018,14,2
C00437277,2102018.0,25,2018,10,2
C00437277,2062018.0,25,2018,06,2
C00437277,2262018.0,12,2018,26,2
C00437277,2252018.0,25,2018,25,2
C00437277,2162018.0,25,2018,16,2
C00437277,2082018.0,10,2018,08,2
C00437277,2022018.0,10,2018,02,2
C00437277,2022018.0,25,2018,02,2
C00437277,2282018.0,50,2018,28,2
C00437277,2262018.0,35,2018,26,2
C00437277,2282018.0,15,2018,28,2
C00437277,2222018.0,15,2018,22,2
C00437277,2272018.0,10,2018,27,2
C00437277,2062018.0,15,2018,06,2
C00437277,2272018.0,15,2018,27,2
C00437277,2052018.0,15,2018,05,2
C00437277,2152018.0,10,2018,15,2
C00492785,2282018.0,25,2018,28,2
C00492785,2282018.0,10,2018,28,2
C00492785,2282018.0,100,2018,28,2
C00492785,2282018.0,25,2018,28,2
C00492785,2272018.0,500,2018,27,2
C00492785,2272018.0,100,2018,27,2
C00492785,2272018.0,150,2018,27,2
C00492785,2272018.0,50,2018,27,2
C00492785,2282018.0,25,2018,28,2
C00492785,2282018.0,500,2018,28,2
C00492785,2152018.0,35,2018,15,2
C00492785,2152018.0,200,2018,15,2
C00492785,2152018.0,50,2018,15,2
C00492785,2152018.0,25,2018,15,2
C00492785,2152018.0,50,2018,15,2
C00492785,2152018.0,25,2018,15,2
C00492785,2152018.0,25,2018,15,2
C00492785,2152018.0,20,2018,15,2
C00492785,2152018.0,25,2018,15,2
C00492785,2152018.0,50,2018,15,2
C00492785,2152018.0,35,2018,15,2
C00492785,2152018.0,25,2018,15,2
C00492785,2152018.0,65,2018,15,2
C00492785,2212018.0,100,2018,21,2
C00492785,2212018.0,-100,2018,21,2
C00492785,2162018.0,15,2018,16,2
C00492785,2282018.0,25,2018,28,2
C00492785,2282018.0,25,2018,28,2
C00492785,2282018.0,60,2018,28,2
C00492785,2212018.0,-200,2018,21,2
C00492785,2212018.0,200,2018,21,2
C00492785,2222018.0,50,2018,22,2
C00492785,2222018.0,25,2018,22,2
C00492785,2222018.0,150,2018,22,2
C00492785,2222018.0,300,2018,22,2
C00492785,2222018.0,500,2018,22,2
C00492785,2222018.0,100,2018,22,2
C00492785,2222018.0,100,2018,22,2
C00492785,2222018.0,100,2018,22,2
C00492785,2222018.0,100,2018,22,2
C00492785,2222018.0,10,2018,22,2
C00492785,2222018.0,25,2018,22,2
C00492785,2222018.0,10,2018,22,2
C00492785,2222018.0,50,2018,22,2
C00492785,2152018.0,25,2018,15,2
C00492785,2152018.0,30,2018,15,2
C00492785,2152018.0,25,2018,15,2
C00492785,2282018.0,1000,2018,28,2
C00492785,2282018.0,25,2018,28,2
C00492785,2282018.0,50,2018,28,2
C00492785,2282018.0,75,2018,28,2
C00492785,2282018.0,1000,2018,28,2
C00492785,2282018.0,100,2018,28,2
C00492785,2282018.0,25,2018,28,2
C00492785,2282018.0,25,2018,28,2
C00492785,2282018.0,50,2018,28,2
C00492785,2282018.0,25,2018,28,2
C00492785,2212018.0,25,2018,21,2
C00492785,2212018.0,-25,2018,21,2
C00492785,2152018.0,200,2018,15,2
C00492785,2152018.0,200,2018,15,2
C00492785,2152018.0,35,2018,15,2
C00492785,2152018.0,25,2018,15,2
C00492785,2152018.0,50,2018,15,2
C00492785,2152018.0,25,2018,15,2
C00492785,2152018.0,100,2018,15,2
C00492785,2152018.0,20,2018,15,2
C00492785,2152018.0,65,2018,15,2
C00492785,2162018.0,40,2018,16,2
C00492785,2162018.0,25,2018,16,2
C00492785,2162018.0,50,2018,16,2
C00492785,2162018.0,100,2018,16,2
C00437277,2012018.0,100,2018,01,2
C00437277,2282018.0,25,2018,28,2
C00437277,2272018.0,5,2018,27,2
C00492785,2152018.0,5,2018,15,2
C00492785,2152018.0,10,2018,15,2
C00492785,2152018.0,25,2018,15,2
C00437277,2242018.0,25,2018,24,2
C00437277,2142018.0,25,2018,14,2
C00437277,2212018.0,150,2018,21,2
C00437277,2062018.0,5,2018,06,2
C00437277,2212018.0,50,2018,21,2
C00437277,2022018.0,25,2018,02,2
C00437277,2222018.0,10,2018,22,2
C00437277,2192018.0,25,2018,19,2
C00437277,2162018.0,95,2018,16,2
C00437277,2172018.0,15,2018,17,2
C00437277,2072018.0,10,2018,07,2
C00437277,2142018.0,15,2018,14,2
C00437277,2052018.0,100,2018,05,2
C00437277,2152018.0,10,2018,15,2
C00437277,2042018.0,25,2018,04,2
C00437277,2092018.0,25,2018,09,2
C00437277,2282018.0,2,2018,28,2
C00437277,2162018.0,25,2018,16,2
C00437277,2142018.0,5,2018,14,2
C00437277,2122018.0,5,2018,12,2
C00437277,2172018.0,10,2018,17,2
C00437277,2052018.0,25,2018,05,2
C00437277,2162018.0,25,2018,16,2
C00437277,2212018.0,25,2018,21,2
C00437277,2112018.0,100,2018,11,2
C00437277,2132018.0,25,2018,13,2
C00437277,2062018.0,25,2018,06,2
C00437277,2052018.0,15,2018,05,2
C00437277,2182018.0,10,2018,18,2
C00437277,2222018.0,10,2018,22,2
C00437277,2052018.0,15,2018,05,2
C00437277,2122018.0,50,2018,12,2
C00437277,2012018.0,50,2018,01,2
C00437277,2172018.0,25,2018,17,2
C00437277,2012018.0,50,2018,01,2
C00437277,2212018.0,250,2018,21,2
C00437277,2282018.0,10,2018,28,2
C00437277,2242018.0,5,2018,24,2
C00437277,2032018.0,5,2018,03,2
C00437277,2282018.0,5,2018,28,2
C00437277,2252018.0,15,2018,25,2
C00437277,2162018.0,5,2018,16,2
C00437277,2092018.0,35,2018,09,2
C00437277,2272018.0,15,2018,27,2
C00437277,2222018.0,5,2018,22,2
C00437277,2162018.0,15,2018,16,2
C00437277,2092018.0,3,2018,09,2
C00492785,2162018.0,15,2018,16,2
C00492785,2162018.0,1,2018,16,2
C00492785,2162018.0,40,2018,16,2
C00492785,2162018.0,25,2018,16,2
C00492785,2162018.0,25,2018,16,2
C00492785,2162018.0,50,2018,16,2
C00492785,2162018.0,25,2018,16,2
C00492785,2162018.0,250,2018,16,2
C00492785,2162018.0,100,2018,16,2
C00492785,2162018.0,25,2018,16,2
C00492785,2212018.0,100,2018,21,2
C00492785,2212018.0,-5400,2018,21,2
C00492785,2212018.0,100,2018,21,2
C00492785,2212018.0,25,2018,21,2
C00492785,2212018.0,25,2018,21,2
C00492785,2212018.0,25,2018,21,2
C00492785,2212018.0,50,2018,21,2
C00492785,2212018.0,100,2018,21,2
C00492785,2212018.0,100,2018,21,2
C00492785,2212018.0,50,2018,21,2
C00492785,2212018.0,250,2018,21,2
C00492785,2212018.0,50,2018,21,2
C00492785,2212018.0,12,2018,21,2
C00492785,2282018.0,50,2018,28,2
C00492785,2282018.0,25,2018,28,2
C00492785,2282018.0,100,2018,28,2
C00492785,2282018.0,100,2018,28,2
C00492785,2282018.0,100,2018,28,2
C00492785,2282018.0,25,2018,28,2
C00492785,2282018.0,25,2018,28,2
C00492785,2282018.0,50,2018,28,2
C00492785,2282018.0,10,2018,28,2
C00492785,2282018.0,35,2018,28,2
C00492785,2282018.0,25,2018,28,2
C00492785,2152018.0,20,2018,15,2
C00492785,2152018.0,35,2018,15,2
C00492785,2152018.0,100,2018,15,2
C00492785,2152018.0,25,2018,15,2
C00492785,2152018.0,50,2018,15,2
C00492785,2152018.0,50,2018,15,2
C00492785,2152018.0,25,2018,15,2
C00492785,2152018.0,25,2018,15,2
C00492785,2152018.0,50,2018,15,2
C00492785,2162018.0,25,2018,16,2
C00492785,2162018.0,15,2018,16,2
C00492785,2262018.0,25,2018,26,2
C00492785,2262018.0,25,2018,26,2
C00492785,2262018.0,50,2018,26,2
C00492785,2262018.0,25,2018,26,2
C00492785,2262018.0,25,2018,26,2
C00492785,2262018.0,25,2018,26,2
C00492785,2262018.0,25,2018,26,2
C00492785,2262018.0,50,2018,26,2
C00492785,2262018.0,50,2018,26,2
C00492785,2272018.0,1000,2018,27,2
C00492785,2272018.0,100,2018,27,2
C00492785,2272018.0,100,2018,27,2
C00492785,2272018.0,75,2018,27,2
C00492785,2272018.0,200,2018,27,2
C00492785,2272018.0,20,2018,27,2
C00492785,2272018.0,50,2018,27,2
C00492785,2272018.0,50,2018,27,2
C00492785,2222018.0,250,2018,22,2
C00492785,2222018.0,25,2018,22,2
C00492785,2282018.0,25,2018,28,2
C00492785,2282018.0,50,2018,28,2
C00492785,2282018.0,25,2018,28,2
C00492785,2282018.0,75,2018,28,2
C00492785,2282018.0,30,2018,28,2
C00437277,2012018.0,5,2018,01,2
C00437277,2142018.0,100,2018,14,2
C00437277,2042018.0,25,2018,04,2
C00437277,2022018.0,250,2018,02,2
C00437277,2012018.0,10,2018,01,2
C00437277,2152018.0,15,2018,15,2
C00437277,2042018.0,10,2018,04,2
C00437277,2042018.0,25,2018,04,2
C00437277,2112018.0,11,2018,11,2
C00437277,2102018.0,25,2018,10,2
C00437277,2272018.0,25,2018,27,2
C00437277,2202018.0,10,2018,20,2
C00437277,2122018.0,12,2018,12,2
C00437277,2172018.0,25,2018,17,2
C00437277,2102018.0,50,2018,10,2
C00437277,2282018.0,10,2018,28,2
C00437277,2262018.0,25,2018,26,2
C00437277,2042018.0,25,2018,04,2
C00437277,2272018.0,25,2018,27,2
C00437277,2272018.0,10,2018,27,2
C00437277,2162018.0,5,2018,16,2
C00437277,2052018.0,15,2018,05,2
C00437277,2202018.0,5,2018,20,2
C00437277,2162018.0,250,2018,16,2
C00437277,2242018.0,25,2018,24,2
C00437277,2162018.0,5,2018,16,2
C00437277,2282018.0,25,2018,28,2
C00437277,2222018.0,10,2018,22,2
C00437277,2072018.0,35,2018,07,2
C00437277,2172018.0,25,2018,17,2
C00437277,2022018.0,300,2018,02,2
C00437277,2032018.0,10,2018,03,2
C00437277,2052018.0,25,2018,05,2
C00437277,2212018.0,50,2018,21,2
C00437277,2112018.0,15,2018,11,2
C00437277,2022018.0,15,2018,02,2
C00437277,2212018.0,10,2018,21,2
C00492785,2232018.0,1000,2018,23,2
C00492785,2222018.0,100,2018,22,2
C00492785,2282018.0,-1500,2018,28,2
C00492785,2282018.0,1500,2018,28,2
C00492785,2232018.0,250,2018,23,2
C00492785,2232018.0,20,2018,23,2
C00492785,2232018.0,1000,2018,23,2
C00492785,2232018.0,1000,2018,23,2
C00492785,2232018.0,100,2018,23,2
C00492785,2252018.0,100,2018,25,2
C00492785,2252018.0,50,2018,25,2
C00492785,2252018.0,10,2018,25,2
C00492785,2252018.0,500,2018,25,2
C00492785,2252018.0,30,2018,25,2
C00492785,2252018.0,25,2018,25,2
C00492785,2252018.0,100,2018,25,2
C00492785,2252018.0,100,2018,25,2
C00492785,2252018.0,100,2018,25,2
C00492785,2272018.0,100,2018,27,2
C00492785,2272018.0,30,2018,27,2
C00492785,2272018.0,30,2018,27,2
C00492785,2272018.0,100,2018,27,2
C00492785,2272018.0,200,2018,27,2
C00492785,2272018.0,250,2018,27,2
C00492785,2272018.0,25,2018,27,2
C00492785,2272018.0,70,2018,27,2
C00492785,2272018.0,100,2018,27,2
C00492785,2272018.0,25,2018,27,2
C00492785,2272018.0,10,2018,27,2
C00492785,2272018.0,15,2018,27,2
C00492785,2272018.0,55,2018,27,2
C00492785,2272018.0,250,2018,27,2
C00492785,2162018.0,100,2018,16,2
C00492785,2162018.0,25,2018,16,2
C00492785,2162018.0,50,2018,16,2
C00492785,2282018.0,70,2018,28,2
C00492785,2282018.0,50,2018,28,2
C00492785,2282018.0,100,2018,28,2
C00492785,2282018.0,25,2018,28,2
C00492785,2152018.0,20,2018,15,2
C00492785,2152018.0,25,2018,15,2
C00492785,2152018.0,25,2018,15,2
C00492785,2152018.0,25,2018,15,2
C00492785,2152018.0,20,2018,15,2
C00492785,2152018.0,10,2018,15,2
C00492785,2152018.0,35,2018,15,2
C00492785,2152018.0,75,2018,15,2
C00492785,2152018.0,50,2018,15,2
C00492785,2152018.0,25,2018,15,2
C00492785,2152018.0,15,2018,15,2
C00492785,2152018.0,20,2018,15,2
C00492785,2152018.0,50,2018,15,2
C00492785,2152018.0,10,2018,15,2
C00492785,2152018.0,25,2018,15,2
C00492785,2152018.0,75,2018,15,2
C00492785,2152018.0,20,2018,15,2
C00492785,2152018.0,100,2018,15,2
C00492785,2152018.0,10,2018,15,2
C00492785,2152018.0,100,2018,15,2
C00492785,2152018.0,25,2018,15,2
C00492785,2152018.0,100,2018,15,2
C00492785,2162018.0,250,2018,16,2
C00492785,2162018.0,2700,2018,16,2
C00492785,2162018.0,35,2018,16,2
C00492785,2162018.0,100,2018,16,2
C00492785,2162018.0,25,2018,16,2
C00492785,2152018.0,25,2018,15,2
C00492785,2152018.0,50,2018,15,2
C00492785,2152018.0,100,2018,15,2
C00492785,2152018.0,25,2018,15,2
C00492785,2152018.0,50,2018,15,2
C00492785,2162018.0,100,2018,16,2
C00492785,2162018.0,50,2018,16,2
C00492785,2162018.0,25,2018,16,2
C00492785,2162018.0,50,2018,16,2
C00492785,2162018.0,50,2018,16,2
C00492785,2162018.0,250,2018,16,2
C00492785,2162018.0,100,2018,16,2
C00492785,2162018.0,50,2018,16,2
C00492785,2202018.0,25,2018,20,2
C00492785,2202018.0,25,2018,20,2
C00492785,2202018.0,100,2018,20,2
C00492785,2202018.0,25,2018,20,2
C00492785,2202018.0,25,2018,20,2
C00492785,2202018.0,50,2018,20,2
C00437277,2102018.0,25,2018,10,2
C00437277,2112018.0,12,2018,11,2
C00437277,2052018.0,10,2018,05,2
C00437277,2212018.0,5,2018,21,2
C00437277,2212018.0,2,2018,21,2
C00437277,2222018.0,50,2018,22,2
C00437277,2242018.0,10,2018,24,2
C00437277,2142018.0,35,2018,14,2
C00437277,2162018.0,5,2018,16,2
C00437277,2222018.0,10,2018,22,2
C00437277,2082018.0,1000,2018,08,2
C00437277,2052018.0,25,2018,05,2
C00437277,2052018.0,50,2018,05,2
C00437277,2282018.0,10,2018,28,2
C00437277,2012018.0,5,2018,01,2
C00437277,2042018.0,25,2018,04,2
C00437277,2262018.0,25,2018,26,2
C00437277,2052018.0,100,2018,05,2
C00437277,2252018.0,25,2018,25,2
C00437277,2162018.0,25,2018,16,2
C00437277,2062018.0,1,2018,06,2
C00437277,2062018.0,10,2018,06,2
C00437277,2082018.0,50,2018,08,2
C00437277,2232018.0,15,2018,23,2
C00437277,2282018.0,25,2018,28,2
C00437277,2282018.0,15,2018,28,2
C00437277,2272018.0,25,2018,27,2
C00437277,2282018.0,25,2018,28,2
C00437277,2062018.0,5,2018,06,2
C00437277,2012018.0,15,2018,01,2
C00437277,2262018.0,25,2018,26,2
C00437277,2282018.0,5,2018,28,2
C00437277,2182018.0,5,2018,18,2
C00437277,2172018.0,20,2018,17,2
C00437277,2222018.0,15,2018,22,2
C00437277,2042018.0,5,2018,04,2
C00437277,2112018.0,25,2018,11,2
C00437277,2122018.0,5,2018,12,2
C00437277,2172018.0,25,2018,17,2
C00437277,2282018.0,50,2018,28,2
C00437277,2222018.0,100,2018,22,2
C00492785,2262018.0,-25,2018,26,2
C00492785,2262018.0,25,2018,26,2
C00492785,2262018.0,50,2018,26,2
C00492785,2262018.0,25,2018,26,2
C00492785,2262018.0,10,2018,26,2
C00492785,2262018.0,25,2018,26,2
C00492785,2272018.0,500,2018,27,2
C00492785,2202018.0,25,2018,20,2
C00492785,2202018.0,50,2018,20,2
C00492785,2202018.0,50,2018,20,2
C00492785,2202018.0,200,2018,20,2
C00492785,2202018.0,500,2018,20,2
C00492785,2202018.0,100,2018,20,2
C00492785,2202018.0,100,2018,20,2
C00492785,2202018.0,240,2018,20,2
C00492785,2202018.0,100,2018,20,2
C00492785,2202018.0,25,2018,20,2
C00492785,2202018.0,50,2018,20,2
C00492785,2202018.0,50,2018,20,2
C00492785,2202018.0,100,2018,20,2
C00492785,2202018.0,100,2018,20,2
C00492785,2202018.0,50,2018,20,2
C00492785,2202018.0,30,2018,20,2
C00492785,2202018.0,50,2018,20,2
C00492785,2202018.0,30,2018,20,2
C00492785,2202018.0,50,2018,20,2
C00492785,2272018.0,75,2018,27,2
C00492785,2272018.0,100,2018,27,2
C00492785,2272018.0,100,2018,27,2
C00492785,2272018.0,50,2018,27,2
C00492785,2272018.0,25,2018,27,2
C00492785,2272018.0,35,2018,27,2
C00492785,2272018.0,50,2018,27,2
C00492785,2272018.0,100,2018,27,2
C00492785,2202018.0,50,2018,20,2
C00492785,2202018.0,100,2018,20,2
C00492785,2202018.0,250,2018,20,2
C00492785,2202018.0,100,2018,20,2
C00492785,2202018.0,100,2018,20,2
C00492785,2202018.0,100,2018,20,2
C00492785,2202018.0,5,2018,20,2
C00492785,2202018.0,50,2018,20,2
C00492785,2202018.0,40,2018,20,2
C00492785,2202018.0,40,2018,20,2
C00492785,2202018.0,50,2018,20,2
C00492785,2202018.0,50,2018,20,2
C00492785,2202018.0,20,2018,20,2
C00492785,2202018.0,100,2018,20,2
C00492785,2202018.0,55,2018,20,2
C00492785,2282018.0,15,2018,28,2
C00492785,2282018.0,25,2018,28,2
C00492785,2282018.0,5,2018,28,2
C00492785,2282018.0,50,2018,28,2
C00492785,2282018.0,25,2018,28,2
C00492785,2282018.0,50,2018,28,2
C00492785,2282018.0,35,2018,28,2
C00492785,2282018.0,100,2018,28,2
C00492785,2282018.0,25,2018,28,2
C00492785,2282018.0,25,2018,28,2
C00492785,2282018.0,25,2018,28,2
C00492785,2282018.0,25,2018,28,2
C00492785,2282018.0,150,2018,28,2
C00492785,2272018.0,30,2018,27,2
C00492785,2272018.0,25,2018,27,2
C00492785,2272018.0,50,2018,27,2
C00492785,2272018.0,50,2018,27,2
C00492785,2272018.0,100,2018,27,2
C00492785,2272018.0,250,2018,27,2
C00492785,2272018.0,250,2018,27,2
C00492785,2272018.0,100,2018,27,2
C00492785,2272018.0,100,2018,27,2
C00492785,2272018.0,25,2018,27,2
C00492785,2272018.0,100,2018,27,2
C00492785,2272018.0,25,2018,27,2
C00437277,2042018.0,2,2018,04,2
C00437277,2092018.0,5,2018,09,2
C00437277,2282018.0,10,2018,28,2
C00437277,2272018.0,25,2018,27,2
C00437277,2282018.0,10,2018,28,2
C00437277,2092018.0,35,2018,09,2
C00437277,2282018.0,5,2018,28,2
C00437277,2272018.0,10,2018,27,2
C00437277,2222018.0,25,2018,22,2
C00437277,2202018.0,15,2018,20,2
C00437277,2222018.0,5,2018,22,2
C00437277,2112018.0,5,2018,11,2
C00437277,2202018.0,25,2018,20,2
C00437277,2012018.0,15,2018,01,2
C00437277,2282018.0,25,2018,28,2
C00437277,2072018.0,50,2018,07,2
C00437277,2212018.0,150,2018,21,2
C00437277,2112018.0,25,2018,11,2
C00437277,2212018.0,10,2018,21,2
C00437277,2062018.0,35,2018,06,2
C00437277,2112018.0,25,2018,11,2
C00437277,2032018.0,25,2018,03,2
C00437277,2042018.0,15,2018,04,2
C00437277,2102018.0,15,2018,10,2
C00437277,2262018.0,25,2018,26,2
C00437277,2282018.0,10,2018,28,2
C00437277,2232018.0,15,2018,23,2
C00437277,2152018.0,25,2018,15,2
C00437277,2012018.0,25,2018,01,2
C00437277,2052018.0,15,2018,05,2
C00437277,2032018.0,20,2018,03,2
C00437277,2042018.0,200,2018,04,2
C00437277,2272018.0,10,2018,27,2
C00437277,2142018.0,5,2018,14,2
C00437277,2062018.0,5,2018,06,2
C00437277,2232018.0,100,2018,23,2
C00437277,2062018.0,5,2018,06,2
C00437277,2012018.0,50,2018,01,2
C00437277,2202018.0,10,2018,20,2
C00437277,2242018.0,10,2018,24,2
C00437277,2062018.0,25,2018,06,2
C00492785,2272018.0,500,2018,27,2
C00492785,2272018.0,600,2018,27,2
C00492785,2272018.0,50,2018,27,2
C00492785,2272018.0,15,2018,27,2
C00492785,2272018.0,20,2018,27,2
C00492785,2272018.0,50,2018,27,2
C00492785,2272018.0,5,2018,27,2
C00492785,2272018.0,50,2018,27,2
C00492785,2272018.0,100,2018,27,2
C00492785,2282018.0,100,2018,28,2
C00492785,2162018.0,100,2018,16,2
C00492785,2282018.0,100,2018,28,2
C00492785,2282018.0,100,2018,28,2
C00492785,2282018.0,50,2018,28,2
C00492785,2282018.0,25,2018,28,2
C00492785,2282018.0,15,2018,28,2
C00492785,2282018.0,10,2018,28,2
C00492785,2282018.0,25,2018,28,2
C00492785,2282018.0,25,2018,28,2
C00492785,2282018.0,25,2018,28,2
C00492785,2282018.0,100,2018,28,2
C00492785,2282018.0,250,2018,28,2
C00492785,2282018.0,25,2018,28,2
C00492785,2282018.0,25,2018,28,2
C00492785,2282018.0,200,2018,28,2
C00492785,2282018.0,50,2018,28,2
C00492785,2282018.0,10,2018,28,2
C00492785,2282018.0,50,2018,28,2
C00492785,2282018.0,100,2018,28,2
C00492785,2222018.0,100,2018,22,2
C00492785,2222018.0,50,2018,22,2
C00492785,2222018.0,50,2018,22,2
C00492785,2222018.0,25,2018,22,2
C00492785,2222018.0,25,2018,22,2
C00492785,2222018.0,25,2018,22,2
C00492785,2242018.0,50,2018,24,2
C00492785,2262018.0,25,2018,26,2
C00492785,2262018.0,100,2018,26,2
C00492785,2262018.0,10,2018,26,2
C00492785,2262018.0,25,2018,26,2
C00492785,2262018.0,50,2018,26,2
C00492785,2272018.0,50,2018,27,2
C00492785,2272018.0,-50,2018,27,2
C00492785,2182018.0,25,2018,18,2
C00492785,2272018.0,25,2018,27,2
C00492785,2182018.0,50,2018,18,2
C00492785,2182018.0,10,2018,18,2
C00492785,2272018.0,20,2018,27,2
C00492785,2272018.0,60,2018,27,2
C00492785,2272018.0,30,2018,27,2
C00492785,2272018.0,300,2018,27,2
C00492785,2272018.0,200,2018,27,2
C00492785,2272018.0,25,2018,27,2
C00492785,2272018.0,250,2018,27,2
C00492785,2272018.0,15,2018,27,2
C00492785,2272018.0,250,2018,27,2
C00492785,2272018.0,60,2018,27,2
C00492785,2272018.0,25,2018,27,2
C00492785,2272018.0,25,2018,27,2
C00492785,2272018.0,100,2018,27,2
C00492785,2272018.0,25,2018,27,2
C00492785,2272018.0,50,2018,27,2
C00492785,2272018.0,50,2018,27,2
C00492785,2272018.0,50,2018,27,2
C00492785,2272018.0,80,2018,27,2
C00492785,2272018.0,50,2018,27,2
C00492785,2272018.0,100,2018,27,2
C00492785,2272018.0,10,2018,27,2
C00492785,2272018.0,30,2018,27,2
C00492785,2212018.0,25,2018,21,2
C00492785,2272018.0,250,2018,27,2
C00492785,2272018.0,30,2018,27,2
C00492785,2272018.0,50,2018,27,2
C00492785,2272018.0,100,2018,27,2
C00492785,2272018.0,100,2018,27,2
C00492785,2282018.0,30,2018,28,2
C00492785,2282018.0,100,2018,28,2
C00492785,2282018.0,25,2018,28,2
C00492785,2282018.0,50,2018,28,2
C00492785,2282018.0,25,2018,28,2
C00492785,2282018.0,15,2018,28,2
C00492785,2282018.0,25,2018,28,2
C00492785,2282018.0,50,2018,28,2
C00492785,2282018.0,25,2018,28,2
C00492785,2282018.0,25,2018,28,2
C00492785,2282018.0,100,2018,28,2
C00492785,2282018.0,25,2018,28,2
C00492785,2282018.0,10,2018,28,2
C00492785,2282018.0,500,2018,28,2
C00492785,2152018.0,35,2018,15,2
C00492785,2152018.0,30,2018,15,2
C00492785,2152018.0,10,2018,15,2
C00492785,2152018.0,10,2018,15,2
C00492785,2152018.0,15,2018,15,2
C00492785,2152018.0,20,2018,15,2
C00492785,2152018.0,20,2018,15,2
C00492785,2152018.0,100,2018,15,2
C00492785,2152018.0,10,2018,15,2
C00492785,2152018.0,50,2018,15,2
C00492785,2152018.0,30,2018,15,2
C00492785,2152018.0,25,2018,15,2
C00492785,2162018.0,40,2018,16,2
C00492785,2162018.0,50,2018,16,2
C00492785,2162018.0,25,2018,16,2
C00492785,2162018.0,100,2018,16,2
C00492785,2162018.0,150,2018,16,2
C00492785,2162018.0,50,2018,16,2
C00492785,2162018.0,40,2018,16,2
C00437277,2172018.0,5,2018,17,2
C00437277,2022018.0,500,2018,02,2
C00437277,2042018.0,1,2018,04,2
C00437277,2282018.0,25,2018,28,2
C00437277,2122018.0,10,2018,12,2
C00437277,2082018.0,25,2018,08,2
C00437277,2072018.0,65,2018,07,2
C00437277,2052018.0,5,2018,05,2
C00437277,2262018.0,10,2018,26,2
C00437277,2282018.0,10,2018,28,2
C00437277,2202018.0,20,2018,20,2
C00437277,2222018.0,20,2018,22,2
C00437277,2052018.0,25,2018,05,2
C00437277,2022018.0,30,2018,02,2
C00437277,2052018.0,10,2018,05,2
C00437277,2092018.0,10,2018,09,2
C00437277,2102018.0,25,2018,10,2
C00437277,2042018.0,50,2018,04,2
C00437277,2232018.0,15,2018,23,2
C00437277,2122018.0,100,2018,12,2
C00437277,2222018.0,10,2018,22,2
C00437277,2282018.0,100,2018,28,2
C00437277,2272018.0,10,2018,27,2
C00437277,2162018.0,10,2018,16,2
C00437277,2072018.0,250,2018,07,2
C00437277,2052018.0,25,2018,05,2
C00437277,2062018.0,27,2018,06,2
C00437277,2032018.0,10,2018,03,2
C00437277,2212018.0,5,2018,21,2
C00437277,2222018.0,50,2018,22,2
C00437277,2232018.0,25,2018,23,2
C00437277,2142018.0,5,2018,14,2
C00437277,2052018.0,27,2018,05,2
C00437277,2112018.0,25,2018,11,2
C00437277,2022018.0,100,2018,02,2
C00437277,2062018.0,25,2018,06,2
C00437277,2262018.0,5,2018,26,2
C00437277,2032018.0,10,2018,03,2
C00437277,2262018.0,50,2018,26,2
C00437277,2182018.0,5,2018,18,2
C00437277,2072018.0,25,2018,07,2
C00437277,2082018.0,35,2018,08,2
C00437277,2142018.0,15,2018,14,2
C00437277,2022018.0,10,2018,02,2
C00492785,2152018.0,25,2018,15,2
C00492785,2152018.0,5,2018,15,2
C00492785,2152018.0,50,2018,15,2
C00492785,2152018.0,10,2018,15,2
C00492785,2272018.0,150,2018,27,2
C00492785,2272018.0,500,2018,27,2
C00492785,2272018.0,154,2018,27,2
C00492785,2272018.0,50,2018,27,2
C00492785,2272018.0,25,2018,27,2
C00492785,2272018.0,250,2018,27,2
C00492785,2272018.0,200,2018,27,2
C00492785,2202018.0,10,2018,20,2
C00492785,2202018.0,25,2018,20,2
C00492785,2222018.0,250,2018,22,2
C00492785,2222018.0,25,2018,22,2
C00492785,2222018.0,100,2018,22,2
C00492785,2222018.0,15,2018,22,2
C00492785,2222018.0,200,2018,22,2
C00492785,2222018.0,50,2018,22,2
C00492785,2222018.0,50,2018,22,2
C00492785,2232018.0,25,2018,23,2
C00492785,2232018.0,1000,2018,23,2
C00492785,2232018.0,100,2018,23,2
C00492785,2232018.0,10,2018,23,2
C00492785,2232018.0,50,2018,23,2
C00492785,2232018.0,50,2018,23,2
C00492785,2262018.0,35,2018,26,2
C00492785,2262018.0,50,2018,26,2
C00492785,2262018.0,25,2018,26,2
C00492785,2262018.0,50,2018,26,2
C00492785,2262018.0,25,2018,26,2
C00492785,2272018.0,2700,2018,27,2
C00492785,2272018.0,-2700,2018,27,2
C00492785,2262018.0,250,2018,26,2
C00492785,2272018.0,200,2018,27,2
C00492785,2272018.0,35,2018,27,2
C00492785,2272018.0,25,2018,27,2
C00492785,2272018.0,50,2018,27,2
C00492785,2272018.0,50,2018,27,2
C00492785,2272018.0,25,2018,27,2
C00492785,2272018.0,15,2018,27,2
C00492785,2272018.0,35,2018,27,2
C00492785,2272018.0,1,2018,27,2
C00492785,2282018.0,10,2018,28,2
C00492785,2282018.0,25,2018,28,2
C00492785,2282018.0,25,2018,28,2
C00492785,2282018.0,50,2018,28,2
C00492785,2282018.0,25,2018,28,2
C00492785,2282018.0,50,2018,28,2
C00492785,2282018.0,200,2018,28,2
C00492785,2282018.0,100,2018,28,2
C00492785,2282018.0,25,2018,28,2
C00492785,2282018.0,50,2018,28,2
C00492785,2282018.0,25,2018,28,2
C00492785,2282018.0,25,2018,28,2
C00492785,2282018.0,50,2018,28,2
C00437277,2162018.0,25,2018,16,2
C00437277,2172018.0,10,2018,17,2
C00437277,2052018.0,10,2018,05,2
C00437277,2282018.0,5,2018,28,2
C00437277,2282018.0,50,2018,28,2
C00437277,2072018.0,100,2018,07,2
C00437277,2082018.0,10,2018,08,2
C00437277,2212018.0,1000,2018,21,2
C00437277,2072018.0,5,2018,07,2
C00437277,2212018.0,5,2018,21,2
C00437277,2212018.0,12,2018,21,2
C00437277,2232018.0,11,2018,23,2
C00437277,2212018.0,10,2018,21,2
C00437277,2052018.0,25,2018,05,2
C00437277,2082018.0,1000,2018,08,2
C00437277,2282018.0,25,2018,28,2
C00437277,2122018.0,50,2018,12,2
C00437277,2042018.0,25,2018,04,2
C00437277,2012018.0,50,2018,01,2
C00437277,2222018.0,10,2018,22,2
C00437277,2102018.0,50,2018,10,2
C00437277,2022018.0,100,2018,02,2
C00437277,2212018.0,25,2018,21,2
C00437277,2032018.0,25,2018,03,2
C00437277,2122018.0,50,2018,12,2
C00437277,2272018.0,25,2018,27,2
C00437277,2202018.0,25,2018,20,2
C00437277,2102018.0,1000,2018,10,2
C00437277,2162018.0,-800,2018,16,2
C00437277,2162018.0,800,2018,16,2
C00437277,2282018.0,25,2018,28,2
C00437277,2122018.0,25,2018,12,2
C00437277,2042018.0,50,2018,04,2
C00437277,2162018.0,50,2018,16,2
C00437277,2042018.0,50,2018,04,2
C00437277,2282018.0,25,2018,28,2
C00437277,2122018.0,25,2018,12,2
C00437277,2202018.0,5,2018,20,2
C00437277,2282018.0,50,2018,28,2
C00437277,2162018.0,50,2018,16,2
C00492785,2242018.0,500,2018,24,2
C00492785,2242018.0,100,2018,24,2
C00492785,2242018.0,100,2018,24,2
C00492785,2242018.0,25,2018,24,2
C00492785,2242018.0,200,2018,24,2
C00492785,2242018.0,300,2018,24,2
C00492785,2242018.0,100,2018,24,2
C00492785,2242018.0,25,2018,24,2
C00492785,2242018.0,250,2018,24,2
C00492785,2242018.0,25,2018,24,2
C00492785,2242018.0,50,2018,24,2
C00492785,2242018.0,25,2018,24,2
C00492785,2262018.0,2700,2018,26,2
C00492785,2262018.0,-2700,2018,26,2
C00492785,2242018.0,150,2018,24,2
C00492785,2242018.0,100,2018,24,2
C00492785,2262018.0,30,2018,26,2
C00492785,2262018.0,100,2018,26,2
C00492785,2152018.0,100,2018,15,2
C00492785,2152018.0,20,2018,15,2
C00492785,2152018.0,50,2018,15,2
C00492785,2152018.0,35,2018,15,2
C00492785,2152018.0,15,2018,15,2
C00492785,2282018.0,15,2018,28,2
C00492785,2282018.0,8,2018,28,2
C00492785,2282018.0,5,2018,28,2
C00492785,2162018.0,25,2018,16,2
C00492785,2162018.0,25,2018,16,2
C00492785,2162018.0,50,2018,16,2
C00492785,2162018.0,50,2018,16,2
C00492785,2162018.0,25,2018,16,2
C00492785,2162018.0,50,2018,16,2
C00492785,2162018.0,300,2018,16,2
C00492785,2162018.0,100,2018,16,2
C00492785,2162018.0,15,2018,16,2
C00492785,2162018.0,20,2018,16,2
C00492785,2162018.0,200,2018,16,2
C00492785,2162018.0,25,2018,16,2
C00492785,2162018.0,25,2018,16,2
C00492785,2162018.0,25,2018,16,2
C00492785,2162018.0,25,2018,16,2
C00492785,2162018.0,10,2018,16,2
C00492785,2162018.0,25,2018,16,2
C00492785,2162018.0,200,2018,16,2
C00492785,2162018.0,100,2018,16,2
C00492785,2262018.0,50,2018,26,2
C00492785,2272018.0,500,2018,27,2
C00492785,2262018.0,300,2018,26,2
C00492785,2262018.0,100,2018,26,2
C00492785,2262018.0,250,2018,26,2
C00492785,2262018.0,25,2018,26,2
C00492785,2262018.0,100,2018,26,2
C00492785,2262018.0,25,2018,26,2
C00492785,2262018.0,200,2018,26,2
C00492785,2262018.0,25,2018,26,2
C00492785,2262018.0,100,2018,26,2
C00492785,2262018.0,35,2018,26,2
C00492785,2272018.0,75,2018,27,2
C00492785,2272018.0,10,2018,27,2
C00492785,2272018.0,25,2018,27,2
C00492785,2272018.0,25,2018,27,2
C00492785,2272018.0,100,2018,27,2
C00492785,2272018.0,25,2018,27,2
C00492785,2272018.0,75,2018,27,2
C00492785,2272018.0,100,2018,27,2
C00492785,2272018.0,200,2018,27,2
C00492785,2272018.0,25,2018,27,2
C00492785,2272018.0,50,2018,27,2
C00492785,2272018.0,100,2018,27,2
C00492785,2272018.0,100,2018,27,2
C00492785,2282018.0,45,2018,28,2
C00492785,2282018.0,50,2018,28,2
C00492785,2282018.0,25,2018,28,2
C00492785,2282018.0,50,2018,28,2
C00492785,2282018.0,25,2018,28,2
C00492785,2282018.0,250,2018,28,2
C00492785,2282018.0,25,2018,28,2
C00492785,2282018.0,35,2018,28,2
C00492785,2282018.0,25,2018,28,2
C00492785,2282018.0,25,2018,28,2
C00492785,2282018.0,15,2018,28,2
C00492785,2282018.0,100,2018,28,2
C00492785,2282018.0,50,2018,28,2
C00492785,2282018.0,50,2018,28,2
C00492785,2282018.0,250,2018,28,2
C00492785,2152018.0,10,2018,15,2
C00492785,2152018.0,50,2018,15,2
C00492785,2152018.0,50,2018,15,2
C00492785,2152018.0,20,2018,15,2
C00492785,2152018.0,25,2018,15,2
C00492785,2152018.0,25,2018,15,2
C00492785,2152018.0,30,2018,15,2
C00492785,2152018.0,25,2018,15,2
C00492785,2152018.0,50,2018,15,2
C00492785,2152018.0,150,2018,15,2
C00492785,2152018.0,50,2018,15,2
C00492785,2152018.0,50,2018,15,2
C00492785,2152018.0,50,2018,15,2
C00492785,2152018.0,35,2018,15,2
C00492785,2172018.0,50,2018,17,2
C00492785,2172018.0,25,2018,17,2
C00492785,2172018.0,10,2018,17,2
C00492785,2172018.0,25,2018,17,2
C00492785,2172018.0,10,2018,17,2
C00492785,2282018.0,50,2018,28,2
C00492785,2282018.0,250,2018,28,2
C00492785,2282018.0,50,2018,28,2
C00492785,2282018.0,5,2018,28,2
C00492785,2282018.0,25,2018,28,2
C00492785,2282018.0,25,2018,28,2
C00492785,2282018.0,100,2018,28,2
C00492785,2282018.0,50,2018,28,2
C00492785,2282018.0,50,2018,28,2
C00492785,2282018.0,70,2018,28,2
C00492785,2282018.0,25,2018,28,2
C00437277,2062018.0,35,2018,06,2
C00437277,2282018.0,5,2018,28,2
C00437277,2092018.0,15,2018,09,2
C00437277,2102018.0,10,2018,10,2
C00437277,2042018.0,5,2018,04,2
C00437277,2282018.0,10,2018,28,2
C00437277,2042018.0,25,2018,04,2
C00437277,2282018.0,25,2018,28,2
C00437277,2082018.0,250,2018,08,2
C00437277,2132018.0,15,2018,13,2
C00437277,2032018.0,5,2018,03,2
C00437277,2042018.0,10,2018,04,2
C00437277,2282018.0,25,2018,28,2
C00437277,2052018.0,50,2018,05,2
C00437277,2172018.0,15,2018,17,2
C00437277,2022018.0,100,2018,02,2
C00437277,2042018.0,10,2018,04,2
C00437277,2122018.0,10,2018,12,2
C00437277,2162018.0,25,2018,16,2
C00437277,2172018.0,5,2018,17,2
C00437277,2252018.0,25,2018,25,2
C00437277,2022018.0,3,2018,02,2
C00437277,2022018.0,100,2018,02,2
C00437277,2162018.0,25,2018,16,2
C00437277,2172018.0,25,2018,17,2
C00437277,2282018.0,25,2018,28,2
C00437277,2102018.0,5,2018,10,2
C00437277,2262018.0,25,2018,26,2
C00437277,2032018.0,10,2018,03,2
C00437277,2282018.0,25,2018,28,2
C00437277,2052018.0,100,2018,05,2
C00437277,2082018.0,35,2018,08,2
C00437277,2132018.0,23,2018,13,2
C00437277,2032018.0,10,2018,03,2
C00437277,2282018.0,10,2018,28,2
C00437277,2132018.0,15,2018,13,2
C00437277,2062018.0,11,2018,06,2
C00437277,2212018.0,300,2018,21,2
C00437277,2022018.0,50,2018,02,2
C00437277,2112018.0,25,2018,11,2
C00437277,2092018.0,10,2018,09,2
C00437277,2232018.0,50,2018,23,2
C00437277,2032018.0,25,2018,03,2
C00437277,2272018.0,5,2018,27,2
C00437277,2042018.0,15,2018,04,2
C00437277,2192018.0,25,2018,19,2
C00437277,2052018.0,25,2018,05,2
C00437277,2052018.0,10,2018,05,2
C00437277,2052018.0,100,2018,05,2
C00437277,2212018.0,100,2018,21,2
C00437277,2012018.0,50,2018,01,2
C00437277,2052018.0,15,2018,05,2
C00492785,2202018.0,20,2018,20,2
C00492785,2202018.0,50,2018,20,2
C00492785,2202018.0,118,2018,20,2
C00492785,2202018.0,500,2018,20,2
C00492785,2202018.0,35,2018,20,2
C00492785,2202018.0,22,2018,20,2
C00492785,2202018.0,100,2018,20,2
C00492785,2202018.0,100,2018,20,2
C00492785,2202018.0,500,2018,20,2
C00492785,2202018.0,100,2018,20,2
C00492785,2202018.0,25,2018,20,2
C00492785,2202018.0,25,2018,20,2
C00492785,2202018.0,50,2018,20,2
C00492785,2202018.0,50,2018,20,2
C00492785,2202018.0,200,2018,20,2
C00492785,2202018.0,20,2018,20,2
C00492785,2202018.0,100,2018,20,2
C00492785,2202018.0,100,2018,20,2
C00492785,2202018.0,50,2018,20,2
C00492785,2202018.0,35,2018,20,2
C00492785,2202018.0,25,2018,20,2
C00492785,2202018.0,25,2018,20,2
C00492785,2202018.0,100,2018,20,2
C00492785,2202018.0,25,2018,20,2
C00492785,2202018.0,100,2018,20,2
C00492785,2202018.0,25,2018,20,2
C00492785,2202018.0,200,2018,20,2
C00492785,2202018.0,10,2018,20,2
C00492785,2202018.0,100,2018,20,2
C00492785,2202018.0,200,2018,20,2
C00492785,2212018.0,91,2018,21,2
C00492785,2142018.0,500,2018,14,2
C00492785,2152018.0,20,2018,15,2
C00492785,2202018.0,250,2018,20,2
C00492785,2202018.0,50,2018,20,2
C00492785,2152018.0,75,2018,15,2
C00492785,2152018.0,100,2018,15,2
C00492785,2152018.0,20,2018,15,2
C00492785,2152018.0,50,2018,15,2
C00492785,2212018.0,150,2018,21,2
C00492785,2212018.0,-150,2018,21,2
C00492785,2152018.0,50,2018,15,2
C00492785,2152018.0,15,2018,15,2
C00492785,2202018.0,75,2018,20,2
C00492785,2202018.0,15,2018,20,2
C00492785,2202018.0,100,2018,20,2
C00492785,2202018.0,75,2018,20,2
C00492785,2202018.0,200,2018,20,2
C00492785,2202018.0,30,2018,20,2
C00492785,2202018.0,-2700,2018,20,2
C00492785,2202018.0,100,2018,20,2
C00492785,2202018.0,25,2018,20,2
C00492785,2202018.0,20,2018,20,2
C00492785,2202018.0,100,2018,20,2
C00492785,2202018.0,35,2018,20,2
C00492785,2202018.0,200,2018,20,2
C00492785,2202018.0,100,2018,20,2
C00492785,2202018.0,30,2018,20,2
C00492785,2202018.0,55,2018,20,2
C00492785,2202018.0,200,2018,20,2
C00492785,2152018.0,50,2018,15,2
C00492785,2152018.0,25,2018,15,2
C00492785,2152018.0,20,2018,15,2
C00492785,2152018.0,35,2018,15,2
C00492785,2152018.0,50,2018,15,2
C00492785,2152018.0,25,2018,15,2
C00492785,2152018.0,10,2018,15,2
C00492785,2152018.0,25,2018,15,2
C00492785,2152018.0,50,2018,15,2
C00492785,2152018.0,35,2018,15,2
C00492785,2152018.0,25,2018,15,2
C00492785,2152018.0,35,2018,15,2
C00492785,2152018.0,100,2018,15,2
C00492785,2152018.0,50,2018,15,2
C00492785,2152018.0,100,2018,15,2
C00492785,2152018.0,25,2018,15,2
C00492785,2152018.0,20,2018,15,2
C00492785,2152018.0,25,2018,15,2
C00492785,2152018.0,25,2018,15,2
C00492785,2152018.0,25,2018,15,2
C00492785,2152018.0,25,2018,15,2
C00492785,2152018.0,50,2018,15,2
C00492785,2152018.0,25,2018,15,2
C00492785,2152018.0,25,2018,15,2
C00492785,2152018.0,15,2018,15,2
C00492785,2152018.0,25,2018,15,2
C00492785,2152018.0,35,2018,15,2
C00492785,2152018.0,25,2018,15,2
C00492785,2152018.0,25,2018,15,2
C00492785,2152018.0,100,2018,15,2
C00492785,2152018.0,20,2018,15,2
C00492785,2152018.0,20,2018,15,2
C00492785,2202018.0,50,2018,20,2
C00492785,2202018.0,50,2018,20,2
C00492785,2202018.0,300,2018,20,2
C00492785,2212018.0,-300,2018,21,2
C00492785,2212018.0,300,2018,21,2
C00492785,2152018.0,25,2018,15,2
C00492785,2152018.0,50,2018,15,2
C00492785,2152018.0,25,2018,15,2
C00492785,2152018.0,50,2018,15,2
C00492785,2152018.0,50,2018,15,2
C00492785,2152018.0,20,2018,15,2
C00492785,2152018.0,15,2018,15,2
C00492785,2152018.0,10,2018,15,2
C00492785,2152018.0,25,2018,15,2
C00492785,2152018.0,25,2018,15,2
C00492785,2152018.0,50,2018,15,2
C00492785,2152018.0,25,2018,15,2
C00492785,2152018.0,25,2018,15,2
C00492785,2152018.0,25,2018,15,2
C00492785,2152018.0,20,2018,15,2
C00492785,2152018.0,50,2018,15,2
C00492785,2152018.0,20,2018,15,2
C00492785,2152018.0,50,2018,15,2
C00437277,2132018.0,10,2018,13,2
C00437277,2272018.0,15,2018,27,2
C00437277,2282018.0,12,2018,28,2
C00437277,2022018.0,100,2018,02,2
C00437277,2202018.0,15,2018,20,2
C00437277,2222018.0,10,2018,22,2
C00437277,2052018.0,25,2018,05,2
C00437277,2062018.0,100,2018,06,2
C00437277,2072018.0,500,2018,07,2
C00437277,2282018.0,50,2018,28,2
C00437277,2282018.0,10,2018,28,2
C00437277,2222018.0,5,2018,22,2
C00437277,2272018.0,15,2018,27,2
C00437277,2082018.0,9,2018,08,2
C00437277,2142018.0,5,2018,14,2
C00437277,2082018.0,50,2018,08,2
C00437277,2112018.0,10,2018,11,2
C00437277,2212018.0,100,2018,21,2
C00437277,2202018.0,9,2018,20,2
C00437277,2042018.0,15,2018,04,2
C00437277,2282018.0,25,2018,28,2
C00437277,2272018.0,25,2018,27,2
C00437277,2052018.0,50,2018,05,2
C00437277,2262018.0,1000,2018,26,2
C00437277,2282018.0,25,2018,28,2
C00437277,2142018.0,25,2018,14,2
C00437277,2102018.0,50,2018,10,2
C00437277,2102018.0,50,2018,10,2
C00437277,2272018.0,25,2018,27,2
C00437277,2182018.0,5,2018,18,2
C00437277,2172018.0,25,2018,17,2
C00437277,2092018.0,35,2018,09,2
C00437277,2242018.0,15,2018,24,2
C00437277,2042018.0,5,2018,04,2
C00437277,2282018.0,25,2018,28,2
C00437277,2022018.0,10,2018,02,2
C00437277,2072018.0,5,2018,07,2
C00437277,2252018.0,25,2018,25,2
C00437277,2122018.0,50,2018,12,2
C00437277,2142018.0,35,2018,14,2
C00437277,2062018.0,25,2018,06,2
C00437277,2192018.0,12,2018,19,2
C00492785,2152018.0,50,2018,15,2
C00492785,2152018.0,35,2018,15,2
C00492785,2152018.0,25,2018,15,2
C00492785,2152018.0,25,2018,15,2
C00492785,2152018.0,60,2018,15,2
C00492785,2152018.0,35,2018,15,2
C00492785,2152018.0,50,2018,15,2
C00492785,2152018.0,40,2018,15,2
C00492785,2152018.0,50,2018,15,2
C00492785,2152018.0,10,2018,15,2
C00492785,2152018.0,100,2018,15,2
C00492785,2152018.0,20,2018,15,2
C00492785,2152018.0,25,2018,15,2
C00492785,2152018.0,10,2018,15,2
C00492785,2152018.0,100,2018,15,2
C00492785,2152018.0,25,2018,15,2
C00492785,2152018.0,35,2018,15,2
C00492785,2152018.0,250,2018,15,2
C00492785,2152018.0,25,2018,15,2
C00492785,2202018.0,100,2018,20,2
C00492785,2152018.0,15,2018,15,2
C00492785,2202018.0,50,2018,20,2
C00492785,2202018.0,250,2018,20,2
C00492785,2202018.0,50,2018,20,2
C00492785,2202018.0,35,2018,20,2
C00492785,2202018.0,100,2018,20,2
C00492785,2202018.0,100,2018,20,2
C00492785,2202018.0,100,2018,20,2
C00492785,2152018.0,45,2018,15,2
C00492785,2152018.0,100,2018,15,2
C00492785,2152018.0,50,2018,15,2
C00492785,2202018.0,25,2018,20,2
C00492785,2152018.0,10,2018,15,2
C00492785,2152018.0,40,2018,15,2
C00492785,2152018.0,100,2018,15,2
C00492785,2202018.0,100,2018,20,2
C00492785,2202018.0,100,2018,20,2
C00492785,2202018.0,50,2018,20,2
C00492785,2202018.0,100,2018,20,2
C00492785,2202018.0,250,2018,20,2
C00492785,2202018.0,25,2018,20,2
C00492785,2202018.0,25,2018,20,2
C00492785,2202018.0,30,2018,20,2
C00492785,2202018.0,20,2018,20,2
C00492785,2202018.0,1000,2018,20,2
C00492785,2202018.0,13,2018,20,2
C00492785,2202018.0,40,2018,20,2
C00492785,2202018.0,25,2018,20,2
C00492785,2202018.0,25,2018,20,2
C00492785,2202018.0,375,2018,20,2
C00492785,2202018.0,100,2018,20,2
C00492785,2202018.0,500,2018,20,2
C00492785,2202018.0,200,2018,20,2
C00492785,2202018.0,25,2018,20,2
C00492785,2202018.0,25,2018,20,2
C00492785,2202018.0,50,2018,20,2
C00492785,2202018.0,200,2018,20,2
C00492785,2162018.0,200,2018,16,2
C00492785,2202018.0,50,2018,20,2
C00492785,2202018.0,75,2018,20,2
C00492785,2202018.0,150,2018,20,2
C00492785,2202018.0,50,2018,20,2
C00492785,2202018.0,50,2018,20,2
C00492785,2202018.0,100,2018,20,2
C00492785,2202018.0,50,2018,20,2
C00492785,2202018.0,50,2018,20,2
C00492785,2202018.0,50,2018,20,2
C00492785,2152018.0,15,2018,15,2
C00492785,2162018.0,-200,2018,16,2
C00492785,2152018.0,25,2018,15,2
C00492785,2152018.0,25,2018,15,2
C00492785,2152018.0,50,2018,15,2
C00492785,2152018.0,35,2018,15,2
C00492785,2152018.0,35,2018,15,2
C00492785,2152018.0,50,2018,15,2
C00492785,2152018.0,25,2018,15,2
C00492785,2152018.0,50,2018,15,2
C00492785,2152018.0,25,2018,15,2
C00492785,2152018.0,50,2018,15,2
C00492785,2152018.0,50,2018,15,2
C00492785,2152018.0,50,2018,15,2
C00492785,2202018.0,150,2018,20,2
C00492785,2152018.0,20,2018,15,2
C00492785,2152018.0,25,2018,15,2
C00492785,2202018.0,500,2018,20,2
C00492785,2152018.0,25,2018,15,2
C00492785,2152018.0,100,2018,15,2
C00492785,2152018.0,45,2018,15,2
C00492785,2152018.0,25,2018,15,2
C00492785,2152018.0,100,2018,15,2
C00492785,2152018.0,25,2018,15,2
C00492785,2152018.0,20,2018,15,2
C00492785,2152018.0,25,2018,15,2
C00492785,2152018.0,100,2018,15,2
C00492785,2152018.0,75,2018,15,2
C00492785,2152018.0,25,2018,15,2
C00492785,2152018.0,50,2018,15,2
C00492785,2152018.0,25,2018,15,2
C00492785,2152018.0,50,2018,15,2
C00492785,2152018.0,75,2018,15,2
C00492785,2152018.0,50,2018,15,2
C00492785,2152018.0,35,2018,15,2
C00492785,2152018.0,100,2018,15,2
C00492785,2152018.0,25,2018,15,2
C00492785,2142018.0,1000,2018,14,2
C00492785,2162018.0,-650,2018,16,2
C00492785,2162018.0,650,2018,16,2
C00492785,2152018.0,50,2018,15,2
C00492785,2152018.0,100,2018,15,2
C00492785,2152018.0,50,2018,15,2
C00492785,2152018.0,20,2018,15,2
C00492785,2152018.0,25,2018,15,2
C00492785,2152018.0,15,2018,15,2
C00492785,2152018.0,35,2018,15,2
C00492785,2152018.0,15,2018,15,2
C00492785,2152018.0,25,2018,15,2
C00492785,2152018.0,50,2018,15,2
C00492785,2152018.0,50,2018,15,2
C00492785,2152018.0,100,2018,15,2
C00492785,2152018.0,30,2018,15,2
C00492785,2152018.0,150,2018,15,2
C00492785,2202018.0,100,2018,20,2
C00437277,2142018.0,5,2018,14,2
C00437277,2152018.0,5,2018,15,2
C00437277,2172018.0,8,2018,17,2
C00437277,2062018.0,100,2018,06,2
C00437277,2222018.0,100,2018,22,2
C00437277,2222018.0,50,2018,22,2
C00437277,2142018.0,5,2018,14,2
C00437277,2052018.0,10,2018,05,2
C00437277,2042018.0,25,2018,04,2
C00437277,2282018.0,15,2018,28,2
C00437277,2282018.0,25,2018,28,2
C00437277,2112018.0,5,2018,11,2
C00437277,2022018.0,100,2018,02,2
C00437277,2242018.0,25,2018,24,2
C00437277,2232018.0,50,2018,23,2
C00437277,2132018.0,10,2018,13,2
C00437277,2062018.0,65,2018,06,2
C00437277,2282018.0,25,2018,28,2
C00437277,2052018.0,100,2018,05,2
C00437277,2012018.0,250,2018,01,2
C00437277,2162018.0,5,2018,16,2
C00437277,2092018.0,15,2018,09,2
C00437277,2022018.0,100,2018,02,2
C00437277,2132018.0,25,2018,13,2
C00437277,2052018.0,15,2018,05,2
C00437277,2022018.0,5,2018,02,2
C00437277,2252018.0,15,2018,25,2
C00437277,2082018.0,50,2018,08,2
C00437277,2112018.0,3,2018,11,2
C00437277,2082018.0,60,2018,08,2
C00437277,2052018.0,10,2018,05,2
C00437277,2212018.0,100,2018,21,2
C00437277,2222018.0,10,2018,22,2
C00437277,2162018.0,50,2018,16,2
C00437277,2112018.0,50,2018,11,2
C00437277,2202018.0,15,2018,20,2
C00437277,2092018.0,25,2018,09,2
C00437277,2042018.0,10,2018,04,2
C00437277,2282018.0,50,2018,28,2
C00437277,2282018.0,25,2018,28,2
C00437277,2282018.0,5,2018,28,2
C00437277,2032018.0,10,2018,03,2
C00437277,2012018.0,15,2018,01,2
C00437277,2242018.0,15,2018,24,2
C00437277,2092018.0,15,2018,09,2
C00437277,2122018.0,10,2018,12,2
C00437277,2282018.0,10,2018,28,2
C00437277,2162018.0,25,2018,16,2
C00437277,2052018.0,50,2018,05,2
C00437277,2032018.0,12,2018,03,2
C00437277,2162018.0,15,2018,16,2
C00437277,2082018.0,10,2018,08,2
C00437277,2092018.0,10,2018,09,2
C00437277,2032018.0,50,2018,03,2
C00437277,2142018.0,10,2018,14,2
C00437277,2212018.0,300,2018,21,2
C00437277,2262018.0,25,2018,26,2
C00437277,2282018.0,10,2018,28,2
C00437277,2122018.0,25,2018,12,2
C00437277,2082018.0,10,2018,08,2
C00437277,2052018.0,100,2018,05,2
C00437277,2022018.0,5,2018,02,2
C00437277,2042018.0,10,2018,04,2
C00437277,2102018.0,100,2018,10,2
C00437277,2012018.0,25,2018,01,2
C00437277,2272018.0,15,2018,27,2
C00437277,2042018.0,15,2018,04,2
C00437277,2032018.0,25,2018,03,2
C00437277,2222018.0,5,2018,22,2
C00437277,2212018.0,25,2018,21,2
C00437277,2102018.0,10,2018,10,2
C00437277,2022018.0,50,2018,02,2
C00437277,2212018.0,10,2018,21,2
C00437277,2122018.0,25,2018,12,2
C00437277,2052018.0,25,2018,05,2
C00437277,2082018.0,10,2018,08,2
C00437277,2272018.0,15,2018,27,2
C00437277,2282018.0,15,2018,28,2
C00437277,2162018.0,5,2018,16,2
C00437277,2062018.0,10,2018,06,2
C00437277,2062018.0,10,2018,06,2
C00437277,2032018.0,10,2018,03,2
C00437277,2042018.0,10,2018,04,2
C00437277,2202018.0,35,2018,20,2
C00437277,2042018.0,5,2018,04,2
C00437277,2262018.0,100,2018,26,2
C00437277,2282018.0,15,2018,28,2
C00437277,2172018.0,5,2018,17,2
C00437277,2052018.0,25,2018,05,2
C00437277,2222018.0,20,2018,22,2
C00437277,2212018.0,250,2018,21,2
C00437277,2202018.0,15,2018,20,2
C00437277,2212018.0,100,2018,21,2
C00437277,2042018.0,10,2018,04,2
C00437277,2062018.0,65,2018,06,2
C00437277,2122018.0,50,2018,12,2
C00437277,2182018.0,25,2018,18,2
C00437277,2052018.0,5,2018,05,2
C00437277,2092018.0,5,2018,09,2
C00437277,2022018.0,100,2018,02,2
C00437277,2282018.0,10,2018,28,2
C00437277,2122018.0,15,2018,12,2
C00437277,2052018.0,25,2018,05,2
C00437277,2012018.0,3,2018,01,2
C00437277,2262018.0,25,2018,26,2
C00437277,2052018.0,25,2018,05,2
C00437277,2112018.0,0,2018,11,2
C00437277,2252018.0,250,2018,25,2
C00437277,2252018.0,200,2018,25,2
C00437277,2252018.0,0,2018,25,2
C00437277,2252018.0,0,2018,25,2
C00501197,2252018.0,25,2018,25,2
C00501197,2252018.0,25,2018,25,2
C00501197,2282018.0,25,2018,28,2
C00501197,2282018.0,25,2018,28,2
C00501197,2202018.0,250,2018,20,2
C00501197,2162018.0,40,2018,16,2
C00501197,2232018.0,40,2018,23,2
C00501197,2222018.0,25,2018,22,2
C00501197,2282018.0,250,2018,28,2
C00501197,2182018.0,100,2018,18,2
C00501197,2182018.0,25,2018,18,2
C00501197,2202018.0,25,2018,20,2
C00501197,2262018.0,250,2018,26,2
C00501197,2162018.0,50,2018,16,2
C00501197,2262018.0,15,2018,26,2
C00501197,2282018.0,20,2018,28,2
C00501197,2232018.0,250,2018,23,2
C00501197,2232018.0,250,2018,23,2
C00501197,2282018.0,150,2018,28,2
C00501197,2242018.0,1,2018,24,2
C00501197,2182018.0,100,2018,18,2
C00501197,2252018.0,100,2018,25,2
C00501197,2192018.0,15,2018,19,2
C00501197,2252018.0,25,2018,25,2
C00501197,2242018.0,25,2018,24,2
C00501197,2272018.0,1000,2018,27,2
C00501197,2282018.0,250,2018,28,2
C00501197,2282018.0,25,2018,28,2
C00501197,2162018.0,100,2018,16,2
C00501197,2282018.0,25,2018,28,2
C00501197,2232018.0,250,2018,23,2
C00501197,2202018.0,25,2018,20,2
C00501197,2232018.0,25,2018,23,2
C00501197,2202018.0,25,2018,20,2
C00501197,2212018.0,250,2018,21,2
C00501197,2202018.0,25,2018,20,2
C00501197,2262018.0,25,2018,26,2
C00501197,2282018.0,20,2018,28,2
C00501197,2272018.0,75,2018,27,2
C00501197,2152018.0,500,2018,15,2
C00501197,2242018.0,250,2018,24,2
C00501197,2152018.0,100,2018,15,2
C00501197,2172018.0,250,2018,17,2
C00501197,2282018.0,100,2018,28,2
C00501197,2152018.0,-600,2018,15,2
C00501197,2152018.0,600,2018,15,2
C00501197,2222018.0,250,2018,22,2
C00501197,2162018.0,250,2018,16,2
C00501197,2242018.0,25,2018,24,2
C00501197,2202018.0,250,2018,20,2
C00501197,2232018.0,100,2018,23,2
C00501197,2222018.0,25,2018,22,2
C00501197,2242018.0,5,2018,24,2
C00501197,2202018.0,500,2018,20,2
C00501197,2272018.0,10,2018,27,2
C00501197,2282018.0,5,2018,28,2
C00501197,2192018.0,250,2018,19,2
C00501197,2162018.0,250,2018,16,2
C00501197,2222018.0,500,2018,22,2
C00501197,2282018.0,100,2018,28,2
C00501197,2252018.0,5,2018,25,2
C00501197,2282018.0,5,2018,28,2
C00501197,2152018.0,250,2018,15,2
C00501197,2212018.0,500,2018,21,2
C00501197,2222018.0,50,2018,22,2
C00501197,2282018.0,88,2018,28,2
C00501197,2282018.0,25,2018,28,2
C00501197,2182018.0,1000,2018,18,2
C00501197,2282018.0,50,2018,28,2
C00501197,2182018.0,250,2018,18,2
C00501197,2232018.0,100,2018,23,2
C00501197,2162018.0,25,2018,16,2
C00501197,2222018.0,100,2018,22,2
C00501197,2282018.0,25,2018,28,2
C00501197,2282018.0,25,2018,28,2
C00501197,2152018.0,500,2018,15,2
C00501197,2282018.0,30,2018,28,2
C00501197,2262018.0,25,2018,26,2
C00501197,2172018.0,100,2018,17,2
C00501197,2212018.0,16,2018,21,2
C00501197,2202018.0,15,2018,20,2
C00501197,2202018.0,25,2018,20,2
C00501197,2272018.0,500,2018,27,2
C00501197,2262018.0,25,2018,26,2
C00501197,2282018.0,20,2018,28,2
C00501197,2212018.0,25,2018,21,2
C00501197,2222018.0,25,2018,22,2
C00501197,2232018.0,25,2018,23,2
C00501197,2242018.0,5,2018,24,2
C00501197,2282018.0,500,2018,28,2
C00501197,2272018.0,150,2018,27,2
C00501197,2282018.0,56,2018,28,2
C00501197,2282018.0,25,2018,28,2
C00501197,2282018.0,25,2018,28,2
C00501197,2232018.0,100,2018,23,2
C00501197,2242018.0,75,2018,24,2
C00501197,2172018.0,50,2018,17,2
C00501197,2242018.0,100,2018,24,2
C00501197,2152018.0,500,2018,15,2
C00501197,2262018.0,2700,2018,26,2
C00501197,2162018.0,500,2018,16,2
C00501197,2192018.0,100,2018,19,2
C00501197,2212018.0,100,2018,21,2
C00501197,2282018.0,76,2018,28,2
C00501197,2282018.0,500,2018,28,2
C00501197,2282018.0,36,2018,28,2
C00501197,2282018.0,25,2018,28,2
C00501197,2272018.0,250,2018,27,2
C00501197,2272018.0,100,2018,27,2
C00501197,2242018.0,177,2018,24,2
C00501197,2242018.0,1000,2018,24,2
C00501197,2282018.0,1000,2018,28,2
C00501197,2242018.0,250,2018,24,2
C00501197,2242018.0,250,2018,24,2
C00501197,2282018.0,100,2018,28,2
C00501197,2282018.0,25,2018,28,2
C00501197,2282018.0,40,2018,28,2
C00501197,2242018.0,1000,2018,24,2
C00501197,2212018.0,20,2018,21,2
C00501197,2262018.0,250,2018,26,2
C00501197,2192018.0,250,2018,19,2
C00501197,2272018.0,100,2018,27,2
C00501197,2272018.0,250,2018,27,2
C00501197,2282018.0,25,2018,28,2
C00501197,2282018.0,25,2018,28,2
C00501197,2282018.0,25,2018,28,2
C00501197,2262018.0,300,2018,26,2
C00501197,2192018.0,100,2018,19,2
C00501197,2282018.0,25,2018,28,2
C00501197,2272018.0,25,2018,27,2
C00501197,2232018.0,100,2018,23,2
C00501197,2262018.0,50,2018,26,2
C00501197,2282018.0,25,2018,28,2
C00501197,2232018.0,100,2018,23,2
C00501197,2282018.0,25,2018,28,2
C00501197,2282018.0,25,2018,28,2
C00501197,2202018.0,25,2018,20,2
C00501197,2172018.0,100,2018,17,2
C00501197,2282018.0,25,2018,28,2
C00501197,2282018.0,10,2018,28,2
C00501197,2262018.0,25,2018,26,2
C00501197,2242018.0,1000,2018,24,2
C00501197,2212018.0,31,2018,21,2
C00501197,2282018.0,100,2018,28,2
C00501197,2222018.0,16,2018,22,2
C00501197,2242018.0,50,2018,24,2
C00501197,2222018.0,40,2018,22,2
C00501197,2262018.0,500,2018,26,2
C00501197,2252018.0,500,2018,25,2
C00501197,2202018.0,250,2018,20,2
C00501197,2162018.0,20,2018,16,2
C00501197,2232018.0,100,2018,23,2
C00501197,2172018.0,16,2018,17,2
C00501197,2252018.0,38,2018,25,2
C00501197,2282018.0,25,2018,28,2
C00501197,2282018.0,25,2018,28,2
C00501197,2262018.0,100,2018,26,2
C00501197,2232018.0,1000,2018,23,2
C00501197,2222018.0,100,2018,22,2
C00501197,2242018.0,250,2018,24,2
C00501197,2222018.0,200,2018,22,2
C00501197,2232018.0,20,2018,23,2
C00501197,2262018.0,100,2018,26,2
C00501197,2162018.0,5,2018,16,2
C00501197,2222018.0,500,2018,22,2
C00501197,2282018.0,100,2018,28,2
C00501197,2242018.0,50,2018,24,2
C00501197,2222018.0,25,2018,22,2
C00501197,2182018.0,39,2018,18,2
C00501197,2162018.0,5,2018,16,2
C00501197,2282018.0,25,2018,28,2
C00501197,2282018.0,100,2018,28,2
C00501197,2282018.0,25,2018,28,2
C00501197,2162018.0,115,2018,16,2
C00501197,2162018.0,5,2018,16,2
C00501197,2222018.0,250,2018,22,2
C00501197,2282018.0,20,2018,28,2
C00501197,2272018.0,25,2018,27,2
C00501197,2272018.0,25,2018,27,2
C00501197,2152018.0,25,2018,15,2
C00501197,2282018.0,25,2018,28,2
C00501197,2202018.0,500,2018,20,2
C00501197,2282018.0,25,2018,28,2
C00501197,2282018.0,200,2018,28,2
C00501197,2282018.0,75,2018,28,2
C00501197,2262018.0,50,2018,26,2
C00501197,2262018.0,25,2018,26,2
C00501197,2232018.0,10,2018,23,2
C00501197,2162018.0,25,2018,16,2
C00501197,2232018.0,50,2018,23,2
C00501197,2262018.0,500,2018,26,2
C00501197,2262018.0,100,2018,26,2
C00501197,2262018.0,2400,2018,26,2
C00501197,2262018.0,25,2018,26,2
C00501197,2262018.0,200,2018,26,2
C00501197,2262018.0,200,2018,26,2
C00501197,2262018.0,25,2018,26,2
C00501197,2262018.0,10,2018,26,2
C00501197,2152018.0,100,2018,15,2
C00501197,2152018.0,100,2018,15,2
C00501197,2272018.0,25,2018,27,2
C00501197,2282018.0,100,2018,28,2
C00501197,2242018.0,275,2018,24,2
C00501197,2282018.0,10,2018,28,2
C00501197,2182018.0,25,2018,18,2
C00501197,2152018.0,100,2018,15,2
C00501197,2282018.0,100,2018,28,2
C00501197,2222018.0,25,2018,22,2
C00501197,2252018.0,1,2018,25,2
C00501197,2252018.0,30,2018,25,2
C00501197,2282018.0,25,2018,28,2
C00501197,2262018.0,250,2018,26,2
C00501197,2232018.0,100,2018,23,2
C00501197,2232018.0,5,2018,23,2
C00501197,2282018.0,100,2018,28,2
C00501197,2232018.0,100,2018,23,2
C00501197,2282018.0,25,2018,28,2
C00501197,2282018.0,50,2018,28,2
C00501197,2162018.0,500,2018,16,2
C00501197,2162018.0,5,2018,16,2
C00501197,2192018.0,5,2018,19,2
C00501197,2282018.0,100,2018,28,2
C00501197,2242018.0,128,2018,24,2
C00501197,2162018.0,25,2018,16,2
C00501197,2162018.0,100,2018,16,2
C00501197,2272018.0,25,2018,27,2
C00501197,2272018.0,25,2018,27,2
C00501197,2272018.0,25,2018,27,2
C00501197,2272018.0,5,2018,27,2
C00501197,2212018.0,5,2018,21,2
C00501197,2192018.0,25,2018,19,2
C00501197,2212018.0,250,2018,21,2
C00501197,2222018.0,500,2018,22,2
C00501197,2262018.0,27,2018,26,2
C00501197,2272018.0,100,2018,27,2
C00501197,2252018.0,31,2018,25,2
C00501197,2282018.0,100,2018,28,2
C00501197,2232018.0,25,2018,23,2
C00501197,2272018.0,100,2018,27,2
C00501197,2272018.0,100,2018,27,2
C00501197,2212018.0,5,2018,21,2
C00501197,2192018.0,250,2018,19,2
C00501197,2162018.0,100,2018,16,2
C00501197,2212018.0,1000,2018,21,2
C00501197,2252018.0,250,2018,25,2
C00501197,2242018.0,25,2018,24,2
C00501197,2192018.0,5,2018,19,2
C00501197,2242018.0,1000,2018,24,2
C00501197,2242018.0,500,2018,24,2
C00501197,2162018.0,25,2018,16,2
C00501197,2172018.0,25,2018,17,2
C00501197,2242018.0,25,2018,24,2
C00501197,2232018.0,5,2018,23,2
C00501197,2232018.0,100,2018,23,2
C00501197,2232018.0,25,2018,23,2
C00501197,2222018.0,10,2018,22,2
C00501197,2262018.0,25,2018,26,2
C00501197,2182018.0,25,2018,18,2
C00501197,2272018.0,167,2018,27,2
C00501197,2272018.0,82,2018,27,2
C00501197,2282018.0,50,2018,28,2
C00501197,2282018.0,25,2018,28,2
C00501197,2212018.0,10,2018,21,2
C00501197,2152018.0,35,2018,15,2
C00501197,2202018.0,100,2018,20,2
C00501197,2282018.0,100,2018,28,2
C00501197,2172018.0,250,2018,17,2
C00501197,2262018.0,250,2018,26,2
C00501197,2222018.0,500,2018,22,2
C00501197,2272018.0,10,2018,27,2
C00501197,2282018.0,63,2018,28,2
C00501197,2182018.0,25,2018,18,2
C00501197,2242018.0,20,2018,24,2
C00501197,2212018.0,25,2018,21,2
C00501197,2282018.0,50,2018,28,2
C00501197,2232018.0,50,2018,23,2
C00501197,2282018.0,250,2018,28,2
C00501197,2272018.0,1000,2018,27,2
C00501197,2212018.0,25,2018,21,2
C00501197,2162018.0,25,2018,16,2
C00501197,2282018.0,25,2018,28,2
C00501197,2202018.0,10,2018,20,2
C00501197,2272018.0,250,2018,27,2
C00501197,2232018.0,25,2018,23,2
C00501197,2252018.0,114,2018,25,2
C00501197,2162018.0,25,2018,16,2
C00501197,2162018.0,20,2018,16,2
C00501197,2222018.0,2,2018,22,2
C00501197,2282018.0,10,2018,28,2
C00501197,2282018.0,100,2018,28,2
C00501197,2272018.0,200,2018,27,2
C00501197,2232018.0,375,2018,23,2
C00501197,2272018.0,500,2018,27,2
C00501197,2222018.0,25,2018,22,2
C00501197,2282018.0,25,2018,28,2
C00501197,2282018.0,100,2018,28,2
C00501197,2152018.0,16,2018,15,2
C00501197,2172018.0,28,2018,17,2
C00501197,2162018.0,25,2018,16,2
C00501197,2272018.0,5,2018,27,2
C00501197,2172018.0,25,2018,17,2
C00501197,2282018.0,250,2018,28,2
C00501197,2192018.0,10,2018,19,2
C00501197,2272018.0,20,2018,27,2
C00501197,2282018.0,38,2018,28,2
C00501197,2262018.0,150,2018,26,2
C00501197,2192018.0,1900,2018,19,2
C00501197,2262018.0,5,2018,26,2
C00501197,2202018.0,25,2018,20,2
C00501197,2152018.0,53,2018,15,2
C00501197,2192018.0,25,2018,19,2
C00501197,2242018.0,7,2018,24,2
C00501197,2182018.0,1000,2018,18,2
C00501197,2202018.0,250,2018,20,2
C00501197,2242018.0,25,2018,24,2
C00501197,2232018.0,50,2018,23,2
C00501197,2232018.0,50,2018,23,2
C00501197,2282018.0,100,2018,28,2
C00501197,2162018.0,10,2018,16,2
C00501197,2192018.0,5,2018,19,2
C00501197,2282018.0,100,2018,28,2
C00501197,2252018.0,250,2018,25,2
C00501197,2242018.0,71,2018,24,2
C00501197,2172018.0,25,2018,17,2
C00501197,2242018.0,25,2018,24,2
C00501197,2152018.0,250,2018,15,2
C00501197,2282018.0,250,2018,28,2
C00501197,2162018.0,25,2018,16,2
C00501197,2272018.0,5,2018,27,2
C00501197,2282018.0,65,2018,28,2
C00501197,2182018.0,5,2018,18,2
C00501197,2282018.0,100,2018,28,2
C00501197,2182018.0,5,2018,18,2
C00501197,2162018.0,10,2018,16,2
C00501197,2162018.0,5,2018,16,2
C00501197,2202018.0,250,2018,20,2
C00501197,2162018.0,100,2018,16,2
C00501197,2162018.0,25,2018,16,2
C00501197,2182018.0,12,2018,18,2
C00501197,2232018.0,40,2018,23,2
C00501197,2272018.0,25,2018,27,2
C00501197,2172018.0,100,2018,17,2
C00501197,2242018.0,250,2018,24,2
C00501197,2282018.0,100,2018,28,2
C00501197,2262018.0,65,2018,26,2
C00501197,2282018.0,18,2018,28,2
C00501197,2222018.0,250,2018,22,2
C00501197,2152018.0,25,2018,15,2
C00501197,2202018.0,25,2018,20,2
C00501197,2282018.0,25,2018,28,2
C00501197,2212018.0,1000,2018,21,2
C00501197,2282018.0,25,2018,28,2
C00501197,2252018.0,1500,2018,25,2
C00501197,2192018.0,25,2018,19,2
C00501197,2282018.0,25,2018,28,2
C00501197,2282018.0,25,2018,28,2
C00501197,2152018.0,100,2018,15,2
C00501197,2152018.0,-100,2018,15,2
C00501197,2152018.0,100,2018,15,2
C00501197,2172018.0,100,2018,17,2
C00501197,2242018.0,125,2018,24,2
C00501197,2252018.0,1000,2018,25,2
C00501197,2242018.0,20,2018,24,2
C00501197,2232018.0,50,2018,23,2
C00501197,2282018.0,500,2018,28,2
C00501197,2272018.0,10,2018,27,2
C00501197,2232018.0,5,2018,23,2
C00501197,2232018.0,5,2018,23,2
C00501197,2172018.0,500,2018,17,2
C00501197,2162018.0,500,2018,16,2
C00501197,2222018.0,50,2018,22,2
C00501197,2282018.0,250,2018,28,2
C00501197,2262018.0,100,2018,26,2
C00501197,2162018.0,100,2018,16,2
C00501197,2282018.0,50,2018,28,2
C00501197,2172018.0,25,2018,17,2
C00501197,2242018.0,25,2018,24,2
C00501197,2282018.0,50,2018,28,2
C00501197,2272018.0,250,2018,27,2
C00501197,2232018.0,50,2018,23,2
C00501197,2282018.0,250,2018,28,2
C00501197,2272018.0,25,2018,27,2
C00501197,2282018.0,50,2018,28,2
C00501197,2282018.0,50,2018,28,2
C00501197,2262018.0,300,2018,26,2
C00501197,2262018.0,25,2018,26,2
C00501197,2242018.0,250,2018,24,2
C00501197,2232018.0,25,2018,23,2
C00501197,2162018.0,250,2018,16,2
C00501197,2282018.0,100,2018,28,2
C00501197,2262018.0,100,2018,26,2
C00501197,2282018.0,1000,2018,28,2
C00501197,2282018.0,250,2018,28,2
C00501197,2282018.0,25,2018,28,2
C00501197,2162018.0,15,2018,16,2
C00501197,2222018.0,250,2018,22,2
C00501197,2282018.0,2700,2018,28,2
C00501197,2282018.0,100,2018,28,2
C00501197,2272018.0,250,2018,27,2
C00501197,2262018.0,25,2018,26,2
C00501197,2232018.0,100,2018,23,2
C00501197,2242018.0,25,2018,24,2
C00501197,2192018.0,1000,2018,19,2
C00501197,2252018.0,35,2018,25,2
C00501197,2272018.0,100,2018,27,2
C00501197,2232018.0,250,2018,23,2
C00501197,2282018.0,20,2018,28,2
C00501197,2282018.0,20,2018,28,2
C00501197,2272018.0,250,2018,27,2
C00501197,2272018.0,100,2018,27,2
C00501197,2152018.0,25,2018,15,2
C00501197,2202018.0,25,2018,20,2
C00501197,2222018.0,25,2018,22,2
C00501197,2232018.0,25,2018,23,2
C00501197,2202018.0,2700,2018,20,2
C00501197,2282018.0,38,2018,28,2
C00501197,2192018.0,100,2018,19,2
C00501197,2282018.0,100,2018,28,2
C00501197,2252018.0,38,2018,25,2
C00501197,2162018.0,5,2018,16,2
C00501197,2182018.0,250,2018,18,2
C00501197,2162018.0,1000,2018,16,2
C00501197,2242018.0,82,2018,24,2
C00501197,2282018.0,25,2018,28,2
C00501197,2272018.0,250,2018,27,2
C00501197,2172018.0,5,2018,17,2
C00501197,2232018.0,10,2018,23,2
C00501197,2162018.0,25,2018,16,2
C00501197,2282018.0,12,2018,28,2
C00501197,2282018.0,25,2018,28,2
C00501197,2152018.0,50,2018,15,2
C00501197,2152018.0,500,2018,15,2
C00501197,2262018.0,88,2018,26,2
C00501197,2162018.0,25,2018,16,2
C00501197,2282018.0,25,2018,28,2
C00501197,2282018.0,15,2018,28,2
C00501197,2282018.0,50,2018,28,2
C00501197,2192018.0,23,2018,19,2
C00501197,2262018.0,23,2018,26,2
C00501197,2162018.0,250,2018,16,2
C00501197,2282018.0,750,2018,28,2
C00501197,2182018.0,50,2018,18,2
C00501197,2282018.0,25,2018,28,2
C00501197,2162018.0,10,2018,16,2
C00501197,2202018.0,25,2018,20,2
C00501197,2282018.0,25,2018,28,2
C00501197,2282018.0,250,2018,28,2
C00501197,2282018.0,2700,2018,28,2
C00501197,2212018.0,5,2018,21,2
C00501197,2282018.0,5,2018,28,2
C00501197,2282018.0,25,2018,28,2
C00501197,2262018.0,5,2018,26,2
C00501197,2222018.0,250,2018,22,2
C00501197,2282018.0,100,2018,28,2
C00501197,2262018.0,25,2018,26,2
C00501197,2232018.0,25,2018,23,2
C00501197,2162018.0,25,2018,16,2
C00501197,2232018.0,2000,2018,23,2
C00501197,2242018.0,250,2018,24,2
C00501197,2212018.0,25,2018,21,2
C00501197,2282018.0,25,2018,28,2
C00501197,2222018.0,96,2018,22,2
C00501197,2242018.0,25,2018,24,2
C00501197,2152018.0,2000,2018,15,2
C00501197,2222018.0,250,2018,22,2
C00501197,2242018.0,250,2018,24,2
C00501197,2252018.0,100,2018,25,2
C00501197,2282018.0,25,2018,28,2
C00501197,2282018.0,100,2018,28,2
C00501197,2282018.0,100,2018,28,2
C00501197,2282018.0,25,2018,28,2
C00501197,2252018.0,200,2018,25,2
C00501197,2252018.0,25,2018,25,2
C00501197,2262018.0,25,2018,26,2
C00501197,2262018.0,500,2018,26,2
C00501197,2212018.0,500,2018,21,2
C00501197,2202018.0,250,2018,20,2
C00501197,2262018.0,500,2018,26,2
C00501197,2282018.0,100,2018,28,2
C00501197,2202018.0,250,2018,20,2
C00501197,2262018.0,250,2018,26,2
C00501197,2282018.0,25,2018,28,2
C00501197,2202018.0,25,2018,20,2
C00501197,2182018.0,100,2018,18,2
C00501197,2252018.0,30,2018,25,2
C00501197,2182018.0,25,2018,18,2
C00501197,2272018.0,35,2018,27,2
C00501197,2262018.0,25,2018,26,2
C00501197,2182018.0,25,2018,18,2
C00501197,2182018.0,24,2018,18,2
C00501197,2272018.0,100,2018,27,2
C00501197,2152018.0,2000,2018,15,2
C00501197,2282018.0,50,2018,28,2
C00501197,2282018.0,10,2018,28,2
C00501197,2222018.0,100,2018,22,2
C00501197,2162018.0,100,2018,16,2
C00501197,2172018.0,100,2018,17,2
C00501197,2272018.0,100,2018,27,2
C00501197,2282018.0,500,2018,28,2
C00501197,2222018.0,100,2018,22,2
C00501197,2212018.0,25,2018,21,2
C00501197,2282018.0,100,2018,28,2
C00501197,2282018.0,50,2018,28,2
C00501197,2282018.0,88,2018,28,2
C00501197,2192018.0,5,2018,19,2
C00501197,2172018.0,250,2018,17,2
C00501197,2262018.0,25,2018,26,2
C00501197,2212018.0,250,2018,21,2
C00501197,2172018.0,100,2018,17,2
C00501197,2172018.0,100,2018,17,2
C00501197,2162018.0,200,2018,16,2
C00501197,2212018.0,500,2018,21,2
C00501197,2232018.0,100,2018,23,2
C00501197,2282018.0,100,2018,28,2
C00501197,2272018.0,100,2018,27,2
C00501197,2282018.0,100,2018,28,2
C00501197,2162018.0,25,2018,16,2
C00501197,2242018.0,25,2018,24,2
C00501197,2172018.0,25,2018,17,2
C00501197,2202018.0,10,2018,20,2
C00501197,2212018.0,5,2018,21,2
C00501197,2192018.0,25,2018,19,2
C00501197,2202018.0,1000,2018,20,2
C00501197,2172018.0,50,2018,17,2
C00501197,2222018.0,500,2018,22,2
C00501197,2282018.0,15,2018,28,2
C00501197,2262018.0,50,2018,26,2
C00501197,2222018.0,25,2018,22,2
C00501197,2232018.0,5,2018,23,2
C00501197,2262018.0,5,2018,26,2
C00501197,2262018.0,10,2018,26,2
C00501197,2232018.0,10,2018,23,2
C00501197,2242018.0,10,2018,24,2
C00501197,2282018.0,5,2018,28,2
C00501197,2252018.0,150,2018,25,2
C00501197,2282018.0,50,2018,28,2
C00501197,2282018.0,10,2018,28,2
C00501197,2282018.0,25,2018,28,2
C00501197,2232018.0,250,2018,23,2
C00501197,2192018.0,50,2018,19,2
C00501197,2232018.0,25,2018,23,2
C00501197,2282018.0,25,2018,28,2
C00501197,2172018.0,25,2018,17,2
C00501197,2282018.0,25,2018,28,2
C00501197,2282018.0,100,2018,28,2
C00501197,2202018.0,250,2018,20,2
C00501197,2202018.0,50,2018,20,2
C00501197,2162018.0,31,2018,16,2
C00501197,2242018.0,25,2018,24,2
C00501197,2282018.0,25,2018,28,2
C00501197,2182018.0,25,2018,18,2
C00501197,2272018.0,4,2018,27,2
C00501197,2282018.0,25,2018,28,2
C00501197,2282018.0,100,2018,28,2
C00501197,2282018.0,100,2018,28,2
C00501197,2192018.0,1000,2018,19,2
C00501197,2262018.0,250,2018,26,2
C00501197,2222018.0,1000,2018,22,2
C00501197,2282018.0,44,2018,28,2
C00501197,2272018.0,50,2018,27,2
C00501197,2272018.0,100,2018,27,2
C00501197,2192018.0,250,2018,19,2
C00501197,2282018.0,5,2018,28,2
C00501197,2242018.0,100,2018,24,2
C00501197,2272018.0,100,2018,27,2
C00501197,2272018.0,25,2018,27,2
C00501197,2182018.0,250,2018,18,2
C00501197,2282018.0,25,2018,28,2
C00501197,2242018.0,100,2018,24,2
C00501197,2202018.0,25,2018,20,2
C00501197,2262018.0,25,2018,26,2
C00501197,2282018.0,25,2018,28,2
C00501197,2172018.0,100,2018,17,2
C00501197,2162018.0,5,2018,16,2
C00501197,2192018.0,5,2018,19,2
C00501197,2232018.0,25,2018,23,2
C00501197,2232018.0,25,2018,23,2
C00501197,2272018.0,25,2018,27,2
C00501197,2192018.0,25,2018,19,2
C00501197,2252018.0,5,2018,25,2
C00501197,2282018.0,25,2018,28,2
C00501197,2282018.0,25,2018,28,2
C00501197,2252018.0,500,2018,25,2
C00501197,2222018.0,10,2018,22,2
C00501197,2242018.0,100,2018,24,2
C00501197,2212018.0,500,2018,21,2
C00501197,2232018.0,25,2018,23,2
C00501197,2222018.0,50,2018,22,2
C00501197,2202018.0,25,2018,20,2
C00501197,2262018.0,250,2018,26,2
C00501197,2242018.0,25,2018,24,2
C00501197,2262018.0,25,2018,26,2
C00501197,2272018.0,10,2018,27,2
C00501197,2212018.0,1000,2018,21,2
C00501197,2212018.0,1000,2018,21,2
C00501197,2162018.0,5,2018,16,2
C00501197,2172018.0,5,2018,17,2
C00501197,2232018.0,250,2018,23,2
C00501197,2172018.0,25,2018,17,2
C00501197,2162018.0,5,2018,16,2
C00501197,2252018.0,95,2018,25,2
C00501197,2282018.0,25,2018,28,2
C00501197,2232018.0,50,2018,23,2
C00501197,2282018.0,25,2018,28,2
C00501197,2172018.0,50,2018,17,2
C00501197,2282018.0,50,2018,28,2
C00501197,2282018.0,17,2018,28,2
C00501197,2212018.0,500,2018,21,2
C00501197,2282018.0,100,2018,28,2
C00501197,2272018.0,10,2018,27,2
C00501197,2162018.0,250,2018,16,2
C00501197,2242018.0,100,2018,24,2
C00501197,2182018.0,25,2018,18,2
C00501197,2262018.0,20,2018,26,2
C00501197,2282018.0,100,2018,28,2
C00501197,2232018.0,10,2018,23,2
C00501197,2282018.0,25,2018,28,2
C00501197,2282018.0,25,2018,28,2
C00501197,2262018.0,100,2018,26,2
C00501197,2272018.0,250,2018,27,2
C00501197,2282018.0,100,2018,28,2
C00501197,2232018.0,25,2018,23,2
C00501197,2272018.0,50,2018,27,2
C00501197,2162018.0,25,2018,16,2
C00501197,2152018.0,16,2018,15,2
C00501197,2232018.0,25,2018,23,2
C00501197,2272018.0,25,2018,27,2
C00501197,2272018.0,25,2018,27,2
C00501197,2202018.0,25,2018,20,2
C00501197,2232018.0,25,2018,23,2
C00501197,2242018.0,5,2018,24,2
C00501197,2272018.0,25,2018,27,2
C00501197,2282018.0,100,2018,28,2
C00501197,2282018.0,100,2018,28,2
C00501197,2262018.0,28,2018,26,2
C00501197,2262018.0,28,2018,26,2
C00501197,2252018.0,500,2018,25,2
C00501197,2232018.0,500,2018,23,2
C00501197,2282018.0,25,2018,28,2
C00501197,2282018.0,39,2018,28,2
C00501197,2172018.0,5,2018,17,2
C00501197,2272018.0,100,2018,27,2
C00501197,2272018.0,25,2018,27,2
C00501197,2282018.0,100,2018,28,2
C00501197,2282018.0,100,2018,28,2
C00501197,2282018.0,100,2018,28,2
C00501197,2232018.0,25,2018,23,2
C00501197,2252018.0,250,2018,25,2
C00501197,2272018.0,50,2018,27,2
C00501197,2272018.0,150,2018,27,2
C00501197,2282018.0,25,2018,28,2
C00501197,2162018.0,10,2018,16,2
C00501197,2232018.0,10,2018,23,2
C00501197,2172018.0,45,2018,17,2
C00501197,2272018.0,25,2018,27,2
C00501197,2262018.0,15,2018,26,2
C00501197,2222018.0,200,2018,22,2
C00501197,2282018.0,100,2018,28,2
C00501197,2262018.0,100,2018,26,2
C00501197,2202018.0,500,2018,20,2
C00501197,2202018.0,50,2018,20,2
C00501197,2152018.0,500,2018,15,2
C00501197,2232018.0,16,2018,23,2
C00501197,2232018.0,100,2018,23,2
C00501197,2182018.0,200,2018,18,2
C00501197,2182018.0,25,2018,18,2
C00501197,2192018.0,1000,2018,19,2
C00501197,2282018.0,25,2018,28,2
C00501197,2262018.0,25,2018,26,2
C00501197,2282018.0,100,2018,28,2
C00501197,2212018.0,500,2018,21,2
C00501197,2222018.0,500,2018,22,2
C00501197,2192018.0,250,2018,19,2
C00501197,2242018.0,100,2018,24,2
C00501197,2262018.0,5,2018,26,2
C00501197,2242018.0,250,2018,24,2
C00501197,2272018.0,100,2018,27,2
C00501197,2192018.0,25,2018,19,2
C00501197,2282018.0,100,2018,28,2
C00501197,2242018.0,250,2018,24,2
C00501197,2252018.0,25,2018,25,2
C00501197,2172018.0,250,2018,17,2
C00501197,2232018.0,100,2018,23,2
C00501197,2282018.0,200,2018,28,2
C00501197,2262018.0,1000,2018,26,2
C00501197,2272018.0,250,2018,27,2
C00501197,2252018.0,88,2018,25,2
C00501197,2232018.0,57,2018,23,2
C00501197,2162018.0,100,2018,16,2
C00501197,2282018.0,50,2018,28,2
C00501197,2212018.0,500,2018,21,2
C00501197,2282018.0,25,2018,28,2
C00501197,2152018.0,500,2018,15,2
C00501197,2162018.0,25,2018,16,2
C00501197,2232018.0,150,2018,23,2
C00501197,2232018.0,25,2018,23,2
C00501197,2272018.0,175,2018,27,2
C00501197,2252018.0,50,2018,25,2
C00501197,2272018.0,30,2018,27,2
C00501197,2242018.0,1000,2018,24,2
C00501197,2272018.0,25,2018,27,2
C00501197,2172018.0,50,2018,17,2
C00501197,2212018.0,25,2018,21,2
C00501197,2192018.0,10,2018,19,2
C00501197,2282018.0,100,2018,28,2
C00501197,2272018.0,500,2018,27,2
C00501197,2182018.0,100,2018,18,2
C00501197,2222018.0,1000,2018,22,2
C00501197,2262018.0,25,2018,26,2
C00501197,2282018.0,50,2018,28,2
C00501197,2182018.0,100,2018,18,2
C00501197,2282018.0,250,2018,28,2
C00501197,2282018.0,100,2018,28,2
C00501197,2202018.0,500,2018,20,2
C00501197,2232018.0,5,2018,23,2
C00501197,2282018.0,500,2018,28,2
C00501197,2182018.0,100,2018,18,2
C00501197,2222018.0,25,2018,22,2
C00501197,2272018.0,250,2018,27,2
C00501197,2282018.0,25,2018,28,2
C00501197,2222018.0,100,2018,22,2
C00501197,2172018.0,1000,2018,17,2
C00501197,2162018.0,10,2018,16,2
C00501197,2282018.0,250,2018,28,2
C00501197,2212018.0,100,2018,21,2
C00501197,2252018.0,90,2018,25,2
C00501197,2262018.0,25,2018,26,2
C00501197,2202018.0,25,2018,20,2
C00501197,2202018.0,25,2018,20,2
C00501197,2282018.0,1,2018,28,2
C00501197,2232018.0,250,2018,23,2
C00501197,2162018.0,1000,2018,16,2
C00501197,2272018.0,100,2018,27,2
C00501197,2282018.0,100,2018,28,2
C00501197,2282018.0,25,2018,28,2
C00501197,2192018.0,25,2018,19,2
C00501197,2262018.0,16,2018,26,2
C00501197,2282018.0,133,2018,28,2
C00501197,2272018.0,100,2018,27,2
C00501197,2242018.0,100,2018,24,2
C00501197,2202018.0,250,2018,20,2
C00501197,2172018.0,100,2018,17,2
C00501197,2282018.0,250,2018,28,2
C00501197,2282018.0,25,2018,28,2
C00501197,2192018.0,56,2018,19,2
C00501197,2282018.0,250,2018,28,2
C00501197,2272018.0,45,2018,27,2
C00501197,2242018.0,25,2018,24,2
C00501197,2202018.0,5,2018,20,2
C00501197,2252018.0,250,2018,25,2
C00501197,2282018.0,50,2018,28,2
C00501197,2282018.0,100,2018,28,2
C00501197,2262018.0,250,2018,26,2
C00501197,2282018.0,100,2018,28,2
C00501197,2202018.0,250,2018,20,2
C00501197,2282018.0,100,2018,28,2
C00501197,2282018.0,25,2018,28,2
C00501197,2202018.0,100,2018,20,2
C00501197,2242018.0,500,2018,24,2
C00501197,2272018.0,50,2018,27,2
C00501197,2282018.0,25,2018,28,2
C00501197,2282018.0,100,2018,28,2
C00501197,2282018.0,250,2018,28,2
C00501197,2282018.0,20,2018,28,2
C00501197,2162018.0,10,2018,16,2
C00501197,2282018.0,25,2018,28,2
C00501197,2282018.0,25,2018,28,2
C00501197,2282018.0,25,2018,28,2
C00501197,2182018.0,25,2018,18,2
C00501197,2252018.0,25,2018,25,2
C00501197,2242018.0,10,2018,24,2
C00501197,2282018.0,10,2018,28,2
C00501197,2282018.0,100,2018,28,2
C00501197,2272018.0,125,2018,27,2
C00501197,2192018.0,250,2018,19,2
C00501197,2252018.0,250,2018,25,2
C00501197,2252018.0,250,2018,25,2
C00501197,2252018.0,100,2018,25,2
C00501197,2272018.0,25,2018,27,2
C00501197,2262018.0,25,2018,26,2
C00501197,2222018.0,25,2018,22,2
C00501197,2262018.0,250,2018,26,2
C00501197,2202018.0,2700,2018,20,2
C00501197,2162018.0,10,2018,16,2
C00501197,2272018.0,25,2018,27,2
C00501197,2202018.0,2700,2018,20,2
C00501197,2202018.0,250,2018,20,2
C00501197,2212018.0,50,2018,21,2
C00501197,2282018.0,50,2018,28,2
C00501197,2152018.0,2700,2018,15,2
C00501197,2242018.0,100,2018,24,2
C00501197,2282018.0,100,2018,28,2
C00501197,2232018.0,100,2018,23,2
C00501197,2272018.0,100,2018,27,2
C00501197,2232018.0,500,2018,23,2
C00501197,2282018.0,100,2018,28,2
C00501197,2222018.0,25,2018,22,2
C00501197,2242018.0,250,2018,24,2
C00501197,2252018.0,100,2018,25,2
C00501197,2162018.0,25,2018,16,2
C00501197,2182018.0,5,2018,18,2
C00501197,2202018.0,45,2018,20,2
C00501197,2232018.0,38,2018,23,2
C00501197,2232018.0,38,2018,23,2
C00501197,2282018.0,38,2018,28,2
C00501197,2262018.0,42,2018,26,2
C00501197,2282018.0,25,2018,28,2
C00501197,2282018.0,25,2018,28,2
C00501197,2282018.0,25,2018,28,2
C00501197,2282018.0,25,2018,28,2
C00501197,2282018.0,25,2018,28,2
C00501197,2152018.0,500,2018,15,2
C00501197,2222018.0,500,2018,22,2
C00501197,2282018.0,20,2018,28,2
C00501197,2202018.0,1000,2018,20,2
C00501197,2272018.0,100,2018,27,2
C00501197,2262018.0,5,2018,26,2
C00501197,2192018.0,350,2018,19,2
C00501197,2212018.0,250,2018,21,2
C00501197,2272018.0,250,2018,27,2
C00501197,2242018.0,100,2018,24,2
C00501197,2202018.0,100,2018,20,2
C00501197,2262018.0,25,2018,26,2
C00501197,2232018.0,100,2018,23,2
C00501197,2222018.0,25,2018,22,2
C00501197,2262018.0,100,2018,26,2
C00501197,2202018.0,25,2018,20,2
C00501197,2232018.0,44,2018,23,2
C00501197,2262018.0,44,2018,26,2
C00501197,2182018.0,25,2018,18,2
C00501197,2202018.0,500,2018,20,2
C00501197,2272018.0,250,2018,27,2
C00501197,2272018.0,63,2018,27,2
C00501197,2192018.0,25,2018,19,2
C00501197,2232018.0,25,2018,23,2
C00501197,2242018.0,25,2018,24,2
C00501197,2282018.0,25,2018,28,2
C00501197,2252018.0,20,2018,25,2
C00501197,2262018.0,100,2018,26,2
C00501197,2212018.0,250,2018,21,2
C00501197,2232018.0,25,2018,23,2
C00501197,2282018.0,100,2018,28,2
C00501197,2152018.0,500,2018,15,2
C00501197,2282018.0,25,2018,28,2
C00501197,2272018.0,250,2018,27,2
C00501197,2242018.0,30,2018,24,2
C00501197,2212018.0,500,2018,21,2
C00501197,2282018.0,500,2018,28,2
C00501197,2262018.0,100,2018,26,2
C00501197,2172018.0,38,2018,17,2
C00501197,2282018.0,25,2018,28,2
C00501197,2162018.0,5,2018,16,2
C00501197,2282018.0,100,2018,28,2
C00501197,2282018.0,57,2018,28,2
C00501197,2282018.0,25,2018,28,2
C00501197,2192018.0,100,2018,19,2
C00501197,2232018.0,10,2018,23,2
C00501197,2212018.0,42,2018,21,2
C00501197,2242018.0,200,2018,24,2
C00501197,2152018.0,500,2018,15,2
C00501197,2192018.0,250,2018,19,2
C00501197,2282018.0,25,2018,28,2
C00501197,2272018.0,25,2018,27,2
C00501197,2202018.0,250,2018,20,2
C00501197,2202018.0,500,2018,20,2
C00501197,2282018.0,25,2018,28,2
C00501197,2182018.0,25,2018,18,2
C00501197,2262018.0,250,2018,26,2
C00501197,2242018.0,1000,2018,24,2
C00501197,2222018.0,1000,2018,22,2
C00501197,2272018.0,250,2018,27,2
C00501197,2202018.0,2700,2018,20,2
C00501197,2242018.0,113,2018,24,2
C00501197,2242018.0,100,2018,24,2
C00501197,2232018.0,500,2018,23,2
C00501197,2202018.0,100,2018,20,2
C00501197,2222018.0,100,2018,22,2
C00501197,2172018.0,39,2018,17,2
C00501197,2232018.0,100,2018,23,2
C00501197,2282018.0,25,2018,28,2
C00501197,2282018.0,65,2018,28,2
C00501197,2282018.0,100,2018,28,2
C00501197,2202018.0,25,2018,20,2
C00501197,2252018.0,50,2018,25,2
C00501197,2242018.0,10,2018,24,2
C00501197,2232018.0,16,2018,23,2
C00501197,2272018.0,200,2018,27,2
C00501197,2242018.0,20,2018,24,2
C00501197,2222018.0,250,2018,22,2
C00501197,2272018.0,500,2018,27,2
C00501197,2222018.0,500,2018,22,2
C00501197,2282018.0,100,2018,28,2
C00501197,2282018.0,100,2018,28,2
C00501197,2172018.0,25,2018,17,2
C00501197,2162018.0,25,2018,16,2
C00501197,2172018.0,5,2018,17,2
C00501197,2232018.0,25,2018,23,2
C00501197,2252018.0,25,2018,25,2
C00501197,2272018.0,25,2018,27,2
C00501197,2242018.0,200,2018,24,2
C00501197,2212018.0,2700,2018,21,2
C00501197,2252018.0,100,2018,25,2
C00501197,2172018.0,64,2018,17,2
C00501197,2282018.0,25,2018,28,2
C00501197,2272018.0,250,2018,27,2
C00501197,2262018.0,500,2018,26,2
C00501197,2162018.0,20,2018,16,2
C00501197,2272018.0,25,2018,27,2
C00501197,2282018.0,50,2018,28,2
C00501197,2202018.0,2700,2018,20,2
C00501197,2232018.0,50,2018,23,2
C00501197,2232018.0,5,2018,23,2
C00501197,2202018.0,25,2018,20,2
C00501197,2282018.0,5,2018,28,2
C00501197,2272018.0,100,2018,27,2
C00501197,2252018.0,375,2018,25,2
C00501197,2252018.0,25,2018,25,2
C00501197,2202018.0,20,2018,20,2
C00501197,2272018.0,500,2018,27,2
C00501197,2172018.0,20,2018,17,2
C00501197,2242018.0,20,2018,24,2
C00501197,2152018.0,25,2018,15,2
C00501197,2262018.0,100,2018,26,2
C00501197,2262018.0,250,2018,26,2
C00501197,2262018.0,45,2018,26,2
C00501197,2252018.0,100,2018,25,2
C00501197,2282018.0,100,2018,28,2
C00501197,2182018.0,200,2018,18,2
C00501197,2282018.0,100,2018,28,2
C00501197,2172018.0,25,2018,17,2
C00501197,2252018.0,20,2018,25,2
C00501197,2212018.0,250,2018,21,2
C00501197,2282018.0,25,2018,28,2
C00501197,2192018.0,10,2018,19,2
C00501197,2232018.0,10,2018,23,2
C00501197,2272018.0,100,2018,27,2
C00501197,2272018.0,15,2018,27,2
C00501197,2212018.0,250,2018,21,2
C00501197,2162018.0,25,2018,16,2
C00501197,2282018.0,5,2018,28,2
C00501197,2202018.0,100,2018,20,2
C00501197,2272018.0,1000,2018,27,2
C00501197,2182018.0,100,2018,18,2
C00501197,2262018.0,250,2018,26,2
C00501197,2282018.0,25,2018,28,2
C00501197,2272018.0,25,2018,27,2
C00501197,2162018.0,35,2018,16,2
C00501197,2282018.0,50,2018,28,2
C00501197,2222018.0,27,2018,22,2
C00501197,2242018.0,1000,2018,24,2
C00501197,2222018.0,4,2018,22,2
C00501197,2262018.0,500,2018,26,2
C00501197,2282018.0,1700,2018,28,2
C00501197,2262018.0,100,2018,26,2
C00501197,2152018.0,56,2018,15,2
C00501197,2282018.0,100,2018,28,2
C00501197,2172018.0,250,2018,17,2
C00501197,2242018.0,57,2018,24,2
C00501197,2202018.0,500,2018,20,2
C00501197,2262018.0,50,2018,26,2
C00501197,2202018.0,50,2018,20,2
C00501197,2272018.0,250,2018,27,2
C00501197,2282018.0,250,2018,28,2
C00501197,2232018.0,25,2018,23,2
C00501197,2242018.0,1000,2018,24,2
C00501197,2262018.0,150,2018,26,2
C00501197,2282018.0,63,2018,28,2
C00501197,2162018.0,25,2018,16,2
C00501197,2232018.0,25,2018,23,2
C00501197,2272018.0,25,2018,27,2
C00501197,2242018.0,10,2018,24,2
C00501197,2272018.0,250,2018,27,2
C00501197,2282018.0,100,2018,28,2
C00501197,2282018.0,100,2018,28,2
C00501197,2172018.0,50,2018,17,2
C00501197,2282018.0,250,2018,28,2
C00501197,2232018.0,25,2018,23,2
C00501197,2272018.0,20,2018,27,2
C00501197,2272018.0,250,2018,27,2
C00501197,2172018.0,250,2018,17,2
C00501197,2182018.0,50,2018,18,2
C00501197,2242018.0,1000,2018,24,2
C00501197,2162018.0,250,2018,16,2
C00501197,2162018.0,151,2018,16,2
C00501197,2252018.0,15,2018,25,2
C00501197,2232018.0,1000,2018,23,2
C00501197,2182018.0,250,2018,18,2
C00501197,2242018.0,25,2018,24,2
C00501197,2282018.0,25,2018,28,2
C00501197,2172018.0,5,2018,17,2
C00501197,2252018.0,38,2018,25,2
C00501197,2192018.0,250,2018,19,2
C00501197,2172018.0,50,2018,17,2
C00501197,2162018.0,1000,2018,16,2
C00501197,2192018.0,250,2018,19,2
C00501197,2252018.0,100,2018,25,2
C00501197,2262018.0,25,2018,26,2
C00501197,2242018.0,100,2018,24,2
C00501197,2242018.0,100,2018,24,2
C00501197,2252018.0,50,2018,25,2
C00501197,2182018.0,2700,2018,18,2
C00501197,2272018.0,250,2018,27,2
C00501197,2252018.0,100,2018,25,2
C00501197,2172018.0,42,2018,17,2
C00501197,2242018.0,25,2018,24,2
C00501197,2282018.0,25,2018,28,2
C00501197,2272018.0,500,2018,27,2
C00501197,2202018.0,100,2018,20,2
C00501197,2152018.0,100,2018,15,2
C00501197,2222018.0,100,2018,22,2
C00501197,2232018.0,250,2018,23,2
C00501197,2212018.0,25,2018,21,2
C00501197,2192018.0,500,2018,19,2
C00501197,2232018.0,250,2018,23,2
C00501197,2202018.0,100,2018,20,2
C00501197,2212018.0,500,2018,21,2
C00501197,2222018.0,500,2018,22,2
C00501197,2272018.0,50,2018,27,2
C00501197,2282018.0,5,2018,28,2
C00501197,2222018.0,0,2018,22,2
C00501197,2252018.0,25,2018,25,2
C00501197,2222018.0,43,2018,22,2
C00501197,2272018.0,500,2018,27,2
C00501197,2192018.0,25,2018,19,2
C00501197,2262018.0,25,2018,26,2
C00501197,2282018.0,250,2018,28,2
C00501197,2282018.0,250,2018,28,2
C00501197,2232018.0,25,2018,23,2
C00501197,2282018.0,5,2018,28,2
C00501197,2172018.0,250,2018,17,2
C00501197,2282018.0,250,2018,28,2
C00501197,2162018.0,100,2018,16,2
C00501197,2282018.0,1000,2018,28,2
C00501197,2262018.0,100,2018,26,2
C00501197,2242018.0,1000,2018,24,2
C00501197,2182018.0,250,2018,18,2
C00501197,2222018.0,250,2018,22,2
C00501197,2282018.0,100,2018,28,2
C00501197,2232018.0,100,2018,23,2
C00501197,2232018.0,2700,2018,23,2
C00501197,2232018.0,2700,2018,23,2
C00501197,2232018.0,1000,2018,23,2
C00501197,2162018.0,100,2018,16,2
C00501197,2262018.0,100,2018,26,2
C00501197,2262018.0,1000,2018,26,2
C00501197,2162018.0,25,2018,16,2
C00501197,2232018.0,25,2018,23,2
C00501197,2222018.0,250,2018,22,2
C00501197,2242018.0,250,2018,24,2
C00501197,2242018.0,25,2018,24,2
C00501197,2282018.0,20,2018,28,2
C00501197,2162018.0,500,2018,16,2
C00501197,2222018.0,100,2018,22,2
C00501197,2282018.0,25,2018,28,2
C00501197,2282018.0,100,2018,28,2
C00501197,2152018.0,300,2018,15,2
C00501197,2182018.0,5,2018,18,2
C00501197,2222018.0,250,2018,22,2
C00501197,2152018.0,31,2018,15,2
C00501197,2242018.0,38,2018,24,2
C00501197,2152018.0,16,2018,15,2
C00501197,2182018.0,100,2018,18,2
C00501197,2192018.0,217,2018,19,2
C00501197,2192018.0,1000,2018,19,2
C00501197,2202018.0,2700,2018,20,2
C00501197,2162018.0,10,2018,16,2
C00501197,2282018.0,25,2018,28,2
C00501197,2282018.0,1000,2018,28,2
C00501197,2272018.0,100,2018,27,2
C00501197,2152018.0,250,2018,15,2
C00501197,2232018.0,10,2018,23,2
C00501197,2252018.0,5,2018,25,2
C00501197,2162018.0,25,2018,16,2
C00501197,2262018.0,25,2018,26,2
C00501197,2282018.0,25,2018,28,2
C00501197,2262018.0,28,2018,26,2
C00501197,2272018.0,25,2018,27,2
C00501197,2212018.0,20,2018,21,2
C00501197,2252018.0,10,2018,25,2
C00501197,2262018.0,250,2018,26,2
C00501197,2262018.0,100,2018,26,2
C00501197,2262018.0,100,2018,26,2
C00501197,2152018.0,250,2018,15,2
C00501197,2282018.0,25,2018,28,2
C00501197,2262018.0,500,2018,26,2
C00501197,2282018.0,100,2018,28,2
C00501197,2222018.0,50,2018,22,2
C00501197,2262018.0,25,2018,26,2
C00501197,2272018.0,25,2018,27,2
C00501197,2202018.0,2700,2018,20,2
C00501197,2212018.0,20,2018,21,2
C00501197,2192018.0,20,2018,19,2
C00501197,2252018.0,500,2018,25,2
C00501197,2152018.0,25,2018,15,2
C00501197,2282018.0,1,2018,28,2
C00501197,2242018.0,278,2018,24,2
C00501197,2222018.0,250,2018,22,2
C00501197,2162018.0,5,2018,16,2
C00501197,2262018.0,5,2018,26,2
C00501197,2212018.0,7,2018,21,2
C00501197,2232018.0,5,2018,23,2
C00501197,2172018.0,100,2018,17,2
C00501197,2192018.0,100,2018,19,2
C00501197,2272018.0,125,2018,27,2
C00501197,2272018.0,42,2018,27,2
C00501197,2162018.0,25,2018,16,2
C00501197,2282018.0,5,2018,28,2
C00501197,2162018.0,25,2018,16,2
C00501197,2212018.0,2700,2018,21,2
C00501197,2172018.0,250,2018,17,2
C00501197,2202018.0,25,2018,20,2
C00501197,2282018.0,100,2018,28,2
C00501197,2162018.0,1000,2018,16,2
C00501197,2202018.0,300,2018,20,2
C00501197,2232018.0,500,2018,23,2
C00501197,2202018.0,200,2018,20,2
C00501197,2182018.0,12,2018,18,2
C00501197,2232018.0,10,2018,23,2
C00501197,2272018.0,10,2018,27,2
C00501197,2262018.0,5,2018,26,2
C00501197,2282018.0,100,2018,28,2
C00501197,2192018.0,100,2018,19,2
C00501197,2282018.0,100,2018,28,2
C00501197,2282018.0,25,2018,28,2
C00501197,2282018.0,12,2018,28,2
C00501197,2222018.0,1500,2018,22,2
C00501197,2222018.0,25,2018,22,2
C00501197,2262018.0,50,2018,26,2
C00501197,2282018.0,57,2018,28,2
C00501197,2272018.0,25,2018,27,2
C00501197,2192018.0,400,2018,19,2
C00501197,2192018.0,100,2018,19,2
C00501197,2242018.0,250,2018,24,2
C00501197,2272018.0,47,2018,27,2
C00501197,2152018.0,500,2018,15,2
C00501197,2282018.0,100,2018,28,2
C00501197,2272018.0,25,2018,27,2
C00501197,2282018.0,50,2018,28,2
C00501197,2192018.0,25,2018,19,2
C00501197,2272018.0,100,2018,27,2
C00501197,2152018.0,50,2018,15,2
C00501197,2172018.0,65,2018,17,2
C00501197,2172018.0,250,2018,17,2
C00501197,2212018.0,100,2018,21,2
C00501197,2232018.0,250,2018,23,2
C00501197,2282018.0,500,2018,28,2
C00501197,2272018.0,100,2018,27,2
C00501197,2262018.0,100,2018,26,2
C00501197,2282018.0,25,2018,28,2
C00501197,2272018.0,100,2018,27,2
C00501197,2272018.0,25,2018,27,2
C00501197,2262018.0,100,2018,26,2
C00501197,2252018.0,100,2018,25,2
C00501197,2282018.0,50,2018,28,2
C00501197,2232018.0,25,2018,23,2
C00501197,2252018.0,40,2018,25,2
C00501197,2212018.0,30,2018,21,2
C00501197,2272018.0,1000,2018,27,2
C00501197,2282018.0,5,2018,28,2
C00501197,2212018.0,250,2018,21,2
C00501197,2192018.0,1700,2018,19,2
C00501197,2192018.0,2700,2018,19,2
C00501197,2222018.0,250,2018,22,2
C00501197,2262018.0,25,2018,26,2
C00501197,2282018.0,515,2018,28,2
C00501197,2162018.0,100,2018,16,2
C00501197,2162018.0,25,2018,16,2
C00501197,2172018.0,38,2018,17,2
C00501197,2282018.0,25,2018,28,2
C00501197,2282018.0,250,2018,28,2
C00501197,2192018.0,100,2018,19,2
C00501197,2182018.0,50,2018,18,2
C00501197,2282018.0,25,2018,28,2
C00501197,2242018.0,500,2018,24,2
C00501197,2252018.0,25,2018,25,2
C00501197,2282018.0,25,2018,28,2
C00501197,2222018.0,250,2018,22,2
C00501197,2192018.0,500,2018,19,2
C00501197,2162018.0,250,2018,16,2
C00501197,2192018.0,250,2018,19,2
C00501197,2272018.0,56,2018,27,2
C00501197,2272018.0,250,2018,27,2
C00501197,2182018.0,250,2018,18,2
C00501197,2272018.0,150,2018,27,2
C00501197,2272018.0,5,2018,27,2
C00501197,2232018.0,100,2018,23,2
C00501197,2182018.0,25,2018,18,2
C00501197,2242018.0,500,2018,24,2
C00501197,2282018.0,100,2018,28,2
C00501197,2162018.0,15,2018,16,2
C00501197,2202018.0,15,2018,20,2
C00501197,2172018.0,20,2018,17,2
C00501197,2162018.0,50,2018,16,2
C00501197,2282018.0,7,2018,28,2
C00501197,2272018.0,500,2018,27,2
C00501197,2282018.0,500,2018,28,2
C00501197,2282018.0,100,2018,28,2
C00501197,2232018.0,100,2018,23,2
C00501197,2222018.0,30,2018,22,2
C00501197,2282018.0,35,2018,28,2
C00501197,2282018.0,35,2018,28,2
C00501197,2242018.0,100,2018,24,2
C00501197,2212018.0,250,2018,21,2
C00501197,2282018.0,100,2018,28,2
C00501197,2272018.0,50,2018,27,2
C00501197,2262018.0,25,2018,26,2
C00501197,2272018.0,100,2018,27,2
C00501197,2192018.0,1000,2018,19,2
C00501197,2162018.0,2200,2018,16,2
C00501197,2262018.0,250,2018,26,2
C00501197,2272018.0,500,2018,27,2
C00501197,2152018.0,2000,2018,15,2
C00501197,2262018.0,250,2018,26,2
C00501197,2242018.0,25,2018,24,2
C00501197,2162018.0,1000,2018,16,2
C00501197,2162018.0,3,2018,16,2
C00501197,2232018.0,3,2018,23,2
C00501197,2272018.0,150,2018,27,2
C00501197,2232018.0,25,2018,23,2
C00501197,2232018.0,100,2018,23,2
C00501197,2282018.0,100,2018,28,2
C00501197,2262018.0,25,2018,26,2
C00501197,2262018.0,7,2018,26,2
C00501197,2282018.0,100,2018,28,2
C00501197,2162018.0,50,2018,16,2
C00501197,2232018.0,50,2018,23,2
C00501197,2282018.0,100,2018,28,2
C00501197,2242018.0,50,2018,24,2
C00501197,2162018.0,15,2018,16,2
C00501197,2282018.0,15,2018,28,2
C00501197,2232018.0,250,2018,23,2
C00501197,2252018.0,1000,2018,25,2
C00501197,2222018.0,100,2018,22,2
C00501197,2282018.0,250,2018,28,2
C00501197,2172018.0,25,2018,17,2
C00501197,2242018.0,25,2018,24,2
C00501197,2262018.0,25,2018,26,2
C00501197,2282018.0,25,2018,28,2
C00501197,2242018.0,250,2018,24,2
C00501197,2202018.0,100,2018,20,2
C00501197,2212018.0,25,2018,21,2
C00501197,2252018.0,25,2018,25,2
C00501197,2192018.0,1000,2018,19,2
C00501197,2242018.0,100,2018,24,2
C00501197,2272018.0,250,2018,27,2
C00501197,2242018.0,250,2018,24,2
C00501197,2192018.0,25,2018,19,2
C00501197,2252018.0,25,2018,25,2
C00501197,2252018.0,5,2018,25,2
C00501197,2282018.0,250,2018,28,2
C00501197,2282018.0,10,2018,28,2
C00501197,2202018.0,750,2018,20,2
C00501197,2282018.0,100,2018,28,2
C00501197,2222018.0,50,2018,22,2
C00501197,2252018.0,250,2018,25,2
C00501197,2262018.0,25,2018,26,2
C00501197,2282018.0,25,2018,28,2
C00501197,2282018.0,25,2018,28,2
C00501197,2172018.0,100,2018,17,2
C00501197,2172018.0,100,2018,17,2
C00501197,2192018.0,500,2018,19,2
C00501197,2232018.0,25,2018,23,2
C00501197,2282018.0,25,2018,28,2
C00501197,2282018.0,25,2018,28,2
C00501197,2242018.0,25,2018,24,2
C00501197,2282018.0,250,2018,28,2
C00501197,2272018.0,100,2018,27,2
C00501197,2282018.0,25,2018,28,2
C00501197,2282018.0,500,2018,28,2
C00501197,2192018.0,500,2018,19,2
C00501197,2242018.0,25,2018,24,2
C00501197,2272018.0,1000,2018,27,2
C00501197,2212018.0,250,2018,21,2
C00501197,2232018.0,25,2018,23,2
C00501197,2162018.0,100,2018,16,2
C00501197,2282018.0,100,2018,28,2
C00501197,2272018.0,100,2018,27,2
C00501197,2272018.0,45,2018,27,2
C00501197,2212018.0,25,2018,21,2
C00501197,2192018.0,250,2018,19,2
C00501197,2242018.0,25,2018,24,2
C00501197,2202018.0,25,2018,20,2
C00501197,2282018.0,25,2018,28,2
C00501197,2232018.0,25,2018,23,2
C00501197,2262018.0,57,2018,26,2
C00501197,2182018.0,25,2018,18,2
C00501197,2282018.0,2,2018,28,2
C00501197,2222018.0,250,2018,22,2
C00501197,2262018.0,25,2018,26,2
C00501197,2282018.0,25,2018,28,2
C00501197,2282018.0,10,2018,28,2
C00501197,2282018.0,38,2018,28,2
C00501197,2222018.0,200,2018,22,2
C00501197,2282018.0,25,2018,28,2
C00501197,2192018.0,250,2018,19,2
C00501197,2252018.0,250,2018,25,2
C00501197,2282018.0,25,2018,28,2
C00501197,2232018.0,25,2018,23,2
C00501197,2242018.0,100,2018,24,2
C00501197,2242018.0,100,2018,24,2
C00501197,2232018.0,38,2018,23,2
C00501197,2262018.0,100,2018,26,2
C00501197,2272018.0,25,2018,27,2
C00501197,2242018.0,250,2018,24,2
C00501197,2202018.0,150,2018,20,2
C00501197,2242018.0,100,2018,24,2
C00501197,2232018.0,25,2018,23,2
C00501197,2282018.0,25,2018,28,2
C00501197,2282018.0,100,2018,28,2
C00501197,2262018.0,50,2018,26,2
C00501197,2282018.0,25,2018,28,2
C00501197,2152018.0,500,2018,15,2
C00501197,2242018.0,25,2018,24,2
C00501197,2272018.0,250,2018,27,2
C00501197,2272018.0,250,2018,27,2
C00501197,2282018.0,17,2018,28,2
C00501197,2172018.0,1000,2018,17,2
C00501197,2282018.0,25,2018,28,2
C00501197,2182018.0,25,2018,18,2
C00501197,2282018.0,20,2018,28,2
C00501197,2182018.0,250,2018,18,2
C00501197,2272018.0,100,2018,27,2
C00501197,2242018.0,100,2018,24,2
C00501197,2232018.0,50,2018,23,2
C00501197,2172018.0,10,2018,17,2
C00501197,2272018.0,250,2018,27,2
C00501197,2152018.0,41,2018,15,2
C00501197,2232018.0,250,2018,23,2
C00501197,2282018.0,35,2018,28,2
C00501197,2152018.0,200,2018,15,2
C00501197,2282018.0,125,2018,28,2
C00501197,2232018.0,100,2018,23,2
C00501197,2192018.0,5,2018,19,2
C00501197,2262018.0,5,2018,26,2
C00501197,2232018.0,100,2018,23,2
C00501197,2232018.0,25,2018,23,2
C00501197,2212018.0,500,2018,21,2
C00501197,2222018.0,25,2018,22,2
C00501197,2282018.0,25,2018,28,2
C00501197,2282018.0,25,2018,28,2
C00501197,2162018.0,5,2018,16,2
C00501197,2252018.0,5,2018,25,2
C00501197,2232018.0,25,2018,23,2
C00501197,2282018.0,5,2018,28,2
C00501197,2232018.0,25,2018,23,2
C00501197,2212018.0,25,2018,21,2
C00501197,2182018.0,50,2018,18,2
C00501197,2162018.0,100,2018,16,2
C00501197,2232018.0,100,2018,23,2
C00501197,2212018.0,1000,2018,21,2
C00501197,2162018.0,100,2018,16,2
C00501197,2162018.0,100,2018,16,2
C00501197,2282018.0,75,2018,28,2
C00501197,2282018.0,75,2018,28,2
C00501197,2282018.0,200,2018,28,2
C00501197,2282018.0,30,2018,28,2
C00501197,2192018.0,0,2018,19,2
C00501197,2252018.0,100,2018,25,2
C00501197,2282018.0,125,2018,28,2
C00501197,2232018.0,50,2018,23,2
C00501197,2272018.0,150,2018,27,2
C00501197,2162018.0,10,2018,16,2
C00501197,2232018.0,50,2018,23,2
C00501197,2232018.0,50,2018,23,2
C00501197,2242018.0,225,2018,24,2
C00501197,2202018.0,1000,2018,20,2
C00501197,2232018.0,50,2018,23,2
C00501197,2242018.0,25,2018,24,2
C00501197,2262018.0,25,2018,26,2
C00501197,2282018.0,100,2018,28,2
C00501197,2182018.0,100,2018,18,2
C00501197,2162018.0,5,2018,16,2
C00501197,2252018.0,25,2018,25,2
C00501197,2262018.0,50,2018,26,2
C00501197,2282018.0,50,2018,28,2
C00501197,2222018.0,18,2018,22,2
C00501197,2272018.0,50,2018,27,2
C00501197,2252018.0,100,2018,25,2
C00501197,2262018.0,2700,2018,26,2
C00501197,2212018.0,25,2018,21,2
C00501197,2282018.0,25,2018,28,2
C00501197,2202018.0,25,2018,20,2
C00501197,2282018.0,100,2018,28,2
C00501197,2222018.0,25,2018,22,2
C00501197,2192018.0,20,2018,19,2
C00501197,2272018.0,25,2018,27,2
C00501197,2212018.0,25,2018,21,2
C00501197,2282018.0,100,2018,28,2
C00501197,2282018.0,100,2018,28,2
C00501197,2222018.0,100,2018,22,2
C00501197,2282018.0,25,2018,28,2
C00501197,2182018.0,2675,2018,18,2
C00501197,2182018.0,25,2018,18,2
C00501197,2182018.0,2700,2018,18,2
C00501197,2282018.0,100,2018,28,2
C00501197,2282018.0,100,2018,28,2
C00501197,2262018.0,25,2018,26,2
C00501197,2242018.0,250,2018,24,2
C00501197,2282018.0,50,2018,28,2
C00501197,2242018.0,100,2018,24,2
C00501197,2262018.0,20,2018,26,2
C00501197,2282018.0,1000,2018,28,2
C00501197,2162018.0,25,2018,16,2
C00501197,2202018.0,500,2018,20,2
C00501197,2162018.0,25,2018,16,2
C00501197,2172018.0,100,2018,17,2
C00501197,2242018.0,250,2018,24,2
C00501197,2202018.0,250,2018,20,2
C00501197,2182018.0,120,2018,18,2
C00501197,2282018.0,50,2018,28,2
C00501197,2282018.0,500,2018,28,2
C00501197,2222018.0,100,2018,22,2
C00501197,2222018.0,100,2018,22,2
C00501197,2172018.0,50,2018,17,2
C00501197,2272018.0,50,2018,27,2
C00501197,2162018.0,100,2018,16,2
C00501197,2232018.0,250,2018,23,2
C00501197,2242018.0,25,2018,24,2
C00501197,2242018.0,25,2018,24,2
C00501197,2152018.0,24,2018,15,2
C00501197,2222018.0,1250,2018,22,2
C00501197,2282018.0,250,2018,28,2
C00501197,2232018.0,500,2018,23,2
C00501197,2232018.0,100,2018,23,2
C00501197,2242018.0,100,2018,24,2
C00501197,2272018.0,100,2018,27,2
C00501197,2272018.0,25,2018,27,2
C00501197,2202018.0,250,2018,20,2
C00501197,2222018.0,250,2018,22,2
C00501197,2222018.0,25,2018,22,2
C00501197,2242018.0,1000,2018,24,2
C00501197,2162018.0,25,2018,16,2
C00501197,2232018.0,28,2018,23,2
C00501197,2232018.0,200,2018,23,2
C00501197,2282018.0,100,2018,28,2
C00501197,2152018.0,250,2018,15,2
C00501197,2172018.0,500,2018,17,2
C00501197,2232018.0,100,2018,23,2
C00501197,2282018.0,100,2018,28,2
C00501197,2242018.0,250,2018,24,2
C00501197,2262018.0,25,2018,26,2
C00501197,2282018.0,250,2018,28,2
C00501197,2282018.0,100,2018,28,2
C00501197,2242018.0,100,2018,24,2
C00501197,2222018.0,250,2018,22,2
C00501197,2212018.0,25,2018,21,2
C00501197,2212018.0,250,2018,21,2
C00501197,2252018.0,25,2018,25,2
C00501197,2272018.0,53,2018,27,2
C00501197,2282018.0,100,2018,28,2
C00501197,2282018.0,20,2018,28,2
C00501197,2162018.0,25,2018,16,2
C00501197,2162018.0,5,2018,16,2
C00501197,2162018.0,5,2018,16,2
C00501197,2222018.0,25,2018,22,2
C00501197,2192018.0,2700,2018,19,2
C00501197,2232018.0,25,2018,23,2
C00501197,2252018.0,25,2018,25,2
C00501197,2162018.0,50,2018,16,2
C00501197,2252018.0,25,2018,25,2
C00501197,2192018.0,250,2018,19,2
C00501197,2272018.0,45,2018,27,2
C00501197,2232018.0,250,2018,23,2
C00501197,2282018.0,500,2018,28,2
C00501197,2262018.0,50,2018,26,2
C00501197,2202018.0,50,2018,20,2
C00501197,2282018.0,25,2018,28,2
C00501197,2162018.0,250,2018,16,2
C00501197,2162018.0,100,2018,16,2
C00501197,2202018.0,20,2018,20,2
C00501197,2272018.0,100,2018,27,2
C00501197,2262018.0,20,2018,26,2
C00501197,2192018.0,500,2018,19,2
C00501197,2242018.0,5,2018,24,2
C00501197,2282018.0,10,2018,28,2
C00501197,2242018.0,500,2018,24,2
C00501197,2242018.0,5,2018,24,2
C00501197,2202018.0,250,2018,20,2
C00501197,2242018.0,50,2018,24,2
C00501197,2252018.0,25,2018,25,2
C00501197,2172018.0,250,2018,17,2
C00501197,2032018.0,16,2018,03,2
C00501197,2272018.0,250,2018,27,2
C00501197,2232018.0,25,2018,23,2
C00501197,2242018.0,25,2018,24,2
C00501197,2272018.0,0,2018,27,2
C00501197,2252018.0,25,2018,25,2
C00501197,2252018.0,100,2018,25,2
C00501197,2262018.0,38,2018,26,2
C00501197,2262018.0,38,2018,26,2
C00501197,2262018.0,25,2018,26,2
C00501197,2282018.0,100,2018,28,2
C00501197,2232018.0,1000,2018,23,2
C00501197,2212018.0,25,2018,21,2
C00501197,2272018.0,25,2018,27,2
C00501197,2252018.0,10,2018,25,2
C00501197,2282018.0,25,2018,28,2
C00501197,2222018.0,50,2018,22,2
C00501197,2162018.0,50,2018,16,2
C00501197,2262018.0,75,2018,26,2
C00501197,2262018.0,20,2018,26,2
C00501197,2242018.0,5,2018,24,2
C00501197,2282018.0,500,2018,28,2
C00501197,2162018.0,16,2018,16,2
C00501197,2262018.0,147,2018,26,2
C00501197,2202018.0,250,2018,20,2
C00501197,2242018.0,2500,2018,24,2
C00501197,2282018.0,125,2018,28,2
C00501197,2172018.0,56,2018,17,2
C00501197,2282018.0,250,2018,28,2
C00501197,2242018.0,75,2018,24,2
C00501197,2282018.0,25,2018,28,2
C00501197,2192018.0,100,2018,19,2
C00501197,2282018.0,25,2018,28,2
C00501197,2262018.0,200,2018,26,2
C00501197,2282018.0,100,2018,28,2
C00501197,2272018.0,100,2018,27,2
C00501197,2282018.0,213,2018,28,2
C00501197,2232018.0,25,2018,23,2
C00501197,2152018.0,250,2018,15,2
C00501197,2242018.0,25,2018,24,2
C00501197,2152018.0,250,2018,15,2
C00501197,2172018.0,250,2018,17,2
C00501197,2282018.0,5,2018,28,2
C00501197,2172018.0,5,2018,17,2
C00501197,2252018.0,2700,2018,25,2
C00501197,2192018.0,250,2018,19,2
C00501197,2282018.0,250,2018,28,2
C00501197,2232018.0,100,2018,23,2
C00501197,2162018.0,5,2018,16,2
C00501197,2272018.0,18,2018,27,2
C00501197,2192018.0,58,2018,19,2
C00501197,2262018.0,25,2018,26,2
C00501197,2232018.0,25,2018,23,2
C00501197,2282018.0,2700,2018,28,2
C00501197,2252018.0,20,2018,25,2
C00501197,2262018.0,2,2018,26,2
C00501197,2282018.0,100,2018,28,2
C00501197,2242018.0,100,2018,24,2
C00501197,2202018.0,250,2018,20,2
C00501197,2242018.0,2700,2018,24,2
C00501197,2262018.0,300,2018,26,2
C00501197,2272018.0,250,2018,27,2
C00501197,2232018.0,500,2018,23,2
C00501197,2222018.0,4,2018,22,2
C00501197,2262018.0,150,2018,26,2
C00501197,2252018.0,250,2018,25,2
C00501197,2192018.0,5,2018,19,2
C00501197,2262018.0,25,2018,26,2
C00501197,2262018.0,250,2018,26,2
C00501197,2232018.0,50,2018,23,2
C00501197,2282018.0,250,2018,28,2
C00501197,2242018.0,63,2018,24,2
C00501197,2242018.0,25,2018,24,2
C00501197,2282018.0,63,2018,28,2
C00501197,2202018.0,250,2018,20,2
C00501197,2222018.0,25,2018,22,2
C00501197,2202018.0,25,2018,20,2
C00501197,2232018.0,25,2018,23,2
C00501197,2182018.0,250,2018,18,2
C00501197,2282018.0,116,2018,28,2
C00501197,2262018.0,100,2018,26,2
C00501197,2262018.0,100,2018,26,2
C00501197,2152018.0,250,2018,15,2
C00501197,2252018.0,100,2018,25,2
C00501197,2282018.0,500,2018,28,2
C00501197,2162018.0,10,2018,16,2
C00501197,2282018.0,35,2018,28,2
C00501197,2272018.0,25,2018,27,2
C00501197,2152018.0,250,2018,15,2
C00501197,2282018.0,250,2018,28,2
C00501197,2182018.0,10,2018,18,2
C00501197,2242018.0,38,2018,24,2
C00501197,2282018.0,250,2018,28,2
C00501197,2272018.0,88,2018,27,2
C00501197,2182018.0,20,2018,18,2
C00501197,2152018.0,10,2018,15,2
C00501197,2282018.0,50,2018,28,2
C00501197,2232018.0,100,2018,23,2
C00501197,2282018.0,25,2018,28,2
C00501197,2282018.0,250,2018,28,2
C00501197,2282018.0,15,2018,28,2
C00501197,2222018.0,175,2018,22,2
C00501197,2242018.0,100,2018,24,2
C00501197,2172018.0,200,2018,17,2
C00501197,2222018.0,25,2018,22,2
C00501197,2252018.0,100,2018,25,2
C00501197,2252018.0,100,2018,25,2
C00501197,2172018.0,10,2018,17,2
C00501197,2242018.0,25,2018,24,2
C00501197,2272018.0,100,2018,27,2
C00501197,2202018.0,250,2018,20,2
C00501197,2152018.0,100,2018,15,2
C00501197,2262018.0,100,2018,26,2
C00501197,2262018.0,750,2018,26,2
C00501197,2232018.0,25,2018,23,2
C00501197,2282018.0,25,2018,28,2
C00501197,2282018.0,25,2018,28,2
C00501197,2202018.0,500,2018,20,2
C00501197,2252018.0,16,2018,25,2
C00501197,2252018.0,100,2018,25,2
C00501197,2232018.0,25,2018,23,2
C00501197,2242018.0,100,2018,24,2
C00501197,2252018.0,5,2018,25,2
C00501197,2232018.0,25,2018,23,2
C00501197,2282018.0,25,2018,28,2
C00501197,2202018.0,1000,2018,20,2
C00501197,2282018.0,25,2018,28,2
C00501197,2242018.0,100,2018,24,2
C00501197,2282018.0,100,2018,28,2
C00501197,2192018.0,5,2018,19,2
C00501197,2232018.0,250,2018,23,2
C00501197,2282018.0,25,2018,28,2
C00501197,2242018.0,100,2018,24,2
C00501197,2192018.0,5,2018,19,2
C00501197,2172018.0,5,2018,17,2
C00501197,2282018.0,100,2018,28,2
C00501197,2152018.0,500,2018,15,2
C00501197,2282018.0,100,2018,28,2
C00501197,2202018.0,2700,2018,20,2
C00501197,2152018.0,28,2018,15,2
C00501197,2182018.0,250,2018,18,2
C00501197,2202018.0,31,2018,20,2
C00501197,2282018.0,100,2018,28,2
C00501197,2282018.0,100,2018,28,2
C00501197,2172018.0,15,2018,17,2
C00501197,2282018.0,95,2018,28,2
C00501197,2282018.0,100,2018,28,2
C00501197,2192018.0,250,2018,19,2
C00501197,2262018.0,500,2018,26,2
C00501197,2262018.0,38,2018,26,2
C00501197,2262018.0,38,2018,26,2
C00501197,2262018.0,38,2018,26,2
C00501197,2182018.0,5,2018,18,2
C00501197,2202018.0,500,2018,20,2
C00501197,2262018.0,500,2018,26,2
C00501197,2182018.0,25,2018,18,2
C00501197,2282018.0,10,2018,28,2
C00501197,2282018.0,25,2018,28,2
C00501197,2202018.0,250,2018,20,2
C00501197,2282018.0,25,2018,28,2
C00501197,2252018.0,250,2018,25,2
C00501197,2262018.0,75,2018,26,2
C00501197,2282018.0,50,2018,28,2
C00501197,2242018.0,1000,2018,24,2
C00501197,2172018.0,5,2018,17,2
C00501197,2252018.0,100,2018,25,2
C00501197,2162018.0,25,2018,16,2
C00501197,2272018.0,250,2018,27,2
C00501197,2282018.0,250,2018,28,2
C00501197,2202018.0,50,2018,20,2
C00501197,2272018.0,100,2018,27,2
C00501197,2282018.0,25,2018,28,2
C00501197,2262018.0,500,2018,26,2
C00501197,2192018.0,250,2018,19,2
C00501197,2212018.0,25,2018,21,2
C00501197,2282018.0,250,2018,28,2
C00501197,2272018.0,25,2018,27,2
C00501197,2152018.0,250,2018,15,2
C00501197,2182018.0,500,2018,18,2
C00501197,2242018.0,100,2018,24,2
C00501197,2202018.0,2700,2018,20,2
C00501197,2202018.0,2700,2018,20,2
C00501197,2252018.0,1000,2018,25,2
C00501197,2282018.0,126,2018,28,2
C00501197,2282018.0,373,2018,28,2
C00501197,2192018.0,250,2018,19,2
C00501197,2162018.0,1000,2018,16,2
C00501197,2212018.0,25,2018,21,2
C00501197,2282018.0,63,2018,28,2
C00501197,2252018.0,2700,2018,25,2
C00501197,2242018.0,25,2018,24,2
C00501197,2172018.0,15,2018,17,2
C00501197,2242018.0,15,2018,24,2
C00501197,2212018.0,10,2018,21,2
C00501197,2222018.0,1000,2018,22,2
C00501197,2262018.0,1000,2018,26,2
C00501197,2262018.0,25,2018,26,2
C00501197,2182018.0,25,2018,18,2
C00501197,2202018.0,5,2018,20,2
C00501197,2222018.0,500,2018,22,2
C00501197,2242018.0,100,2018,24,2
C00501197,2192018.0,25,2018,19,2
C00501197,2272018.0,250,2018,27,2
C00501197,2232018.0,38,2018,23,2
C00501197,2232018.0,25,2018,23,2
C00501197,2282018.0,25,2018,28,2
C00501197,2252018.0,25,2018,25,2
C00501197,2272018.0,500,2018,27,2
C00501197,2042018.0,25,2018,04,2
C00501197,2202018.0,200,2018,20,2
C00501197,2172018.0,25,2018,17,2
C00501197,2252018.0,500,2018,25,2
C00501197,2172018.0,50,2018,17,2
C00501197,2282018.0,250,2018,28,2
C00501197,2262018.0,25,2018,26,2
C00501197,2282018.0,15,2018,28,2
C00501197,2272018.0,25,2018,27,2
C00501197,2252018.0,500,2018,25,2
C00501197,2152018.0,100,2018,15,2
C00501197,2242018.0,100,2018,24,2
C00501197,2282018.0,25,2018,28,2
C00501197,2282018.0,10,2018,28,2
C00501197,2282018.0,25,2018,28,2
C00501197,2212018.0,25,2018,21,2
C00501197,2162018.0,500,2018,16,2
C00501197,2212018.0,250,2018,21,2
C00501197,2152018.0,250,2018,15,2
C00501197,2222018.0,25,2018,22,2
C00501197,2172018.0,10,2018,17,2
C00501197,2262018.0,2000,2018,26,2
C00501197,2262018.0,25,2018,26,2
C00501197,2202018.0,250,2018,20,2
C00501197,2252018.0,250,2018,25,2
C00501197,2202018.0,25,2018,20,2
C00501197,2162018.0,25,2018,16,2
C00501197,2282018.0,30,2018,28,2
C00501197,2242018.0,100,2018,24,2
C00501197,2182018.0,25,2018,18,2
C00501197,2282018.0,20,2018,28,2
C00501197,2282018.0,100,2018,28,2
C00501197,2272018.0,25,2018,27,2
C00501197,2162018.0,10,2018,16,2
C00501197,2232018.0,10,2018,23,2
C00501197,2272018.0,100,2018,27,2
C00501197,2282018.0,50,2018,28,2
C00501197,2242018.0,100,2018,24,2
C00501197,2162018.0,500,2018,16,2
C00501197,2282018.0,100,2018,28,2
C00501197,2282018.0,10,2018,28,2
C00501197,2272018.0,250,2018,27,2
C00501197,2172018.0,28,2018,17,2
C00501197,2282018.0,25,2018,28,2
C00501197,2202018.0,25,2018,20,2
C00501197,2282018.0,25,2018,28,2
C00501197,2202018.0,250,2018,20,2
C00501197,2202018.0,500,2018,20,2
C00501197,2262018.0,100,2018,26,2
C00501197,2282018.0,25,2018,28,2
C00501197,2192018.0,28,2018,19,2
C00501197,2192018.0,28,2018,19,2
C00501197,2272018.0,76,2018,27,2
C00501197,2202018.0,100,2018,20,2
C00501197,2172018.0,56,2018,17,2
C00501197,2282018.0,50,2018,28,2
C00501197,2172018.0,25,2018,17,2
C00501197,2282018.0,25,2018,28,2
C00501197,2262018.0,25,2018,26,2
C00501197,2242018.0,50,2018,24,2
C00501197,2172018.0,5,2018,17,2
C00501197,2282018.0,3,2018,28,2
C00501197,2272018.0,250,2018,27,2
C00501197,2282018.0,100,2018,28,2
C00501197,2152018.0,250,2018,15,2
C00501197,2182018.0,100,2018,18,2
C00501197,2262018.0,100,2018,26,2
C00501197,2212018.0,20,2018,21,2
C00501197,2272018.0,10,2018,27,2
C00501197,2172018.0,100,2018,17,2
C00501197,2202018.0,10,2018,20,2
C00501197,2182018.0,25,2018,18,2
C00501197,2212018.0,1000,2018,21,2
C00501197,2192018.0,1700,2018,19,2
C00501197,2222018.0,25,2018,22,2
C00501197,2272018.0,25,2018,27,2
C00501197,2172018.0,25,2018,17,2
C00501197,2282018.0,100,2018,28,2
C00501197,2182018.0,250,2018,18,2
C00501197,2232018.0,25,2018,23,2
C00501197,2282018.0,250,2018,28,2
C00501197,2162018.0,100,2018,16,2
C00501197,2282018.0,500,2018,28,2
C00501197,2202018.0,5,2018,20,2
C00501197,2272018.0,125,2018,27,2
C00501197,2272018.0,100,2018,27,2
C00501197,2182018.0,15,2018,18,2
C00501197,2202018.0,53,2018,20,2
C00501197,2202018.0,5,2018,20,2
C00501197,2162018.0,25,2018,16,2
C00501197,2242018.0,25,2018,24,2
C00501197,2222018.0,100,2018,22,2
C00501197,2262018.0,33,2018,26,2
C00501197,2162018.0,500,2018,16,2
C00501197,2202018.0,100,2018,20,2
C00501197,2282018.0,500,2018,28,2
C00501197,2152018.0,500,2018,15,2
C00501197,2222018.0,100,2018,22,2
C00501197,2172018.0,100,2018,17,2
C00501197,2212018.0,250,2018,21,2
C00501197,2282018.0,50,2018,28,2
C00501197,2282018.0,250,2018,28,2
C00501197,2252018.0,25,2018,25,2
C00501197,2212018.0,500,2018,21,2
C00501197,2232018.0,2000,2018,23,2
C00501197,2282018.0,100,2018,28,2
C00501197,2282018.0,25,2018,28,2
C00501197,2262018.0,5,2018,26,2
C00501197,2272018.0,100,2018,27,2
C00501197,2272018.0,10,2018,27,2
C00501197,2282018.0,25,2018,28,2
C00501197,2172018.0,25,2018,17,2
C00501197,2192018.0,25,2018,19,2
C00501197,2152018.0,100,2018,15,2
C00501197,2282018.0,100,2018,28,2
C00501197,2172018.0,100,2018,17,2
C00501197,2172018.0,25,2018,17,2
C00501197,2272018.0,100,2018,27,2
C00501197,2232018.0,75,2018,23,2
C00501197,2272018.0,15,2018,27,2
C00501197,2272018.0,25,2018,27,2
C00501197,2262018.0,100,2018,26,2
C00501197,2172018.0,250,2018,17,2
C00501197,2282018.0,100,2018,28,2
C00501197,2282018.0,57,2018,28,2
C00501197,2182018.0,35,2018,18,2
C00501197,2192018.0,1000,2018,19,2
C00501197,2172018.0,25,2018,17,2
C00501197,2242018.0,25,2018,24,2
C00501197,2202018.0,1000,2018,20,2
C00501197,2262018.0,100,2018,26,2
C00501197,2202018.0,25,2018,20,2
C00501197,2232018.0,25,2018,23,2
C00501197,2272018.0,100,2018,27,2
C00501197,2242018.0,500,2018,24,2
C00501197,2282018.0,20,2018,28,2
C00501197,2282018.0,10,2018,28,2
C00501197,2252018.0,125,2018,25,2
C00501197,2282018.0,199,2018,28,2
C00501197,2252018.0,250,2018,25,2
C00501197,2192018.0,1000,2018,19,2
C00501197,2232018.0,25,2018,23,2
C00501197,2282018.0,25,2018,28,2
C00501197,2202018.0,25,2018,20,2
C00501197,2192018.0,250,2018,19,2
C00501197,2262018.0,2700,2018,26,2
C00501197,2232018.0,25,2018,23,2
C00501197,2262018.0,25,2018,26,2
C00501197,2272018.0,250,2018,27,2
C00501197,2172018.0,250,2018,17,2
C00501197,2232018.0,100,2018,23,2
C00501197,2242018.0,250,2018,24,2
C00501197,2222018.0,100,2018,22,2
C00501197,2192018.0,100,2018,19,2
C00501197,2222018.0,2700,2018,22,2
C00501197,2222018.0,2700,2018,22,2
C00501197,2252018.0,5,2018,25,2
C00501197,2282018.0,25,2018,28,2
C00501197,2262018.0,100,2018,26,2
C00501197,2282018.0,25,2018,28,2
C00501197,2282018.0,25,2018,28,2
C00501197,2232018.0,125,2018,23,2
C00501197,2232018.0,150,2018,23,2
C00501197,2232018.0,25,2018,23,2
C00501197,2212018.0,1000,2018,21,2
C00501197,2172018.0,25,2018,17,2
C00501197,2212018.0,25,2018,21,2
C00501197,2222018.0,50,2018,22,2
C00501197,2192018.0,500,2018,19,2
C00501197,2282018.0,25,2018,28,2
C00501197,2272018.0,100,2018,27,2
C00501197,2182018.0,50,2018,18,2
C00501197,2272018.0,100,2018,27,2
C00501197,2162018.0,25,2018,16,2
C00501197,2262018.0,10,2018,26,2
C00501197,2202018.0,2700,2018,20,2
C00501197,2182018.0,25,2018,18,2
C00501197,2212018.0,50,2018,21,2
C00501197,2282018.0,10,2018,28,2
C00501197,2282018.0,250,2018,28,2
C00501197,2282018.0,5,2018,28,2
C00501197,2272018.0,250,2018,27,2
C00501197,2272018.0,75,2018,27,2
C00501197,2232018.0,25,2018,23,2
C00501197,2232018.0,100,2018,23,2
C00501197,2162018.0,50,2018,16,2
C00501197,2202018.0,25,2018,20,2
C00501197,2262018.0,500,2018,26,2
C00501197,2172018.0,5,2018,17,2
C00501197,2212018.0,100,2018,21,2
C00501197,2282018.0,25,2018,28,2
C00501197,2282018.0,100,2018,28,2
C00501197,2202018.0,25,2018,20,2
C00501197,2252018.0,20,2018,25,2
C00501197,2252018.0,100,2018,25,2
C00501197,2222018.0,500,2018,22,2
C00501197,2272018.0,500,2018,27,2
C00501197,2212018.0,250,2018,21,2
C00501197,2212018.0,25,2018,21,2
C00501197,2282018.0,25,2018,28,2
C00501197,2282018.0,100,2018,28,2
C00501197,2232018.0,50,2018,23,2
C00501197,2282018.0,25,2018,28,2
C00501197,2282018.0,12,2018,28,2
C00501197,2232018.0,100,2018,23,2
C00501197,2202018.0,25,2018,20,2
C00501197,2162018.0,25,2018,16,2
C00501197,2262018.0,38,2018,26,2
C00501197,2252018.0,2700,2018,25,2
C00501197,2242018.0,6,2018,24,2
C00501197,2282018.0,50,2018,28,2
C00501197,2282018.0,50,2018,28,2
C00501197,2202018.0,500,2018,20,2
C00501197,2282018.0,250,2018,28,2
C00501197,2282018.0,75,2018,28,2
C00501197,2192018.0,250,2018,19,2
C00501197,2212018.0,250,2018,21,2
C00501197,2232018.0,100,2018,23,2
C00501197,2262018.0,100,2018,26,2
C00501197,2282018.0,50,2018,28,2
C00501197,2282018.0,50,2018,28,2
C00501197,2202018.0,25,2018,20,2
C00501197,2222018.0,25,2018,22,2
C00501197,2242018.0,500,2018,24,2
C00501197,2262018.0,100,2018,26,2
C00501197,2272018.0,25,2018,27,2
C00501197,2272018.0,25,2018,27,2
C00501197,2262018.0,250,2018,26,2
C00501197,2162018.0,25,2018,16,2
C00501197,2162018.0,25,2018,16,2
C00501197,2272018.0,1000,2018,27,2
C00501197,2182018.0,25,2018,18,2
C00501197,2222018.0,25,2018,22,2
C00501197,2242018.0,50,2018,24,2
C00501197,2282018.0,25,2018,28,2
C00501197,2152018.0,250,2018,15,2
C00501197,2282018.0,25,2018,28,2
C00501197,2262018.0,25,2018,26,2
C00501197,2262018.0,10,2018,26,2
C00501197,2282018.0,25,2018,28,2
C00501197,2212018.0,250,2018,21,2
C00501197,2262018.0,100,2018,26,2
C00501197,2242018.0,100,2018,24,2
C00501197,2162018.0,1000,2018,16,2
C00501197,2242018.0,250,2018,24,2
C00501197,2182018.0,250,2018,18,2
C00501197,2202018.0,50,2018,20,2
C00501197,2232018.0,100,2018,23,2
C00501197,2162018.0,25,2018,16,2
C00501197,2282018.0,100,2018,28,2
C00501197,2252018.0,25,2018,25,2
C00501197,2282018.0,125,2018,28,2
C00501197,2192018.0,500,2018,19,2
C00501197,2262018.0,250,2018,26,2
C00501197,2232018.0,250,2018,23,2
C00501197,2282018.0,100,2018,28,2
C00501197,2282018.0,25,2018,28,2
C00501197,2282018.0,500,2018,28,2
C00501197,2272018.0,500,2018,27,2
C00501197,2262018.0,250,2018,26,2
C00501197,2282018.0,500,2018,28,2
C00501197,2262018.0,15,2018,26,2
C00501197,2272018.0,25,2018,27,2
C00501197,2162018.0,5,2018,16,2
C00501197,2172018.0,25,2018,17,2
C00501197,2282018.0,25,2018,28,2
C00501197,2282018.0,25,2018,28,2
C00501197,2282018.0,25,2018,28,2
C00501197,2262018.0,25,2018,26,2
C00501197,2212018.0,1000,2018,21,2
C00501197,2262018.0,100,2018,26,2
C00501197,2282018.0,100,2018,28,2
C00501197,2282018.0,100,2018,28,2
C00501197,2262018.0,250,2018,26,2
C00501197,2232018.0,25,2018,23,2
C00501197,2232018.0,100,2018,23,2
C00501197,2222018.0,12,2018,22,2
C00501197,2282018.0,25,2018,28,2
C00501197,2282018.0,25,2018,28,2
C00501197,2172018.0,25,2018,17,2
C00501197,2222018.0,119,2018,22,2
C00501197,2242018.0,25,2018,24,2
C00501197,2282018.0,50,2018,28,2
C00501197,2272018.0,2700,2018,27,2
C00501197,2272018.0,2300,2018,27,2
C00501197,2192018.0,50,2018,19,2
C00501197,2272018.0,45,2018,27,2
C00501197,2162018.0,50,2018,16,2
C00501197,2232018.0,25,2018,23,2
C00501197,2192018.0,100,2018,19,2
C00501197,2282018.0,35,2018,28,2
C00501197,2262018.0,25,2018,26,2
C00501197,2252018.0,250,2018,25,2
C00501197,2262018.0,1000,2018,26,2
C00501197,2272018.0,100,2018,27,2
C00501197,2242018.0,25,2018,24,2
C00501197,2152018.0,500,2018,15,2
C00501197,2252018.0,25,2018,25,2
C00501197,2272018.0,25,2018,27,2
C00501197,2282018.0,100,2018,28,2
C00501197,2232018.0,500,2018,23,2
C00501197,2272018.0,100,2018,27,2
C00501197,2262018.0,2700,2018,26,2
C00501197,2232018.0,2700,2018,23,2
C00501197,2262018.0,2700,2018,26,2
C00501197,2182018.0,25,2018,18,2
C00501197,2252018.0,25,2018,25,2
C00501197,2282018.0,50,2018,28,2
C00501197,2172018.0,50,2018,17,2
C00501197,2172018.0,25,2018,17,2
C00501197,2242018.0,25,2018,24,2
C00501197,2262018.0,100,2018,26,2
C00501197,2242018.0,100,2018,24,2
C00501197,2242018.0,5,2018,24,2
C00501197,2192018.0,250,2018,19,2
C00501197,2202018.0,40,2018,20,2
C00501197,2152018.0,16,2018,15,2
C00501197,2252018.0,25,2018,25,2
C00501197,2262018.0,200,2018,26,2
C00501197,2242018.0,39,2018,24,2
C00501197,2162018.0,25,2018,16,2
C00501197,2182018.0,25,2018,18,2
C00501197,2212018.0,500,2018,21,2
C00501197,2202018.0,1000,2018,20,2
C00501197,2172018.0,16,2018,17,2
C00501197,2272018.0,100,2018,27,2
C00501197,2252018.0,100,2018,25,2
C00501197,2262018.0,125,2018,26,2
C00501197,2222018.0,500,2018,22,2
C00501197,2272018.0,250,2018,27,2
C00501197,2282018.0,300,2018,28,2
C00501197,2242018.0,25,2018,24,2
C00501197,2282018.0,25,2018,28,2
C00501197,2202018.0,25,2018,20,2
C00501197,2272018.0,25,2018,27,2
C00501197,2242018.0,250,2018,24,2
C00501197,2212018.0,25,2018,21,2
C00501197,2272018.0,250,2018,27,2
C00501197,2182018.0,100,2018,18,2
C00501197,2272018.0,500,2018,27,2
C00501197,2202018.0,2000,2018,20,2
C00501197,2222018.0,500,2018,22,2
C00501197,2222018.0,250,2018,22,2
C00501197,2252018.0,5,2018,25,2
C00501197,2272018.0,25,2018,27,2
C00501197,2282018.0,100,2018,28,2
C00501197,2232018.0,100,2018,23,2
C00501197,2262018.0,100,2018,26,2
C00501197,2282018.0,100,2018,28,2
C00501197,2152018.0,-5,2018,15,2
C00501197,2152018.0,5,2018,15,2
C00501197,2272018.0,2000,2018,27,2
C00501197,2152018.0,650,2018,15,2
C00501197,2272018.0,500,2018,27,2
C00501197,2162018.0,25,2018,16,2
C00501197,2202018.0,250,2018,20,2
C00501197,2282018.0,50,2018,28,2
C00501197,2272018.0,25,2018,27,2
C00501197,2252018.0,25,2018,25,2
C00501197,2222018.0,100,2018,22,2
C00501197,2182018.0,20,2018,18,2
C00501197,2172018.0,100,2018,17,2
C00501197,2242018.0,100,2018,24,2
C00501197,2162018.0,250,2018,16,2
C00501197,2172018.0,500,2018,17,2
C00501197,2262018.0,500,2018,26,2
C00501197,2212018.0,250,2018,21,2
C00501197,2282018.0,25,2018,28,2
C00501197,2182018.0,50,2018,18,2
C00501197,2272018.0,250,2018,27,2
C00501197,2202018.0,53,2018,20,2
C00501197,2172018.0,300,2018,17,2
C00501197,2172018.0,38,2018,17,2
C00501197,2252018.0,75,2018,25,2
C00501197,2282018.0,25,2018,28,2
C00501197,2152018.0,2000,2018,15,2
C00501197,2212018.0,20,2018,21,2
C00501197,2282018.0,25,2018,28,2
C00501197,2262018.0,25,2018,26,2
C00501197,2162018.0,75,2018,16,2
C00501197,2282018.0,25,2018,28,2
C00501197,2242018.0,250,2018,24,2
C00501197,2242018.0,1000,2018,24,2
C00501197,2202018.0,20,2018,20,2
C00501197,2202018.0,100,2018,20,2
C00501197,2202018.0,100,2018,20,2
C00501197,2282018.0,38,2018,28,2
C00501197,2272018.0,25,2018,27,2
C00501197,2162018.0,500,2018,16,2
C00501197,2232018.0,63,2018,23,2
C00501197,2282018.0,35,2018,28,2
C00501197,2252018.0,50,2018,25,2
C00501197,2282018.0,25,2018,28,2
C00501197,2272018.0,100,2018,27,2
C00501197,2242018.0,250,2018,24,2
C00501197,2232018.0,250,2018,23,2
C00501197,2212018.0,200,2018,21,2
C00501197,2202018.0,25,2018,20,2
C00501197,2272018.0,2700,2018,27,2
C00501197,2272018.0,100,2018,27,2
C00501197,2242018.0,25,2018,24,2
C00501197,2182018.0,25,2018,18,2
C00501197,2252018.0,25,2018,25,2
C00501197,2282018.0,500,2018,28,2
C00501197,2252018.0,100,2018,25,2
C00501197,2172018.0,5,2018,17,2
C00501197,2222018.0,5,2018,22,2
C00501197,2272018.0,15,2018,27,2
C00501197,2222018.0,250,2018,22,2
C00501197,2202018.0,100,2018,20,2
C00501197,2262018.0,75,2018,26,2
C00501197,2272018.0,100,2018,27,2
C00501197,2202018.0,100,2018,20,2
C00501197,2282018.0,100,2018,28,2
C00501197,2212018.0,10,2018,21,2
C00501197,2162018.0,25,2018,16,2
C00501197,2212018.0,100,2018,21,2
C00501197,2282018.0,100,2018,28,2
C00501197,2252018.0,25,2018,25,2
C00501197,2282018.0,100,2018,28,2
C00501197,2282018.0,250,2018,28,2
C00501197,2282018.0,25,2018,28,2
C00501197,2202018.0,250,2018,20,2
C00501197,2282018.0,15,2018,28,2
C00501197,2162018.0,100,2018,16,2
C00501197,2162018.0,100,2018,16,2
C00501197,2232018.0,50,2018,23,2
C00501197,2162018.0,25,2018,16,2
C00501197,2262018.0,25,2018,26,2
C00501197,2162018.0,25,2018,16,2
C00501197,2282018.0,2550,2018,28,2
C00501197,2282018.0,150,2018,28,2
C00501197,2242018.0,25,2018,24,2
C00501197,2262018.0,25,2018,26,2
C00501197,2192018.0,5,2018,19,2
C00501197,2222018.0,500,2018,22,2
C00501197,2272018.0,10,2018,27,2
C00501197,2252018.0,30,2018,25,2
C00501197,2212018.0,25,2018,21,2
C00501197,2282018.0,35,2018,28,2
C00501197,2212018.0,2700,2018,21,2
C00501197,2212018.0,2700,2018,21,2
C00501197,2162018.0,100,2018,16,2
C00501197,2262018.0,500,2018,26,2
C00501197,2282018.0,1,2018,28,2
C00501197,2262018.0,136,2018,26,2
C00501197,2242018.0,100,2018,24,2
C00501197,2172018.0,250,2018,17,2
C00501197,2282018.0,5,2018,28,2
C00501197,2272018.0,25,2018,27,2
C00501197,2272018.0,49,2018,27,2
C00501197,2262018.0,100,2018,26,2
C00501197,2222018.0,500,2018,22,2
C00501197,2162018.0,200,2018,16,2
C00501197,2192018.0,100,2018,19,2
C00501197,2182018.0,5,2018,18,2
C00501197,2212018.0,20,2018,21,2
C00501197,2192018.0,50,2018,19,2
C00501197,2242018.0,38,2018,24,2
C00501197,2212018.0,5,2018,21,2
C00501197,2282018.0,5,2018,28,2
C00501197,2282018.0,250,2018,28,2
C00501197,2282018.0,100,2018,28,2
C00501197,2272018.0,2700,2018,27,2
C00501197,2262018.0,25,2018,26,2
C00501197,2222018.0,25,2018,22,2
C00501197,2242018.0,0,2018,24,2
C00501197,2202018.0,500,2018,20,2
C00501197,2282018.0,25,2018,28,2
C00501197,2262018.0,100,2018,26,2
C00501197,2262018.0,250,2018,26,2
C00501197,2222018.0,15,2018,22,2
C00501197,2232018.0,100,2018,23,2
C00501197,2232018.0,25,2018,23,2
C00501197,2262018.0,250,2018,26,2
C00501197,2192018.0,25,2018,19,2
C00501197,2282018.0,57,2018,28,2
C00501197,2172018.0,25,2018,17,2
C00501197,2242018.0,25,2018,24,2
C00501197,2242018.0,25,2018,24,2
C00501197,2282018.0,25,2018,28,2
C00501197,2282018.0,88,2018,28,2
C00501197,2242018.0,50,2018,24,2
C00501197,2202018.0,2700,2018,20,2
C00501197,2212018.0,500,2018,21,2
C00501197,2262018.0,25,2018,26,2
C00501197,2202018.0,100,2018,20,2
C00501197,2232018.0,100,2018,23,2
C00501197,2252018.0,45,2018,25,2
C00501197,2252018.0,100,2018,25,2
C00501197,2202018.0,50,2018,20,2
C00501197,2172018.0,25,2018,17,2
C00501197,2242018.0,100,2018,24,2
C00501197,2272018.0,50,2018,27,2
C00501197,2262018.0,250,2018,26,2
C00501197,2202018.0,25,2018,20,2
C00501197,2272018.0,25,2018,27,2
C00501197,2282018.0,500,2018,28,2
C00501197,2172018.0,1000,2018,17,2
C00501197,2232018.0,1500,2018,23,2
C00501197,2242018.0,250,2018,24,2
C00501197,2232018.0,25,2018,23,2
C00501197,2282018.0,25,2018,28,2
C00501197,2272018.0,100,2018,27,2
C00501197,2202018.0,2000,2018,20,2
C00501197,2282018.0,25,2018,28,2
C00501197,2232018.0,50,2018,23,2
C00501197,2232018.0,5,2018,23,2
C00501197,2222018.0,5,2018,22,2
C00501197,2282018.0,25,2018,28,2
C00501197,2282018.0,25,2018,28,2
C00501197,2282018.0,32,2018,28,2
C00501197,2282018.0,28,2018,28,2
C00501197,2172018.0,127,2018,17,2
C00501197,2272018.0,250,2018,27,2
C00501197,2202018.0,5,2018,20,2
C00501197,2282018.0,50,2018,28,2
C00501197,2272018.0,38,2018,27,2
C00501197,2172018.0,1000,2018,17,2
C00501197,2172018.0,25,2018,17,2
C00501197,2162018.0,25,2018,16,2
C00501197,2222018.0,30,2018,22,2
C00501197,2282018.0,50,2018,28,2
C00501197,2222018.0,25,2018,22,2
C00501197,2202018.0,600,2018,20,2
C00501197,2172018.0,25,2018,17,2
C00501197,2282018.0,100,2018,28,2
C00501197,2222018.0,25,2018,22,2
C00501197,2192018.0,10,2018,19,2
C00501197,2252018.0,100,2018,25,2
C00501197,2262018.0,43,2018,26,2
C00501197,2162018.0,250,2018,16,2
C00501197,2272018.0,25,2018,27,2
C00501197,2242018.0,100,2018,24,2
C00501197,2282018.0,250,2018,28,2
C00501197,2272018.0,250,2018,27,2
C00501197,2192018.0,124,2018,19,2
C00501197,2182018.0,250,2018,18,2
C00501197,2262018.0,15,2018,26,2
C00501197,2282018.0,10,2018,28,2
C00501197,2252018.0,250,2018,25,2
C00501197,2242018.0,25,2018,24,2
C00501197,2282018.0,25,2018,28,2
C00501197,2172018.0,50,2018,17,2
C00501197,2242018.0,50,2018,24,2
C00501197,2262018.0,57,2018,26,2
C00501197,2192018.0,25,2018,19,2
C00501197,2222018.0,250,2018,22,2
C00501197,2202018.0,250,2018,20,2
C00501197,2182018.0,250,2018,18,2
C00501197,2282018.0,50,2018,28,2
C00501197,2152018.0,25,2018,15,2
C00501197,2222018.0,5,2018,22,2
C00501197,2222018.0,16,2018,22,2
C00501197,2282018.0,25,2018,28,2
C00501197,2282018.0,20,2018,28,2
C00501197,2172018.0,25,2018,17,2
C00501197,2242018.0,25,2018,24,2
C00501197,2162018.0,10,2018,16,2
C00501197,2232018.0,100,2018,23,2
C00501197,2182018.0,250,2018,18,2
C00501197,2262018.0,25,2018,26,2
C00501197,2212018.0,2700,2018,21,2
C00501197,2272018.0,250,2018,27,2
C00501197,2212018.0,500,2018,21,2
C00501197,2242018.0,250,2018,24,2
C00501197,2202018.0,25,2018,20,2
C00501197,2262018.0,5,2018,26,2
C00501197,2282018.0,100,2018,28,2
C00501197,2282018.0,25,2018,28,2
C00501197,2182018.0,100,2018,18,2
C00501197,2242018.0,100,2018,24,2
C00501197,2232018.0,25,2018,23,2
C00501197,2272018.0,25,2018,27,2
C00501197,2172018.0,5,2018,17,2
C00501197,2262018.0,250,2018,26,2
C00501197,2272018.0,100,2018,27,2
C00501197,2272018.0,100,2018,27,2
C00501197,2162018.0,250,2018,16,2
C00501197,2202018.0,52,2018,20,2
C00501197,2232018.0,38,2018,23,2
C00501197,2192018.0,25,2018,19,2
C00501197,2272018.0,112,2018,27,2
C00501197,2282018.0,12,2018,28,2
C00501197,2232018.0,100,2018,23,2
C00501197,2252018.0,25,2018,25,2
C00501197,2282018.0,50,2018,28,2
C00501197,2262018.0,25,2018,26,2
C00501197,2192018.0,25,2018,19,2
C00501197,2242018.0,100,2018,24,2
C00501197,2262018.0,20,2018,26,2
C00501197,2272018.0,25,2018,27,2
C00501197,2272018.0,1000,2018,27,2
C00501197,2282018.0,25,2018,28,2
C00501197,2262018.0,25,2018,26,2
C00501197,2262018.0,100,2018,26,2
C00501197,2222018.0,100,2018,22,2
C00501197,2242018.0,10,2018,24,2
C00501197,2202018.0,10,2018,20,2
C00501197,2202018.0,10,2018,20,2
C00501197,2222018.0,9,2018,22,2
C00501197,2282018.0,2635,2018,28,2
C00501197,2232018.0,50,2018,23,2
C00501197,2282018.0,100,2018,28,2
C00501197,2262018.0,20,2018,26,2
C00501197,2282018.0,100,2018,28,2
C00501197,2232018.0,100,2018,23,2
C00501197,2212018.0,10,2018,21,2
C00501197,2262018.0,25,2018,26,2
C00501197,2272018.0,10,2018,27,2
C00501197,2232018.0,100,2018,23,2
C00501197,2272018.0,250,2018,27,2
C00501197,2242018.0,25,2018,24,2
C00501197,2232018.0,25,2018,23,2
C00501197,2272018.0,100,2018,27,2
C00501197,2282018.0,100,2018,28,2
C00501197,2282018.0,25,2018,28,2
C00501197,2272018.0,20,2018,27,2
C00501197,2282018.0,25,2018,28,2
C00501197,2282018.0,15,2018,28,2
C00501197,2232018.0,50,2018,23,2
C00501197,2282018.0,25,2018,28,2
C00501197,2242018.0,50,2018,24,2
C00501197,2182018.0,25,2018,18,2
C00501197,2272018.0,250,2018,27,2
C00501197,2202018.0,3,2018,20,2
C00501197,2272018.0,3,2018,27,2
C00501197,2232018.0,35,2018,23,2
C00501197,2282018.0,35,2018,28,2
C00501197,2222018.0,25,2018,22,2
C00501197,2222018.0,45,2018,22,2
C00501197,2162018.0,65,2018,16,2
C00501197,2232018.0,250,2018,23,2
C00501197,2282018.0,25,2018,28,2
C00501197,2182018.0,31,2018,18,2
C00501197,2232018.0,25,2018,23,2
C00501197,2272018.0,50,2018,27,2
C00501197,2242018.0,250,2018,24,2
C00501197,2232018.0,1000,2018,23,2
C00501197,2282018.0,150,2018,28,2
C00501197,2172018.0,57,2018,17,2
C00501197,2232018.0,57,2018,23,2
C00501197,2282018.0,25,2018,28,2
C00501197,2162018.0,5,2018,16,2
C00501197,2232018.0,25,2018,23,2
C00501197,2282018.0,250,2018,28,2
C00501197,2252018.0,100,2018,25,2
C00501197,2232018.0,25,2018,23,2
C00501197,2272018.0,3,2018,27,2
C00501197,2152018.0,350,2018,15,2
C00501197,2252018.0,25,2018,25,2
C00501197,2262018.0,25,2018,26,2
C00501197,2262018.0,1000,2018,26,2
C00501197,2242018.0,38,2018,24,2
C00501197,2262018.0,250,2018,26,2
C00501197,2262018.0,250,2018,26,2
C00501197,2222018.0,50,2018,22,2
C00501197,2162018.0,75,2018,16,2
C00501197,2202018.0,31,2018,20,2
C00501197,2242018.0,25,2018,24,2
C00501197,2262018.0,50,2018,26,2
C00501197,2282018.0,63,2018,28,2
C00501197,2172018.0,25,2018,17,2
C00501197,2242018.0,20,2018,24,2
C00501197,2182018.0,25,2018,18,2
C00501197,2212018.0,25,2018,21,2
C00501197,2282018.0,25,2018,28,2
C00501197,2232018.0,250,2018,23,2
C00501197,2202018.0,1700,2018,20,2
C00501197,2202018.0,1000,2018,20,2
C00501197,2182018.0,25,2018,18,2
C00501197,2212018.0,250,2018,21,2
C00501197,2262018.0,500,2018,26,2
C00501197,2272018.0,88,2018,27,2
C00501197,2202018.0,25,2018,20,2
C00501197,2222018.0,250,2018,22,2
C00501197,2282018.0,250,2018,28,2
C00501197,2172018.0,25,2018,17,2
C00501197,2282018.0,100,2018,28,2
C00501197,2282018.0,25,2018,28,2
C00501197,2222018.0,250,2018,22,2
C00501197,2252018.0,39,2018,25,2
C00501197,2252018.0,500,2018,25,2
C00501197,2232018.0,25,2018,23,2
C00501197,2232018.0,25,2018,23,2
C00501197,2172018.0,1000,2018,17,2
C00501197,2202018.0,50,2018,20,2
C00501197,2282018.0,25,2018,28,2
C00501197,2172018.0,200,2018,17,2
C00501197,2152018.0,0,2018,15,2
C00501197,2202018.0,25,2018,20,2
C00501197,2282018.0,25,2018,28,2
C00501197,2162018.0,25,2018,16,2
C00501197,2282018.0,75,2018,28,2
C00501197,2282018.0,100,2018,28,2
C00501197,2202018.0,25,2018,20,2
C00501197,2282018.0,25,2018,28,2
C00501197,2172018.0,10,2018,17,2
C00501197,2272018.0,10,2018,27,2
C00501197,2262018.0,5,2018,26,2
C00501197,2222018.0,100,2018,22,2
C00501197,2262018.0,500,2018,26,2
C00501197,2152018.0,200,2018,15,2
C00501197,2242018.0,25,2018,24,2
C00501197,2152018.0,50,2018,15,2
C00501197,2282018.0,500,2018,28,2
C00501197,2232018.0,1000,2018,23,2
C00501197,2242018.0,1000,2018,24,2
C00501197,2212018.0,25,2018,21,2
C00501197,2232018.0,5,2018,23,2
C00501197,2272018.0,36,2018,27,2
C00501197,2282018.0,50,2018,28,2
C00501197,2172018.0,25,2018,17,2
C00501197,2242018.0,25,2018,24,2
C00501197,2222018.0,500,2018,22,2
C00501197,2272018.0,250,2018,27,2
C00501197,2162018.0,100,2018,16,2
C00501197,2282018.0,50,2018,28,2
C00501197,2202018.0,5,2018,20,2
C00501197,2272018.0,25,2018,27,2
C00501197,2282018.0,1,2018,28,2
C00501197,2282018.0,250,2018,28,2
C00501197,2162018.0,500,2018,16,2
C00501197,2282018.0,250,2018,28,2
C00501197,2272018.0,25,2018,27,2
C00501197,2272018.0,20,2018,27,2
C00501197,2282018.0,5,2018,28,2
C00501197,2282018.0,100,2018,28,2
C00501197,2262018.0,50,2018,26,2
C00501197,2222018.0,500,2018,22,2
C00501197,2162018.0,5,2018,16,2
C00501197,2212018.0,10,2018,21,2
C00501197,2232018.0,10,2018,23,2
C00501197,2232018.0,10,2018,23,2
C00501197,2162018.0,25,2018,16,2
C00501197,2202018.0,5,2018,20,2
C00501197,2282018.0,25,2018,28,2
C00501197,2282018.0,25,2018,28,2
C00501197,2262018.0,16,2018,26,2
C00501197,2262018.0,25,2018,26,2
C00501197,2272018.0,75,2018,27,2
C00501197,2252018.0,250,2018,25,2
C00501197,2222018.0,38,2018,22,2
C00501197,2192018.0,20,2018,19,2
C00501197,2262018.0,25,2018,26,2
C00501197,2232018.0,100,2018,23,2
C00501197,2202018.0,100,2018,20,2
C00501197,2242018.0,75,2018,24,2
C00501197,2222018.0,1000,2018,22,2
C00501197,2202018.0,33,2018,20,2
C00501197,2272018.0,25,2018,27,2
C00501197,2162018.0,250,2018,16,2
C00501197,2272018.0,25,2018,27,2
C00501197,2252018.0,25,2018,25,2
C00501197,2232018.0,100,2018,23,2
C00501197,2232018.0,82,2018,23,2
C00501197,2232018.0,50,2018,23,2
C00501197,2262018.0,50,2018,26,2
C00501197,2262018.0,500,2018,26,2
C00501197,2172018.0,50,2018,17,2
C00501197,2202018.0,25,2018,20,2
C00501197,2262018.0,100,2018,26,2
C00501197,2282018.0,71,2018,28,2
C00501197,2282018.0,35,2018,28,2
C00501197,2262018.0,25,2018,26,2
C00501197,2282018.0,15,2018,28,2
C00501197,2162018.0,25,2018,16,2
C00501197,2222018.0,25,2018,22,2
C00501197,2272018.0,25,2018,27,2
C00501197,2172018.0,100,2018,17,2
C00501197,2282018.0,25,2018,28,2
C00501197,2192018.0,25,2018,19,2
C00501197,2232018.0,10,2018,23,2
C00501197,2262018.0,100,2018,26,2
C00501197,2242018.0,10,2018,24,2
C00501197,2282018.0,25,2018,28,2
C00501197,2192018.0,100,2018,19,2
C00501197,2192018.0,20,2018,19,2
C00501197,2252018.0,2700,2018,25,2
C00501197,2282018.0,250,2018,28,2
C00501197,2262018.0,25,2018,26,2
C00501197,2162018.0,50,2018,16,2
C00501197,2182018.0,50,2018,18,2
C00501197,2272018.0,38,2018,27,2
C00501197,2212018.0,70,2018,21,2
C00501197,2282018.0,43,2018,28,2
C00501197,2222018.0,500,2018,22,2
C00501197,2272018.0,4,2018,27,2
C00501197,2212018.0,500,2018,21,2
C00501197,2252018.0,100,2018,25,2
C00501197,2282018.0,200,2018,28,2
C00501197,2282018.0,250,2018,28,2
C00501197,2152018.0,150,2018,15,2
C00501197,2152018.0,50,2018,15,2
C00501197,2202018.0,250,2018,20,2
C00501197,2172018.0,300,2018,17,2
C00501197,2232018.0,25,2018,23,2
C00501197,2202018.0,25,2018,20,2
C00501197,2272018.0,75,2018,27,2
C00501197,2282018.0,100,2018,28,2
C00501197,2152018.0,100,2018,15,2
C00501197,2232018.0,100,2018,23,2
C00501197,2182018.0,250,2018,18,2
C00501197,2182018.0,5,2018,18,2
C00501197,2272018.0,25,2018,27,2
C00501197,2282018.0,50,2018,28,2
C00501197,2242018.0,25,2018,24,2
C00501197,2182018.0,100,2018,18,2
C00501197,2172018.0,5,2018,17,2
C00501197,2222018.0,100,2018,22,2
C00501197,2282018.0,25,2018,28,2
C00501197,2202018.0,200,2018,20,2
C00501197,2242018.0,25,2018,24,2
C00501197,2282018.0,50,2018,28,2
C00501197,2282018.0,25,2018,28,2
C00501197,2272018.0,100,2018,27,2
C00501197,2242018.0,100,2018,24,2
C00501197,2272018.0,2700,2018,27,2
C00501197,2212018.0,25,2018,21,2
C00501197,2282018.0,25,2018,28,2
C00501197,2232018.0,10,2018,23,2
C00501197,2272018.0,500,2018,27,2
C00501197,2252018.0,75,2018,25,2
C00501197,2162018.0,100,2018,16,2
C00501197,2212018.0,1000,2018,21,2
C00501197,2282018.0,100,2018,28,2
C00501197,2282018.0,25,2018,28,2
C00501197,2152018.0,25,2018,15,2
C00501197,2172018.0,25,2018,17,2
C00501197,2252018.0,100,2018,25,2
C00501197,2242018.0,25,2018,24,2
C00501197,2282018.0,50,2018,28,2
C00501197,2202018.0,500,2018,20,2
C00501197,2262018.0,250,2018,26,2
C00501197,2262018.0,250,2018,26,2
C00501197,2242018.0,500,2018,24,2
C00501197,2262018.0,250,2018,26,2
C00501197,2232018.0,1000,2018,23,2
C00501197,2282018.0,250,2018,28,2
C00501197,2182018.0,50,2018,18,2
C00501197,2172018.0,25,2018,17,2
C00501197,2242018.0,500,2018,24,2
C00501197,2232018.0,100,2018,23,2
C00501197,2282018.0,2700,2018,28,2
C00501197,2282018.0,25,2018,28,2
C00501197,2232018.0,500,2018,23,2
C00501197,2282018.0,25,2018,28,2
C00501197,2222018.0,25,2018,22,2
C00501197,2202018.0,25,2018,20,2
C00501197,2252018.0,88,2018,25,2
C00501197,2252018.0,1000,2018,25,2
C00501197,2172018.0,50,2018,17,2
C00501197,2282018.0,50,2018,28,2
C00501197,2162018.0,500,2018,16,2
C00501197,2282018.0,250,2018,28,2
C00501197,2192018.0,5,2018,19,2
C00501197,2172018.0,25,2018,17,2
C00501197,2272018.0,25,2018,27,2
C00501197,2272018.0,100,2018,27,2
C00501197,2282018.0,100,2018,28,2
C00501197,2282018.0,500,2018,28,2
C00501197,2152018.0,500,2018,15,2
C00501197,2262018.0,25,2018,26,2
C00501197,2282018.0,35,2018,28,2
C00501197,2192018.0,25,2018,19,2
C00501197,2242018.0,100,2018,24,2
C00501197,2282018.0,500,2018,28,2
C00501197,2222018.0,250,2018,22,2
C00501197,2202018.0,25,2018,20,2
C00501197,2272018.0,100,2018,27,2
C00501197,2272018.0,100,2018,27,2
C00501197,2252018.0,100,2018,25,2
C00501197,2252018.0,25,2018,25,2
C00501197,2272018.0,50,2018,27,2
C00501197,2172018.0,25,2018,17,2
C00501197,2222018.0,25,2018,22,2
C00501197,2022018.0,0,2018,02,2
C00501197,2212018.0,2000,2018,21,2
C00501197,2212018.0,25,2018,21,2
C00501197,2252018.0,100,2018,25,2
C00501197,2282018.0,25,2018,28,2
C00501197,2242018.0,1000,2018,24,2
C00501197,2282018.0,25,2018,28,2
C00501197,2242018.0,250,2018,24,2
C00501197,2172018.0,25,2018,17,2
C00501197,2172018.0,25,2018,17,2
C00501197,2162018.0,75,2018,16,2
C00501197,2162018.0,500,2018,16,2
C00501197,2202018.0,500,2018,20,2
C00501197,2272018.0,500,2018,27,2
C00501197,2282018.0,500,2018,28,2
C00501197,2232018.0,100,2018,23,2
C00501197,2272018.0,25,2018,27,2
C00501197,2282018.0,100,2018,28,2
C00501197,2232018.0,25,2018,23,2
C00501197,2212018.0,16,2018,21,2
C00501197,2272018.0,25,2018,27,2
C00501197,2162018.0,25,2018,16,2
C00501197,2192018.0,5,2018,19,2
C00501197,2272018.0,25,2018,27,2
C00501197,2182018.0,25,2018,18,2
C00501197,2252018.0,25,2018,25,2
C00501197,2162018.0,25,2018,16,2
C00501197,2232018.0,25,2018,23,2
C00501197,2272018.0,50,2018,27,2
C00501197,2262018.0,250,2018,26,2
C00501197,2272018.0,100,2018,27,2
C00501197,2262018.0,60,2018,26,2
C00501197,2242018.0,50,2018,24,2
C00501197,2182018.0,25,2018,18,2
C00501197,2282018.0,250,2018,28,2
C00501197,2222018.0,250,2018,22,2
C00501197,2242018.0,250,2018,24,2
C00501197,2272018.0,100,2018,27,2
C00501197,2282018.0,25,2018,28,2
C00501197,2252018.0,250,2018,25,2
C00501197,2282018.0,5,2018,28,2
C00501197,2282018.0,10,2018,28,2
C00501197,2282018.0,3,2018,28,2
C00501197,2282018.0,250,2018,28,2
C00501197,2242018.0,100,2018,24,2
C00501197,2242018.0,57,2018,24,2
C00501197,2282018.0,25,2018,28,2
C00501197,2192018.0,25,2018,19,2
C00501197,2272018.0,25,2018,27,2
C00501197,2272018.0,1000,2018,27,2
C00501197,2272018.0,25,2018,27,2
C00501197,2172018.0,250,2018,17,2
C00501197,2272018.0,100,2018,27,2
C00501197,2162018.0,250,2018,16,2
C00501197,2172018.0,25,2018,17,2
C00501197,2252018.0,1500,2018,25,2
C00501197,2152018.0,250,2018,15,2
C00501197,2192018.0,2650,2018,19,2
C00501197,2282018.0,50,2018,28,2
C00501197,2282018.0,88,2018,28,2
C00501197,2252018.0,25,2018,25,2
C00501197,2182018.0,53,2018,18,2
C00501197,2162018.0,100,2018,16,2
C00501197,2222018.0,25,2018,22,2
C00501197,2242018.0,5,2018,24,2
C00501197,2222018.0,1000,2018,22,2
C00501197,2262018.0,250,2018,26,2
C00501197,2242018.0,50,2018,24,2
C00501197,2282018.0,100,2018,28,2
C00501197,2162018.0,25,2018,16,2
C00501197,2272018.0,38,2018,27,2
C00501197,2152018.0,50,2018,15,2
C00501197,2272018.0,100,2018,27,2
C00501197,2242018.0,100,2018,24,2
C00501197,2242018.0,100,2018,24,2
C00501197,2242018.0,100,2018,24,2
C00501197,2242018.0,100,2018,24,2
C00501197,2242018.0,100,2018,24,2
C00501197,2212018.0,5,2018,21,2
C00501197,2282018.0,25,2018,28,2
C00501197,2242018.0,25,2018,24,2
C00501197,2282018.0,25,2018,28,2
C00501197,2202018.0,1100,2018,20,2
C00501197,2282018.0,100,2018,28,2
C00501197,2282018.0,25,2018,28,2
C00501197,2232018.0,250,2018,23,2
C00501197,2282018.0,313,2018,28,2
C00501197,2232018.0,125,2018,23,2
C00501197,2242018.0,53,2018,24,2
C00501197,2242018.0,53,2018,24,2
C00501197,2242018.0,100,2018,24,2
C00501197,2232018.0,700,2018,23,2
C00501197,2232018.0,300,2018,23,2
C00501197,2282018.0,1000,2018,28,2
C00501197,2282018.0,100,2018,28,2
C00501197,2282018.0,50,2018,28,2
C00501197,2162018.0,25,2018,16,2
C00501197,2282018.0,50,2018,28,2
C00501197,2242018.0,100,2018,24,2
C00501197,2272018.0,100,2018,27,2
C00501197,2182018.0,124,2018,18,2
C00501197,2242018.0,25,2018,24,2
C00501197,2152018.0,25,2018,15,2
C00501197,2282018.0,50,2018,28,2
C00501197,2262018.0,25,2018,26,2
C00501197,2232018.0,15,2018,23,2
C00501197,2232018.0,20,2018,23,2
C00501197,2252018.0,100,2018,25,2
C00501197,2262018.0,250,2018,26,2
C00501197,2262018.0,50,2018,26,2
C00501197,2282018.0,150,2018,28,2
C00501197,2242018.0,100,2018,24,2
C00501197,2162018.0,5,2018,16,2
C00501197,2182018.0,25,2018,18,2
C00501197,2252018.0,63,2018,25,2
C00501197,2262018.0,25,2018,26,2
C00501197,2232018.0,250,2018,23,2
C00501197,2202018.0,250,2018,20,2
C00501197,2282018.0,100,2018,28,2
C00501197,2202018.0,100,2018,20,2
C00501197,2222018.0,350,2018,22,2
C00501197,2152018.0,220,2018,15,2
C00501197,2282018.0,25,2018,28,2
C00501197,2202018.0,15,2018,20,2
C00501197,2162018.0,1000,2018,16,2
C00501197,2262018.0,12,2018,26,2
C00501197,2262018.0,25,2018,26,2
C00501197,2242018.0,36,2018,24,2
C00501197,2262018.0,250,2018,26,2
C00501197,2202018.0,25,2018,20,2
C00501197,2212018.0,1000,2018,21,2
C00501197,2272018.0,250,2018,27,2
C00501197,2282018.0,40,2018,28,2
C00501197,2242018.0,100,2018,24,2
C00501197,2202018.0,2700,2018,20,2
C00501197,2232018.0,1000,2018,23,2
C00501197,2192018.0,10,2018,19,2
C00501197,2242018.0,10,2018,24,2
C00501197,2282018.0,25,2018,28,2
C00501197,2152018.0,2700,2018,15,2
C00501197,2282018.0,250,2018,28,2
C00501197,2022018.0,0,2018,02,2
C00501197,2252018.0,250,2018,25,2
C00501197,2282018.0,25,2018,28,2
C00501197,2262018.0,25,2018,26,2
C00501197,2262018.0,25,2018,26,2
C00501197,2262018.0,25,2018,26,2
C00501197,2262018.0,1000,2018,26,2
C00501197,2192018.0,42,2018,19,2
C00501197,2282018.0,100,2018,28,2
C00501197,2252018.0,75,2018,25,2
C00501197,2202018.0,100,2018,20,2
C00501197,2172018.0,25,2018,17,2
C00501197,2272018.0,250,2018,27,2
C00501197,2242018.0,50,2018,24,2
C00501197,2272018.0,2700,2018,27,2
C00501197,2282018.0,50,2018,28,2
C00501197,2282018.0,25,2018,28,2
C00501197,2202018.0,100,2018,20,2
C00501197,2282018.0,100,2018,28,2
C00501197,2202018.0,250,2018,20,2
C00501197,2262018.0,25,2018,26,2
C00501197,2282018.0,25,2018,28,2
C00501197,2232018.0,25,2018,23,2
C00501197,2162018.0,25,2018,16,2
C00501197,2222018.0,16,2018,22,2
C00501197,2282018.0,50,2018,28,2
C00501197,2252018.0,25,2018,25,2
C00501197,2242018.0,100,2018,24,2
C00501197,2202018.0,25,2018,20,2
C00501197,2232018.0,25,2018,23,2
C00501197,2282018.0,25,2018,28,2
C00501197,2222018.0,25,2018,22,2
C00501197,2282018.0,25,2018,28,2
C00501197,2152018.0,400,2018,15,2
C00501197,2272018.0,125,2018,27,2
C00501197,2242018.0,25,2018,24,2
C00501197,2272018.0,100,2018,27,2
C00501197,2202018.0,1000,2018,20,2
C00501197,2242018.0,250,2018,24,2
C00501197,2282018.0,100,2018,28,2
C00501197,2282018.0,100,2018,28,2
C00501197,2212018.0,5,2018,21,2
C00501197,2282018.0,5,2018,28,2
C00501197,2192018.0,100,2018,19,2
C00501197,2262018.0,25,2018,26,2
C00501197,2262018.0,25,2018,26,2
C00501197,2272018.0,25,2018,27,2
C00501197,2222018.0,250,2018,22,2
C00501197,2162018.0,5,2018,16,2
C00501197,2282018.0,10,2018,28,2
C00501197,2212018.0,1000,2018,21,2
C00501197,2272018.0,125,2018,27,2
C00501197,2222018.0,250,2018,22,2
C00501197,2232018.0,250,2018,23,2
C00501197,2252018.0,50,2018,25,2
C00501197,2172018.0,100,2018,17,2
C00501197,2272018.0,100,2018,27,2
C00501197,2212018.0,2400,2018,21,2
C00501197,2282018.0,25,2018,28,2
C00501197,2232018.0,500,2018,23,2
C00501197,2192018.0,500,2018,19,2
C00501197,2172018.0,5,2018,17,2
C00501197,2242018.0,5,2018,24,2
C00501197,2282018.0,25,2018,28,2
C00501197,2222018.0,75,2018,22,2
C00501197,2282018.0,100,2018,28,2
C00501197,2162018.0,3,2018,16,2
C00501197,2232018.0,200,2018,23,2
C00501197,2242018.0,4,2018,24,2
C00501197,2282018.0,100,2018,28,2
C00501197,2232018.0,250,2018,23,2
C00501197,2282018.0,75,2018,28,2
C00501197,2272018.0,25,2018,27,2
C00501197,2242018.0,10,2018,24,2
C00501197,2282018.0,15,2018,28,2
C00501197,2162018.0,2000,2018,16,2
C00501197,2162018.0,25,2018,16,2
C00501197,2162018.0,25,2018,16,2
C00501197,2152018.0,50,2018,15,2
C00501197,2222018.0,5,2018,22,2
C00501197,2252018.0,50,2018,25,2
C00501197,2252018.0,100,2018,25,2
C00501197,2172018.0,20,2018,17,2
C00501197,2212018.0,1000,2018,21,2
C00501197,2152018.0,250,2018,15,2
C00501197,2192018.0,100,2018,19,2
C00501197,2172018.0,250,2018,17,2
C00501197,2242018.0,25,2018,24,2
C00501197,2272018.0,25,2018,27,2
C00501197,2282018.0,250,2018,28,2
C00501197,2232018.0,100,2018,23,2
C00501197,2272018.0,35,2018,27,2
C00501197,2202018.0,250,2018,20,2
C00501197,2232018.0,500,2018,23,2
C00501197,2192018.0,500,2018,19,2
C00501197,2232018.0,100,2018,23,2
C00501197,2252018.0,250,2018,25,2
C00501197,2232018.0,38,2018,23,2
C00501197,2262018.0,2,2018,26,2
C00501197,2242018.0,25,2018,24,2
C00501197,2282018.0,50,2018,28,2
C00501197,2162018.0,1000,2018,16,2
C00501197,2192018.0,25,2018,19,2
C00501197,2282018.0,10,2018,28,2
C00501197,2242018.0,100,2018,24,2
C00501197,2242018.0,100,2018,24,2
C00501197,2162018.0,25,2018,16,2
C00501197,2282018.0,25,2018,28,2
C00501197,2272018.0,100,2018,27,2
C00501197,2212018.0,25,2018,21,2
C00501197,2282018.0,10,2018,28,2
C00501197,2282018.0,10,2018,28,2
C00501197,2232018.0,25,2018,23,2
C00501197,2222018.0,500,2018,22,2
C00501197,2282018.0,15,2018,28,2
C00501197,2242018.0,100,2018,24,2
C00501197,2162018.0,500,2018,16,2
C00501197,2202018.0,200,2018,20,2
C00501197,2282018.0,5,2018,28,2
C00501197,2152018.0,500,2018,15,2
C00501197,2282018.0,57,2018,28,2
C00501197,2272018.0,250,2018,27,2
C00501197,2252018.0,25,2018,25,2
C00501197,2202018.0,100,2018,20,2
C00501197,2232018.0,100,2018,23,2
C00501197,2262018.0,1000,2018,26,2
C00501197,2202018.0,250,2018,20,2
C00501197,2262018.0,1000,2018,26,2
C00501197,2282018.0,200,2018,28,2
C00501197,2202018.0,250,2018,20,2
C00501197,2202018.0,31,2018,20,2
C00501197,2262018.0,25,2018,26,2
C00501197,2282018.0,30,2018,28,2
C00501197,2152018.0,25,2018,15,2
C00501197,2282018.0,100,2018,28,2
C00501197,2262018.0,33,2018,26,2
C00501197,2152018.0,1000,2018,15,2
C00501197,2162018.0,20,2018,16,2
C00501197,2262018.0,20,2018,26,2
C00501197,2152018.0,45,2018,15,2
C00501197,2262018.0,159,2018,26,2
C00501197,2282018.0,25,2018,28,2
C00501197,2172018.0,5,2018,17,2
C00501197,2282018.0,25,2018,28,2
C00501197,2222018.0,20,2018,22,2
C00501197,2162018.0,25,2018,16,2
C00501197,2172018.0,25,2018,17,2
C00501197,2212018.0,500,2018,21,2
C00501197,2282018.0,30,2018,28,2
C00501197,2262018.0,250,2018,26,2
C00501197,2282018.0,50,2018,28,2
C00501197,2182018.0,12,2018,18,2
C00501197,2172018.0,5,2018,17,2
C00501197,2202018.0,27,2018,20,2
C00501197,2232018.0,27,2018,23,2
C00501197,2242018.0,5,2018,24,2
C00501197,2272018.0,27,2018,27,2
C00501197,2202018.0,25,2018,20,2
C00501197,2282018.0,25,2018,28,2
C00501197,2232018.0,45,2018,23,2
C00501197,2262018.0,42,2018,26,2
C00501197,2282018.0,100,2018,28,2
C00501197,2282018.0,15,2018,28,2
C00501197,2192018.0,250,2018,19,2
C00501197,2272018.0,50,2018,27,2
C00501197,2172018.0,100,2018,17,2
C00501197,2242018.0,250,2018,24,2
C00501197,2282018.0,250,2018,28,2
C00501197,2182018.0,25,2018,18,2
C00501197,2192018.0,42,2018,19,2
C00501197,2252018.0,50,2018,25,2
C00501197,2162018.0,250,2018,16,2
C00501197,2172018.0,5,2018,17,2
C00501197,2232018.0,113,2018,23,2
C00501197,2242018.0,5,2018,24,2
C00501197,2232018.0,65,2018,23,2
C00501197,2252018.0,25,2018,25,2
C00501197,2282018.0,25,2018,28,2
C00501197,2202018.0,25,2018,20,2
C00501197,2262018.0,100,2018,26,2
C00501197,2172018.0,500,2018,17,2
C00501197,2222018.0,250,2018,22,2
C00501197,2222018.0,250,2018,22,2
C00501197,2282018.0,200,2018,28,2
C00501197,2162018.0,25,2018,16,2
C00501197,2222018.0,20,2018,22,2
C00501197,2272018.0,25,2018,27,2
C00501197,2282018.0,20,2018,28,2
C00501197,2272018.0,100,2018,27,2
C00501197,2162018.0,25,2018,16,2
C00501197,2282018.0,25,2018,28,2
C00501197,2192018.0,50,2018,19,2
C00501197,2192018.0,50,2018,19,2
C00501197,2272018.0,2,2018,27,2
C00501197,2282018.0,100,2018,28,2
C00501197,2282018.0,100,2018,28,2
C00501197,2252018.0,1000,2018,25,2
C00501197,2242018.0,25,2018,24,2
C00501197,2242018.0,10,2018,24,2
C00501197,2282018.0,27,2018,28,2
C00501197,2212018.0,25,2018,21,2
C00501197,2232018.0,25,2018,23,2
C00501197,2282018.0,38,2018,28,2
C00501197,2232018.0,500,2018,23,2
C00501197,2272018.0,500,2018,27,2
C00501197,2222018.0,25,2018,22,2
C00501197,2252018.0,100,2018,25,2
C00501197,2282018.0,50,2018,28,2
C00501197,2232018.0,50,2018,23,2
C00501197,2182018.0,5,2018,18,2
C00501197,2212018.0,250,2018,21,2
C00501197,2162018.0,25,2018,16,2
C00501197,2242018.0,100,2018,24,2
C00501197,2232018.0,25,2018,23,2
C00501197,2282018.0,100,2018,28,2
C00501197,2192018.0,25,2018,19,2
C00501197,2152018.0,250,2018,15,2
C00501197,2252018.0,5,2018,25,2
C00501197,2282018.0,500,2018,28,2
C00501197,2182018.0,50,2018,18,2
C00501197,2212018.0,250,2018,21,2
C00501197,2202018.0,25,2018,20,2
C00501197,2282018.0,25,2018,28,2
C00501197,2272018.0,250,2018,27,2
C00501197,2282018.0,100,2018,28,2
C00501197,2242018.0,50,2018,24,2
C00501197,2162018.0,28,2018,16,2
C00501197,2162018.0,100,2018,16,2
C00501197,2282018.0,25,2018,28,2
C00501197,2282018.0,25,2018,28,2
C00501197,2282018.0,500,2018,28,2
C00501197,2232018.0,250,2018,23,2
C00501197,2282018.0,250,2018,28,2
C00501197,2192018.0,5,2018,19,2
C00501197,2202018.0,38,2018,20,2
C00501197,2252018.0,5,2018,25,2
C00501197,2172018.0,7,2018,17,2
C00501197,2242018.0,7,2018,24,2
C00501197,2282018.0,25,2018,28,2
C00501197,2282018.0,0,2018,28,2
C00501197,2282018.0,500,2018,28,2
C00501197,2242018.0,100,2018,24,2
C00501197,2222018.0,2700,2018,22,2
C00501197,2202018.0,250,2018,20,2
C00501197,2202018.0,25,2018,20,2
C00501197,2252018.0,1000,2018,25,2
C00501197,2242018.0,25,2018,24,2
C00501197,2202018.0,1000,2018,20,2
C00501197,2242018.0,25,2018,24,2
C00501197,2212018.0,100,2018,21,2
C00501197,2152018.0,250,2018,15,2
C00501197,2252018.0,1000,2018,25,2
C00501197,2252018.0,250,2018,25,2
C00501197,2232018.0,500,2018,23,2
C00501197,2182018.0,25,2018,18,2
C00501197,2272018.0,38,2018,27,2
C00501197,2172018.0,250,2018,17,2
C00501197,2172018.0,250,2018,17,2
C00501197,2212018.0,250,2018,21,2
C00501197,2262018.0,450,2018,26,2
C00501197,2222018.0,5,2018,22,2
C00501197,2282018.0,75,2018,28,2
C00501197,2242018.0,250,2018,24,2
C00501197,2212018.0,250,2018,21,2
C00501197,2232018.0,25,2018,23,2
C00501197,2242018.0,50,2018,24,2
C00501197,2232018.0,200,2018,23,2
C00501197,2282018.0,20,2018,28,2
C00501197,2222018.0,1000,2018,22,2
C00501197,2262018.0,250,2018,26,2
C00501197,2272018.0,25,2018,27,2
C00501197,2272018.0,100,2018,27,2
C00501197,2212018.0,25,2018,21,2
C00501197,2232018.0,100,2018,23,2
C00501197,2232018.0,250,2018,23,2
C00501197,2282018.0,100,2018,28,2
C00501197,2282018.0,100,2018,28,2
C00501197,2192018.0,1000,2018,19,2
C00501197,2172018.0,64,2018,17,2
C00501197,2282018.0,250,2018,28,2
C00501197,2192018.0,500,2018,19,2
C00501197,2192018.0,500,2018,19,2
C00501197,2282018.0,25,2018,28,2
C00501197,2192018.0,25,2018,19,2
C00501197,2282018.0,25,2018,28,2
C00501197,2212018.0,1000,2018,21,2
C00501197,2242018.0,250,2018,24,2
C00501197,2282018.0,100,2018,28,2
C00501197,2212018.0,25,2018,21,2
C00501197,2282018.0,25,2018,28,2
C00501197,2202018.0,1000,2018,20,2
C00501197,2232018.0,100,2018,23,2
C00501197,2162018.0,30,2018,16,2
C00501197,2242018.0,500,2018,24,2
C00501197,2232018.0,38,2018,23,2
C00501197,2232018.0,38,2018,23,2
C00501197,2232018.0,250,2018,23,2
C00501197,2182018.0,250,2018,18,2
C00501197,2202018.0,500,2018,20,2
C00501197,2242018.0,100,2018,24,2
C00501197,2242018.0,100,2018,24,2
C00501197,2242018.0,100,2018,24,2
C00501197,2252018.0,25,2018,25,2
C00501197,2272018.0,100,2018,27,2
C00501197,2162018.0,100,2018,16,2
C00501197,2242018.0,100,2018,24,2
C00501197,2162018.0,2400,2018,16,2
C00501197,2232018.0,250,2018,23,2
C00501197,2282018.0,20,2018,28,2
C00501197,2282018.0,250,2018,28,2
C00501197,2282018.0,200,2018,28,2
C00501197,2192018.0,100,2018,19,2
C00501197,2262018.0,20,2018,26,2
C00501197,2162018.0,1650,2018,16,2
C00501197,2202018.0,25,2018,20,2
C00501197,2242018.0,25,2018,24,2
C00501197,2282018.0,50,2018,28,2
C00501197,2242018.0,100,2018,24,2
C00501197,2172018.0,250,2018,17,2
C00501197,2272018.0,100,2018,27,2
C00501197,2282018.0,25,2018,28,2
C00501197,2282018.0,500,2018,28,2
C00501197,2172018.0,100,2018,17,2
C00501197,2262018.0,250,2018,26,2
C00501197,2172018.0,100,2018,17,2
C00501197,2282018.0,100,2018,28,2
C00501197,2282018.0,250,2018,28,2
C00501197,2272018.0,225,2018,27,2
C00501197,2262018.0,500,2018,26,2
C00501197,2272018.0,50,2018,27,2
C00501197,2232018.0,100,2018,23,2
C00501197,2162018.0,100,2018,16,2
C00501197,2152018.0,45,2018,15,2
C00501197,2232018.0,25,2018,23,2
C00501197,2242018.0,25,2018,24,2
C00501197,2282018.0,25,2018,28,2
C00501197,2202018.0,250,2018,20,2
C00501197,2192018.0,500,2018,19,2
C00501197,2262018.0,100,2018,26,2
C00501197,2282018.0,100,2018,28,2
C00501197,2272018.0,100,2018,27,2
C00501197,2282018.0,25,2018,28,2
C00501197,2152018.0,1000,2018,15,2
C00501197,2282018.0,38,2018,28,2
C00501197,2182018.0,25,2018,18,2
C00501197,2182018.0,96,2018,18,2
C00501197,2232018.0,250,2018,23,2
C00501197,2192018.0,50,2018,19,2
C00501197,2242018.0,250,2018,24,2
C00501197,2272018.0,50,2018,27,2
C00501197,2252018.0,50,2018,25,2
C00501197,2282018.0,25,2018,28,2
C00501197,2282018.0,5,2018,28,2
C00501197,2202018.0,500,2018,20,2
C00501197,2262018.0,1000,2018,26,2
C00501197,2282018.0,150,2018,28,2
C00501197,2202018.0,25,2018,20,2
C00501197,2242018.0,250,2018,24,2
C00501197,2282018.0,5,2018,28,2
C00501197,2182018.0,100,2018,18,2
C00501197,2282018.0,25,2018,28,2
C00501197,2272018.0,5,2018,27,2
C00501197,2272018.0,250,2018,27,2
C00501197,2152018.0,250,2018,15,2
C00501197,2282018.0,5,2018,28,2
C00501197,2232018.0,100,2018,23,2
C00501197,2262018.0,100,2018,26,2
C00501197,2262018.0,40,2018,26,2
C00501197,2272018.0,100,2018,27,2
C00501197,2262018.0,50,2018,26,2
C00501197,2162018.0,106,2018,16,2
C00501197,2162018.0,32,2018,16,2
C00501197,2272018.0,250,2018,27,2
C00501197,2202018.0,15,2018,20,2
C00501197,2192018.0,1700,2018,19,2
C00501197,2182018.0,5,2018,18,2
C00501197,2282018.0,25,2018,28,2
C00501197,2252018.0,5,2018,25,2
C00501197,2182018.0,25,2018,18,2
C00501197,2162018.0,300,2018,16,2
C00501197,2232018.0,100,2018,23,2
C00501197,2162018.0,5,2018,16,2
C00501197,2232018.0,25,2018,23,2
C00501197,2232018.0,250,2018,23,2
C00501197,2282018.0,10,2018,28,2
C00501197,2232018.0,100,2018,23,2
C00501197,2232018.0,5,2018,23,2
C00501197,2162018.0,50,2018,16,2
C00501197,2262018.0,50,2018,26,2
C00501197,2282018.0,100,2018,28,2
C00501197,2232018.0,100,2018,23,2
C00501197,2202018.0,25,2018,20,2
C00501197,2272018.0,25,2018,27,2
C00501197,2192018.0,200,2018,19,2
C00501197,2282018.0,50,2018,28,2
C00501197,2232018.0,25,2018,23,2
C00501197,2152018.0,250,2018,15,2
C00501197,2202018.0,500,2018,20,2
C00501197,2262018.0,25,2018,26,2
C00501197,2232018.0,250,2018,23,2
C00501197,2182018.0,100,2018,18,2
C00501197,2162018.0,100,2018,16,2
C00501197,2242018.0,250,2018,24,2
C00501197,2192018.0,2700,2018,19,2
C00501197,2262018.0,250,2018,26,2
C00501197,2232018.0,100,2018,23,2
C00501197,2262018.0,250,2018,26,2
C00501197,2152018.0,1000,2018,15,2
C00501197,2162018.0,25,2018,16,2
C00501197,2272018.0,25,2018,27,2
C00501197,2282018.0,420,2018,28,2
C00501197,2172018.0,25,2018,17,2
C00501197,2192018.0,250,2018,19,2
C00501197,2222018.0,250,2018,22,2
C00501197,2172018.0,25,2018,17,2
C00501197,2272018.0,105,2018,27,2
C00501197,2262018.0,25,2018,26,2
C00501197,2282018.0,25,2018,28,2
C00501197,2242018.0,25,2018,24,2
C00501197,2162018.0,250,2018,16,2
C00501197,2212018.0,500,2018,21,2
C00501197,2282018.0,25,2018,28,2
C00501197,2272018.0,55,2018,27,2
C00501197,2222018.0,25,2018,22,2
C00501197,2282018.0,25,2018,28,2
C00501197,2282018.0,25,2018,28,2
C00501197,2242018.0,20,2018,24,2
C00501197,2272018.0,75,2018,27,2
C00501197,2272018.0,250,2018,27,2
C00501197,2272018.0,100,2018,27,2
C00501197,2242018.0,2700,2018,24,2
C00501197,2232018.0,250,2018,23,2
C00501197,2232018.0,150,2018,23,2
C00501197,2262018.0,25,2018,26,2
C00501197,2282018.0,25,2018,28,2
C00501197,2282018.0,25,2018,28,2
C00501197,2282018.0,25,2018,28,2
C00501197,2282018.0,25,2018,28,2
C00501197,2262018.0,7,2018,26,2
C00501197,2282018.0,25,2018,28,2
C00501197,2282018.0,100,2018,28,2
C00501197,2182018.0,250,2018,18,2
C00501197,2282018.0,25,2018,28,2
C00501197,2252018.0,500,2018,25,2
C00501197,2162018.0,25,2018,16,2
C00501197,2232018.0,25,2018,23,2
C00501197,2202018.0,200,2018,20,2
C00501197,2222018.0,500,2018,22,2
C00501197,2242018.0,250,2018,24,2
C00501197,2192018.0,2700,2018,19,2
C00501197,2282018.0,100,2018,28,2
C00501197,2232018.0,100,2018,23,2
C00501197,2232018.0,100,2018,23,2
C00501197,2282018.0,1,2018,28,2
C00501197,2232018.0,150,2018,23,2
C00501197,2282018.0,75,2018,28,2
C00501197,2262018.0,50,2018,26,2
C00501197,2222018.0,25,2018,22,2
C00501197,2282018.0,25,2018,28,2
C00501197,2262018.0,50,2018,26,2
C00501197,2242018.0,250,2018,24,2
C00501197,2222018.0,20,2018,22,2
C00501197,2282018.0,250,2018,28,2
C00501197,2282018.0,500,2018,28,2
C00501197,2252018.0,2700,2018,25,2
C00501197,2192018.0,100,2018,19,2
C00501197,2282018.0,100,2018,28,2
C00501197,2282018.0,25,2018,28,2
C00501197,2192018.0,25,2018,19,2
C00501197,2282018.0,25,2018,28,2
C00501197,2272018.0,500,2018,27,2
C00501197,2282018.0,20,2018,28,2
C00501197,2282018.0,25,2018,28,2
C00501197,2202018.0,10,2018,20,2
C00501197,2262018.0,100,2018,26,2
C00501197,2282018.0,25,2018,28,2
C00501197,2182018.0,25,2018,18,2
C00501197,2212018.0,1000,2018,21,2
C00501197,2262018.0,56,2018,26,2
C00501197,2272018.0,250,2018,27,2
C00501197,2162018.0,50,2018,16,2
C00501197,2192018.0,12,2018,19,2
C00501197,2262018.0,12,2018,26,2
C00501197,2282018.0,1000,2018,28,2
C00501197,2232018.0,250,2018,23,2
C00501197,2222018.0,250,2018,22,2
C00501197,2282018.0,5,2018,28,2
C00501197,2272018.0,250,2018,27,2
C00501197,2282018.0,100,2018,28,2
C00501197,2282018.0,25,2018,28,2
C00501197,2282018.0,5,2018,28,2
C00501197,2232018.0,100,2018,23,2
C00501197,2202018.0,10,2018,20,2
C00501197,2202018.0,10,2018,20,2
C00501197,2152018.0,-16,2018,15,2
C00501197,2282018.0,500,2018,28,2
C00501197,2282018.0,500,2018,28,2
C00501197,2242018.0,50,2018,24,2
C00501197,2162018.0,250,2018,16,2
C00501197,2252018.0,43,2018,25,2
C00501197,2232018.0,250,2018,23,2
C00501197,2242018.0,100,2018,24,2
C00501197,2272018.0,25,2018,27,2
C00501197,2242018.0,5,2018,24,2
C00501197,2172018.0,5,2018,17,2
C00501197,2182018.0,5,2018,18,2
C00501197,2282018.0,25,2018,28,2
C00501197,2262018.0,250,2018,26,2
C00501197,2162018.0,28,2018,16,2
C00501197,2242018.0,20,2018,24,2
C00501197,2282018.0,100,2018,28,2
C00501197,2272018.0,250,2018,27,2
C00501197,2152018.0,250,2018,15,2
C00501197,2202018.0,500,2018,20,2
C00501197,2182018.0,100,2018,18,2
C00501197,2282018.0,100,2018,28,2
C00501197,2172018.0,250,2018,17,2
C00501197,2222018.0,50,2018,22,2
C00501197,2282018.0,50,2018,28,2
C00501197,2282018.0,1000,2018,28,2
C00501197,2212018.0,50,2018,21,2
C00501197,2172018.0,50,2018,17,2
C00501197,2272018.0,500,2018,27,2
C00501197,2282018.0,5,2018,28,2
C00501197,2252018.0,65,2018,25,2
C00501197,2162018.0,25,2018,16,2
C00501197,2242018.0,75,2018,24,2
C00501197,2262018.0,28,2018,26,2
C00501197,2162018.0,2700,2018,16,2
C00501197,2162018.0,700,2018,16,2
C00501197,2152018.0,-100,2018,15,2
C00501197,2242018.0,250,2018,24,2
C00501197,2242018.0,100,2018,24,2
C00501197,2252018.0,50,2018,25,2
C00501197,2252018.0,15,2018,25,2
C00501197,2282018.0,250,2018,28,2
C00501197,2262018.0,25,2018,26,2
C00501197,2282018.0,25,2018,28,2
C00501197,2282018.0,25,2018,28,2
C00501197,2282018.0,50,2018,28,2
C00501197,2282018.0,50,2018,28,2
C00501197,2162018.0,1000,2018,16,2
C00501197,2222018.0,500,2018,22,2
C00501197,2282018.0,25,2018,28,2
C00501197,2232018.0,25,2018,23,2
C00501197,2202018.0,2,2018,20,2
C00501197,2272018.0,100,2018,27,2
C00501197,2242018.0,125,2018,24,2
C00501197,2162018.0,500,2018,16,2
C00501197,2212018.0,250,2018,21,2
C00501197,2272018.0,500,2018,27,2
C00501197,2162018.0,100,2018,16,2
C00501197,2282018.0,100,2018,28,2
C00501197,2262018.0,15,2018,26,2
C00501197,2212018.0,1000,2018,21,2
C00501197,2282018.0,25,2018,28,2
C00501197,2262018.0,25,2018,26,2
C00501197,2282018.0,25,2018,28,2
C00501197,2222018.0,27,2018,22,2
C00501197,2282018.0,100,2018,28,2
C00501197,2252018.0,25,2018,25,2
C00501197,2272018.0,25,2018,27,2
C00501197,2202018.0,100,2018,20,2
C00501197,2232018.0,50,2018,23,2
C00501197,2202018.0,100,2018,20,2
C00501197,2272018.0,100,2018,27,2
C00476317,2162018.0,25,2018,16,2
C00476317,2022018.0,1000,2018,02,2
C00207993,2202018.0,500,2018,20,2
C00207993,2202018.0,10,2018,20,2
C00207993,2202018.0,10,2018,20,2
C00207993,2202018.0,2700,2018,20,2
C00207993,2212018.0,2500,2018,21,2
C00570994,2122018.0,500,2018,12,2
C00570994,2092018.0,250,2018,09,2
C00570994,2192018.0,500,2018,19,2
C00570994,2222018.0,250,2018,22,2
C00570994,2262018.0,1000,2018,26,2
C00570994,2112018.0,1000,2018,11,2
C00570994,2272018.0,500,2018,27,2
C00570994,2212018.0,500,2018,21,2
C00570994,2162018.0,1000,2018,16,2
C00570994,2192018.0,500,2018,19,2
C00570994,2212018.0,2700,2018,21,2
C00570994,2272018.0,2700,2018,27,2
C00314575,2242018.0,1000,2018,24,2
C00314575,2172018.0,300,2018,17,2
C00314575,2122018.0,1000,2018,12,2
C00314575,2252018.0,250,2018,25,2
C00314575,2122018.0,500,2018,12,2
C00314575,2232018.0,250,2018,23,2
C00314575,2252018.0,2700,2018,25,2
C00314575,2072018.0,500,2018,07,2
C00314575,2122018.0,50,2018,12,2
C00314575,2152018.0,2700,2018,15,2
C00314575,2152018.0,2700,2018,15,2
C00314575,2152018.0,2700,2018,15,2
C00314575,2152018.0,2700,2018,15,2
C00314575,2222018.0,250,2018,22,2
C00500843,2152018.0,199,2018,15,2
C00500843,2052018.0,35,2018,05,2
C00500843,2232018.0,250,2018,23,2
C00500843,2162018.0,30,2018,16,2
C00500843,2052018.0,100,2018,05,2
C00500843,2072018.0,25,2018,07,2
C00500843,2102018.0,25,2018,10,2
C00500843,2092018.0,25,2018,09,2
C00500843,2052018.0,10,2018,05,2
C00500843,2162018.0,10,2018,16,2
C00500843,2222018.0,5,2018,22,2
C00500843,2042018.0,20,2018,04,2
C00500843,2082018.0,25,2018,08,2
C00500843,2202018.0,35,2018,20,2
C00500843,2142018.0,10,2018,14,2
C00500843,2052018.0,8,2018,05,2
C00500843,2272018.0,3,2018,27,2
C00500843,2282018.0,8,2018,28,2
C00500843,2092018.0,50,2018,09,2
C00500843,2142018.0,25,2018,14,2
C00500843,2272018.0,10,2018,27,2
C00500843,2092018.0,50,2018,09,2
C00500843,2212018.0,15,2018,21,2
C00500843,2232018.0,50,2018,23,2
C00500843,2052018.0,50,2018,05,2
C00500843,2132018.0,10,2018,13,2
C00500843,2122018.0,100,2018,12,2
C00500843,2202018.0,50,2018,20,2
C00500843,2062018.0,35,2018,06,2
C00500843,2202018.0,50,2018,20,2
C00500843,2072018.0,25,2018,07,2
C00500843,2162018.0,25,2018,16,2
C00500843,2262018.0,100,2018,26,2
C00500843,2072018.0,50,2018,07,2
C00500843,2162018.0,50,2018,16,2
C00500843,2282018.0,10,2018,28,2
C00500843,2232018.0,25,2018,23,2
C00500843,2282018.0,10,2018,28,2
C00500843,2082018.0,50,2018,08,2
C00500843,2242018.0,25,2018,24,2
C00500843,2222018.0,10,2018,22,2
C00500843,2202018.0,50,2018,20,2
C00500843,2052018.0,250,2018,05,2
C00500843,2222018.0,25,2018,22,2
C00500843,2192018.0,10,2018,19,2
C00500843,2272018.0,10,2018,27,2
C00500843,2042018.0,10,2018,04,2
C00500843,2262018.0,25,2018,26,2
C00500843,2132018.0,25,2018,13,2
C00500843,2092018.0,50,2018,09,2
C00500843,2152018.0,2,2018,15,2
C00500843,2282018.0,10,2018,28,2
C00500843,2222018.0,25,2018,22,2
C00500843,2232018.0,27,2018,23,2
C00500843,2232018.0,10,2018,23,2
C00500843,2202018.0,20,2018,20,2
C00500843,2102018.0,5,2018,10,2
C00500843,2012018.0,10,2018,01,2
C00500843,2072018.0,25,2018,07,2
C00500843,2282018.0,10,2018,28,2
C00500843,2122018.0,10,2018,12,2
C00500843,2232018.0,25,2018,23,2
C00500843,2062018.0,25,2018,06,2
C00500843,2162018.0,100,2018,16,2
C00500843,2202018.0,500,2018,20,2
C00500843,2012018.0,50,2018,01,2
C00500843,2072018.0,5,2018,07,2
C00500843,2092018.0,5,2018,09,2
C00500843,2012018.0,10,2018,01,2
C00500843,2282018.0,50,2018,28,2
C00500843,2062018.0,10,2018,06,2
C00500843,2052018.0,35,2018,05,2
C00500843,2202018.0,35,2018,20,2
C00500843,2232018.0,50,2018,23,2
C00500843,2152018.0,1000,2018,15,2
C00500843,2162018.0,100,2018,16,2
C00500843,2262018.0,100,2018,26,2
C00500843,2072018.0,10,2018,07,2
C00500843,2132018.0,10,2018,13,2
C00500843,2222018.0,50,2018,22,2
C00500843,2052018.0,250,2018,05,2
C00500843,2052018.0,25,2018,05,2
C00500843,2262018.0,35,2018,26,2
C00500843,2212018.0,25,2018,21,2
C00500843,2092018.0,10,2018,09,2
C00500843,2282018.0,10,2018,28,2
C00500843,2222018.0,10,2018,22,2
C00500843,2152018.0,250,2018,15,2
C00500843,2152018.0,100,2018,15,2
C00500843,2272018.0,50,2018,27,2
C00500843,2212018.0,50,2018,21,2
C00500843,2222018.0,5,2018,22,2
C00500843,2282018.0,50,2018,28,2
C00500843,2142018.0,10,2018,14,2
C00500843,2182018.0,250,2018,18,2
C00500843,2202018.0,20,2018,20,2
C00500843,2262018.0,35,2018,26,2
C00500843,2202018.0,200,2018,20,2
C00500843,2072018.0,5,2018,07,2
C00500843,2232018.0,15,2018,23,2
C00500843,2282018.0,10,2018,28,2
C00500843,2272018.0,25,2018,27,2
C00500843,2272018.0,50,2018,27,2
C00500843,2072018.0,10,2018,07,2
C00500843,2122018.0,35,2018,12,2
C00500843,2282018.0,27,2018,28,2
C00500843,2222018.0,5,2018,22,2
C00500843,2022018.0,25,2018,02,2
C00500843,2102018.0,10,2018,10,2
C00500843,2052018.0,50,2018,05,2
C00500843,2282018.0,50,2018,28,2
C00500843,2222018.0,18,2018,22,2
C00500843,2262018.0,18,2018,26,2
C00500843,2152018.0,35,2018,15,2
C00500843,2072018.0,5,2018,07,2
C00500843,2222018.0,50,2018,22,2
C00500843,2282018.0,10,2018,28,2
C00500843,2262018.0,50,2018,26,2
C00500843,2072018.0,5,2018,07,2
C00500843,2072018.0,25,2018,07,2
C00500843,2072018.0,12,2018,07,2
C00500843,2272018.0,25,2018,27,2
C00500843,2282018.0,45,2018,28,2
C00500843,2132018.0,10,2018,13,2
C00500843,2282018.0,50,2018,28,2
C00500843,2072018.0,25,2018,07,2
C00500843,2222018.0,50,2018,22,2
C00500843,2282018.0,20,2018,28,2
C00500843,2282018.0,50,2018,28,2
C00500843,2162018.0,100,2018,16,2
C00500843,2222018.0,10,2018,22,2
C00500843,2222018.0,25,2018,22,2
C00500843,2262018.0,75,2018,26,2
C00500843,2282018.0,25,2018,28,2
C00500843,2152018.0,100,2018,15,2
C00500843,2022018.0,25,2018,02,2
C00500843,2282018.0,50,2018,28,2
C00500843,2282018.0,50,2018,28,2
C00500843,2202018.0,35,2018,20,2
C00500843,2212018.0,250,2018,21,2
C00500843,2202018.0,50,2018,20,2
C00500843,2282018.0,50,2018,28,2
C00500843,2152018.0,75,2018,15,2
C00500843,2022018.0,35,2018,02,2
C00500843,2282018.0,10,2018,28,2
C00500843,2162018.0,35,2018,16,2
C00500843,2232018.0,100,2018,23,2
C00500843,2282018.0,25,2018,28,2
C00500843,2062018.0,50,2018,06,2
C00500843,2242018.0,10,2018,24,2
C00500843,2132018.0,100,2018,13,2
C00500843,2242018.0,50,2018,24,2
C00500843,2222018.0,50,2018,22,2
C00500843,2122018.0,50,2018,12,2
C00500843,2052018.0,35,2018,05,2
C00500843,2202018.0,35,2018,20,2
C00500843,2232018.0,25,2018,23,2
C00500843,2082018.0,100,2018,08,2
C00500843,2092018.0,25,2018,09,2
C00500843,2152018.0,35,2018,15,2
C00500843,2092018.0,100,2018,09,2
C00500843,2082018.0,50,2018,08,2
C00500843,2142018.0,100,2018,14,2
C00500843,2162018.0,25,2018,16,2
C00500843,2232018.0,25,2018,23,2
C00500843,2222018.0,25,2018,22,2
C00500843,2102018.0,25,2018,10,2
C00500843,2202018.0,10,2018,20,2
C00500843,2282018.0,5,2018,28,2
C00500843,2152018.0,50,2018,15,2
C00500843,2022018.0,20,2018,02,2
C00500843,2282018.0,25,2018,28,2
C00500843,2272018.0,50,2018,27,2
C00500843,2122018.0,100,2018,12,2
C00500843,2222018.0,25,2018,22,2
C00500843,2222018.0,15,2018,22,2
C00500843,2272018.0,15,2018,27,2
C00500843,2022018.0,50,2018,02,2
C00500843,2082018.0,25,2018,08,2
C00500843,2142018.0,27,2018,14,2
C00500843,2282018.0,12,2018,28,2
C00500843,2102018.0,25,2018,10,2
C00500843,2222018.0,100,2018,22,2
C00500843,2282018.0,25,2018,28,2
C00500843,2152018.0,35,2018,15,2
C00500843,2012018.0,25,2018,01,2
C00500843,2062018.0,100,2018,06,2
C00500843,2172018.0,25,2018,17,2
C00500843,2222018.0,10,2018,22,2
C00500843,2222018.0,5,2018,22,2
C00500843,2142018.0,50,2018,14,2
C00500843,2142018.0,50,2018,14,2
C00500843,2202018.0,35,2018,20,2
C00500843,2042018.0,10,2018,04,2
C00500843,2122018.0,3,2018,12,2
C00500843,2162018.0,10,2018,16,2
C00500843,2152018.0,100,2018,15,2
C00500843,2202018.0,50,2018,20,2
C00500843,2282018.0,5,2018,28,2
C00500843,2082018.0,5,2018,08,2
C00500843,2262018.0,10,2018,26,2
C00500843,2222018.0,5,2018,22,2
C00500843,2262018.0,10,2018,26,2
C00500843,2092018.0,10,2018,09,2
C00500843,2222018.0,10,2018,22,2
C00500843,2132018.0,5,2018,13,2
C00500843,2152018.0,5,2018,15,2
C00500843,2172018.0,5,2018,17,2
C00500843,2282018.0,5,2018,28,2
C00500843,2272018.0,25,2018,27,2
C00500843,2222018.0,10,2018,22,2
C00500843,2282018.0,25,2018,28,2
C00500843,2282018.0,25,2018,28,2
C00500843,2282018.0,17,2018,28,2
C00500843,2132018.0,15,2018,13,2
C00500843,2202018.0,50,2018,20,2
C00500843,2282018.0,100,2018,28,2
C00500843,2152018.0,10,2018,15,2
C00500843,2252018.0,25,2018,25,2
C00500843,2202018.0,50,2018,20,2
C00500843,2152018.0,35,2018,15,2
C00500843,2222018.0,10,2018,22,2
C00500843,2092018.0,10,2018,09,2
C00500843,2222018.0,25,2018,22,2
C00500843,2272018.0,25,2018,27,2
C00500843,2272018.0,45,2018,27,2
C00500843,2232018.0,50,2018,23,2
C00500843,2222018.0,10,2018,22,2
C00500843,2202018.0,50,2018,20,2
C00500843,2092018.0,5,2018,09,2
C00500843,2132018.0,25,2018,13,2
C00500843,2252018.0,25,2018,25,2
C00500843,2012018.0,50,2018,01,2
C00500843,2082018.0,25,2018,08,2
C00500843,2282018.0,10,2018,28,2
C00500843,2132018.0,25,2018,13,2
C00500843,2222018.0,10,2018,22,2
C00500843,2272018.0,20,2018,27,2
C00500843,2282018.0,50,2018,28,2
C00500843,2232018.0,25,2018,23,2
C00500843,2222018.0,10,2018,22,2
C00500843,2122018.0,35,2018,12,2
C00500843,2232018.0,45,2018,23,2
C00500843,2282018.0,10,2018,28,2
C00500843,2282018.0,25,2018,28,2
C00500843,2132018.0,25,2018,13,2
C00500843,2272018.0,10,2018,27,2
C00500843,2052018.0,100,2018,05,2
C00500843,2012018.0,10,2018,01,2
C00500843,2282018.0,25,2018,28,2
C00500843,2112018.0,10,2018,11,2
C00500843,2102018.0,25,2018,10,2
C00500843,2062018.0,25,2018,06,2
C00500843,2012018.0,50,2018,01,2
C00500843,2262018.0,50,2018,26,2
C00500843,2202018.0,50,2018,20,2
C00500843,2152018.0,25,2018,15,2
C00500843,2232018.0,100,2018,23,2
C00500843,2072018.0,50,2018,07,2
C00500843,2072018.0,25,2018,07,2
C00500843,2282018.0,50,2018,28,2
C00500843,2262018.0,35,2018,26,2
C00500843,2082018.0,25,2018,08,2
C00500843,2232018.0,14,2018,23,2
C00500843,2092018.0,10,2018,09,2
C00500843,2202018.0,20,2018,20,2
C00500843,2272018.0,50,2018,27,2
C00500843,2082018.0,3,2018,08,2
C00500843,2132018.0,3,2018,13,2
C00500843,2142018.0,1,2018,14,2
C00500843,2222018.0,3,2018,22,2
C00500843,2012018.0,250,2018,01,2
C00500843,2282018.0,5,2018,28,2
C00500843,2132018.0,10,2018,13,2
C00500843,2072018.0,10,2018,07,2
C00500843,2092018.0,15,2018,09,2
C00500843,2092018.0,50,2018,09,2
C00500843,2142018.0,10,2018,14,2
C00500843,2152018.0,500,2018,15,2
C00500843,2202018.0,35,2018,20,2
C00500843,2162018.0,35,2018,16,2
C00500843,2072018.0,25,2018,07,2
C00500843,2062018.0,100,2018,06,2
C00500843,2092018.0,5,2018,09,2
C00500843,2052018.0,100,2018,05,2
C00500843,2262018.0,50,2018,26,2
C00500843,2152018.0,50,2018,15,2
C00500843,2212018.0,25,2018,21,2
C00500843,2172018.0,5,2018,17,2
C00500843,2232018.0,10,2018,23,2
C00500843,2072018.0,50,2018,07,2
C00500843,2122018.0,50,2018,12,2
C00500843,2012018.0,35,2018,01,2
C00500843,2162018.0,10,2018,16,2
C00500843,2022018.0,7,2018,02,2
C00500843,2282018.0,30,2018,28,2
C00500843,2272018.0,100,2018,27,2
C00500843,2242018.0,10,2018,24,2
C00500843,2082018.0,5,2018,08,2
C00500843,2202018.0,20,2018,20,2
C00500843,2252018.0,10,2018,25,2
C00500843,2022018.0,10,2018,02,2
C00500843,2202018.0,5,2018,20,2
C00500843,2202018.0,50,2018,20,2
C00500843,2022018.0,25,2018,02,2
C00500843,2222018.0,25,2018,22,2
C00500843,2232018.0,10,2018,23,2
C00500843,2272018.0,25,2018,27,2
C00500843,2122018.0,250,2018,12,2
C00500843,2212018.0,10,2018,21,2
C00500843,2012018.0,10,2018,01,2
C00500843,2232018.0,100,2018,23,2
C00500843,2282018.0,7,2018,28,2
C00500843,2222018.0,25,2018,22,2
C00500843,2272018.0,10,2018,27,2
C00500843,2212018.0,10,2018,21,2
C00500843,2072018.0,5,2018,07,2
C00500843,2232018.0,45,2018,23,2
C00500843,2262018.0,45,2018,26,2
C00500843,2272018.0,45,2018,27,2
C00500843,2282018.0,500,2018,28,2
C00500843,2172018.0,10,2018,17,2
C00500843,2092018.0,25,2018,09,2
C00500843,2092018.0,10,2018,09,2
C00500843,2262018.0,50,2018,26,2
C00500843,2162018.0,50,2018,16,2
C00500843,2032018.0,10,2018,03,2
C00500843,2072018.0,2,2018,07,2
C00500843,2142018.0,5,2018,14,2
C00500843,2162018.0,100,2018,16,2
C00500843,2242018.0,50,2018,24,2
C00500843,2222018.0,100,2018,22,2
C00500843,2152018.0,100,2018,15,2
C00500843,2062018.0,500,2018,06,2
C00500843,2282018.0,25,2018,28,2
C00500843,2212018.0,10,2018,21,2
C00500843,2202018.0,50,2018,20,2
C00500843,2082018.0,15,2018,08,2
C00500843,2062018.0,35,2018,06,2
C00500843,2152018.0,100,2018,15,2
C00500843,2122018.0,50,2018,12,2
C00500843,2162018.0,30,2018,16,2
C00500843,2272018.0,50,2018,27,2
C00500843,2172018.0,25,2018,17,2
C00500843,2282018.0,25,2018,28,2
C00500843,2162018.0,500,2018,16,2
C00500843,2062018.0,10,2018,06,2
C00500843,2232018.0,50,2018,23,2
C00500843,2052018.0,100,2018,05,2
C00500843,2022018.0,5,2018,02,2
C00500843,2132018.0,10,2018,13,2
C00500843,2282018.0,10,2018,28,2
C00500843,2262018.0,200,2018,26,2
C00500843,2162018.0,15,2018,16,2
C00500843,2072018.0,100,2018,07,2
C00500843,2272018.0,50,2018,27,2
C00500843,2022018.0,8,2018,02,2
C00500843,2262018.0,45,2018,26,2
C00500843,2222018.0,10,2018,22,2
C00500843,2272018.0,20,2018,27,2
C00500843,2122018.0,50,2018,12,2
C00500843,2172018.0,50,2018,17,2
C00500843,2202018.0,35,2018,20,2
C00500843,2222018.0,10,2018,22,2
C00500843,2012018.0,10,2018,01,2
C00500843,2282018.0,25,2018,28,2
C00500843,2092018.0,50,2018,09,2
C00500843,2132018.0,20,2018,13,2
C00500843,2212018.0,10,2018,21,2
C00500843,2282018.0,20,2018,28,2
C00500843,2242018.0,25,2018,24,2
C00500843,2262018.0,250,2018,26,2
C00500843,2162018.0,35,2018,16,2
C00500843,2282018.0,25,2018,28,2
C00500843,2272018.0,5,2018,27,2
C00500843,2122018.0,18,2018,12,2
C00500843,2162018.0,50,2018,16,2
C00500843,2272018.0,25,2018,27,2
C00500843,2162018.0,100,2018,16,2
C00500843,2082018.0,3,2018,08,2
C00500843,2202018.0,10,2018,20,2
C00500843,2272018.0,10,2018,27,2
C00500843,2282018.0,2,2018,28,2
C00500843,2262018.0,35,2018,26,2
C00500843,2202018.0,10,2018,20,2
C00500843,2232018.0,250,2018,23,2
C00500843,2112018.0,10,2018,11,2
C00500843,2232018.0,10,2018,23,2
C00500843,2132018.0,100,2018,13,2
C00500843,2282018.0,10,2018,28,2
C00500843,2262018.0,5,2018,26,2
C00500843,2062018.0,50,2018,06,2
C00500843,2072018.0,20,2018,07,2
C00500843,2202018.0,10,2018,20,2
C00500843,2282018.0,50,2018,28,2
C00500843,2132018.0,100,2018,13,2
C00500843,2162018.0,5,2018,16,2
C00500843,2202018.0,5,2018,20,2
C00500843,2132018.0,50,2018,13,2
C00500843,2062018.0,25,2018,06,2
C00500843,2012018.0,50,2018,01,2
C00500843,2112018.0,25,2018,11,2
C00500843,2062018.0,10,2018,06,2
C00500843,2142018.0,25,2018,14,2
C00500843,2272018.0,10,2018,27,2
C00500843,2132018.0,50,2018,13,2
C00500843,2272018.0,18,2018,27,2
C00500843,2022018.0,50,2018,02,2
C00500843,2172018.0,25,2018,17,2
C00500843,2012018.0,100,2018,01,2
C00500843,2072018.0,25,2018,07,2
C00500843,2122018.0,200,2018,12,2
C00500843,2202018.0,100,2018,20,2
C00500843,2032018.0,50,2018,03,2
C00500843,2282018.0,10,2018,28,2
C00500843,2082018.0,25,2018,08,2
C00500843,2142018.0,100,2018,14,2
C00500843,2282018.0,12,2018,28,2
C00500843,2022018.0,50,2018,02,2
C00500843,2092018.0,250,2018,09,2
C00500843,2162018.0,25,2018,16,2
C00500843,2222018.0,10,2018,22,2
C00500843,2282018.0,5,2018,28,2
C00500843,2282018.0,17,2018,28,2
C00500843,2072018.0,5,2018,07,2
C00500843,2072018.0,12,2018,07,2
C00500843,2142018.0,25,2018,14,2
C00500843,2162018.0,25,2018,16,2
C00500843,2072018.0,25,2018,07,2
C00500843,2182018.0,15,2018,18,2
C00500843,2282018.0,12,2018,28,2
C00500843,2072018.0,10,2018,07,2
C00500843,2182018.0,30,2018,18,2
C00500843,2082018.0,250,2018,08,2
C00500843,2272018.0,15,2018,27,2
C00500843,2082018.0,100,2018,08,2
C00500843,2282018.0,50,2018,28,2
C00500843,2072018.0,15,2018,07,2
C00500843,2072018.0,10,2018,07,2
C00500843,2132018.0,100,2018,13,2
C00500843,2142018.0,30,2018,14,2
C00500843,2062018.0,5,2018,06,2
C00500843,2222018.0,5,2018,22,2
C00500843,2272018.0,8,2018,27,2
C00500843,2152018.0,50,2018,15,2
C00500843,2152018.0,50,2018,15,2
C00500843,2072018.0,8,2018,07,2
C00500843,2132018.0,10,2018,13,2
C00500843,2222018.0,100,2018,22,2
C00500843,2242018.0,50,2018,24,2
C00500843,2272018.0,5,2018,27,2
C00500843,2272018.0,10,2018,27,2
C00500843,2282018.0,100,2018,28,2
C00500843,2212018.0,50,2018,21,2
C00500843,2152018.0,20,2018,15,2
C00500843,2162018.0,10,2018,16,2
C00500843,2072018.0,5,2018,07,2
C00500843,2232018.0,25,2018,23,2
C00500843,2282018.0,100,2018,28,2
C00500843,2022018.0,35,2018,02,2
C00500843,2162018.0,100,2018,16,2
C00500843,2162018.0,100,2018,16,2
C00500843,2162018.0,50,2018,16,2
C00500843,2072018.0,1,2018,07,2
C00500843,2222018.0,5,2018,22,2
C00500843,2222018.0,50,2018,22,2
C00500843,2212018.0,25,2018,21,2
C00500843,2272018.0,50,2018,27,2
C00500843,2052018.0,50,2018,05,2
C00500843,2222018.0,100,2018,22,2
C00500843,2262018.0,50,2018,26,2
C00500843,2012018.0,35,2018,01,2
C00500843,2232018.0,25,2018,23,2
C00500843,2282018.0,20,2018,28,2
C00500843,2062018.0,10,2018,06,2
C00500843,2152018.0,100,2018,15,2
C00500843,2202018.0,25,2018,20,2
C00500843,2142018.0,10,2018,14,2
C00500843,2202018.0,100,2018,20,2
C00500843,2202018.0,50,2018,20,2
C00500843,2232018.0,200,2018,23,2
C00500843,2222018.0,50,2018,22,2
C00500843,2242018.0,25,2018,24,2
C00500843,2012018.0,10,2018,01,2
C00500843,2262018.0,45,2018,26,2
C00500843,2072018.0,3,2018,07,2
C00500843,2272018.0,7,2018,27,2
C00500843,2232018.0,100,2018,23,2
C00500843,2262018.0,75,2018,26,2
C00500843,2152018.0,30,2018,15,2
C00500843,2232018.0,25,2018,23,2
C00500843,2122018.0,50,2018,12,2
C00500843,2282018.0,50,2018,28,2
C00500843,2282018.0,25,2018,28,2
C00500843,2232018.0,50,2018,23,2
C00500843,2222018.0,5,2018,22,2
C00500843,2272018.0,100,2018,27,2
C00500843,2092018.0,5,2018,09,2
C00500843,2092018.0,10,2018,09,2
C00500843,2282018.0,50,2018,28,2
C00500843,2232018.0,100,2018,23,2
C00500843,2232018.0,5,2018,23,2
C00500843,2152018.0,50,2018,15,2
C00500843,2122018.0,50,2018,12,2
C00500843,2202018.0,50,2018,20,2
C00500843,2202018.0,50,2018,20,2
C00500843,2232018.0,35,2018,23,2
C00500843,2282018.0,10,2018,28,2
C00500843,2062018.0,10,2018,06,2
C00500843,2272018.0,10,2018,27,2
C00500843,2102018.0,10,2018,10,2
C00500843,2162018.0,5,2018,16,2
C00500843,2222018.0,5,2018,22,2
C00500843,2222018.0,25,2018,22,2
C00500843,2252018.0,25,2018,25,2
C00500843,2202018.0,10,2018,20,2
C00500843,2152018.0,50,2018,15,2
C00500843,2272018.0,45,2018,27,2
C00500843,2022018.0,36,2018,02,2
C00500843,2092018.0,25,2018,09,2
C00500843,2082018.0,200,2018,08,2
C00500843,2262018.0,50,2018,26,2
C00500843,2142018.0,50,2018,14,2
C00500843,2272018.0,5,2018,27,2
C00500843,2052018.0,50,2018,05,2
C00500843,2272018.0,100,2018,27,2
C00500843,2282018.0,50,2018,28,2
C00500843,2172018.0,25,2018,17,2
C00500843,2282018.0,10,2018,28,2
C00500843,2282018.0,10,2018,28,2
C00500843,2022018.0,5,2018,02,2
C00500843,2162018.0,25,2018,16,2
C00500843,2272018.0,25,2018,27,2
C00500843,2022018.0,100,2018,02,2
C00500843,2222018.0,25,2018,22,2
C00500843,2062018.0,20,2018,06,2
C00500843,2282018.0,25,2018,28,2
C00500843,2162018.0,20,2018,16,2
C00500843,2282018.0,25,2018,28,2
C00500843,2092018.0,25,2018,09,2
C00500843,2172018.0,10,2018,17,2
C00500843,2212018.0,18,2018,21,2
C00500843,2062018.0,10,2018,06,2
C00500843,2152018.0,50,2018,15,2
C00500843,2232018.0,5,2018,23,2
C00500843,2062018.0,5,2018,06,2
C00500843,2072018.0,1,2018,07,2
C00500843,2102018.0,5,2018,10,2
C00500843,2212018.0,5,2018,21,2
C00500843,2232018.0,250,2018,23,2
C00500843,2092018.0,10,2018,09,2
C00500843,2132018.0,50,2018,13,2
C00500843,2172018.0,10,2018,17,2
C00500843,2082018.0,35,2018,08,2
C00500843,2252018.0,100,2018,25,2
C00500843,2242018.0,15,2018,24,2
C00500843,2202018.0,200,2018,20,2
C00500843,2232018.0,25,2018,23,2
C00500843,2212018.0,50,2018,21,2
C00500843,2212018.0,35,2018,21,2
C00500843,2162018.0,50,2018,16,2
C00500843,2102018.0,20,2018,10,2
C00500843,2122018.0,50,2018,12,2
C00500843,2222018.0,10,2018,22,2
C00500843,2282018.0,10,2018,28,2
C00500843,2052018.0,25,2018,05,2
C00500843,2122018.0,200,2018,12,2
C00500843,2022018.0,100,2018,02,2
C00500843,2242018.0,20,2018,24,2
C00500843,2272018.0,50,2018,27,2
C00500843,2212018.0,35,2018,21,2
C00500843,2272018.0,25,2018,27,2
C00500843,2172018.0,10,2018,17,2
C00500843,2132018.0,25,2018,13,2
C00500843,2092018.0,35,2018,09,2
C00500843,2132018.0,10,2018,13,2
C00500843,2222018.0,25,2018,22,2
C00500843,2272018.0,25,2018,27,2
C00500843,2012018.0,5,2018,01,2
C00500843,2122018.0,25,2018,12,2
C00500843,2102018.0,50,2018,10,2
C00500843,2282018.0,45,2018,28,2
C00500843,2262018.0,50,2018,26,2
C00500843,2202018.0,10,2018,20,2
C00500843,2162018.0,50,2018,16,2
C00500843,2112018.0,25,2018,11,2
C00500843,2202018.0,50,2018,20,2
C00500843,2162018.0,25,2018,16,2
C00500843,2122018.0,20,2018,12,2
C00500843,2232018.0,50,2018,23,2
C00500843,2152018.0,50,2018,15,2
C00500843,2232018.0,10,2018,23,2
C00500843,2082018.0,250,2018,08,2
C00500843,2222018.0,5,2018,22,2
C00500843,2282018.0,5,2018,28,2
C00500843,2082018.0,25,2018,08,2
C00500843,2122018.0,20,2018,12,2
C00500843,2202018.0,100,2018,20,2
C00500843,2212018.0,35,2018,21,2
C00500843,2072018.0,25,2018,07,2
C00500843,2152018.0,50,2018,15,2
C00500843,2222018.0,5,2018,22,2
C00500843,2222018.0,25,2018,22,2
C00500843,2222018.0,5,2018,22,2
C00500843,2232018.0,10,2018,23,2
C00500843,2072018.0,20,2018,07,2
C00500843,2082018.0,25,2018,08,2
C00500843,2282018.0,5,2018,28,2
C00500843,2072018.0,1,2018,07,2
C00500843,2282018.0,10,2018,28,2
C00500843,2232018.0,101,2018,23,2
C00500843,2202018.0,50,2018,20,2
C00500843,2012018.0,50,2018,01,2
C00500843,2222018.0,5,2018,22,2
C00500843,2272018.0,100,2018,27,2
C00500843,2262018.0,50,2018,26,2
C00500843,2282018.0,18,2018,28,2
C00500843,2222018.0,10,2018,22,2
C00500843,2232018.0,45,2018,23,2
C00500843,2232018.0,5,2018,23,2
C00500843,2282018.0,5,2018,28,2
C00500843,2202018.0,100,2018,20,2
C00500843,2282018.0,5,2018,28,2
C00500843,2232018.0,50,2018,23,2
C00500843,2142018.0,17,2018,14,2
C00500843,2072018.0,25,2018,07,2
C00500843,2052018.0,25,2018,05,2
C00500843,2202018.0,250,2018,20,2
C00500843,2282018.0,50,2018,28,2
C00500843,2222018.0,100,2018,22,2
C00500843,2222018.0,50,2018,22,2
C00500843,2252018.0,25,2018,25,2
C00500843,2202018.0,200,2018,20,2
C00500843,2212018.0,5,2018,21,2
C00500843,2262018.0,100,2018,26,2
C00500843,2232018.0,5,2018,23,2
C00500843,2282018.0,25,2018,28,2
C00500843,2232018.0,25,2018,23,2
C00500843,2092018.0,50,2018,09,2
C00500843,2142018.0,100,2018,14,2
C00500843,2202018.0,250,2018,20,2
C00500843,2132018.0,25,2018,13,2
C00500843,2282018.0,25,2018,28,2
C00500843,2022018.0,35,2018,02,2
C00500843,2162018.0,25,2018,16,2
C00500843,2222018.0,10,2018,22,2
C00500843,2012018.0,25,2018,01,2
C00500843,2262018.0,100,2018,26,2
C00500843,2232018.0,25,2018,23,2
C00500843,2272018.0,50,2018,27,2
C00500843,2282018.0,12,2018,28,2
C00500843,2062018.0,10,2018,06,2
C00500843,2272018.0,125,2018,27,2
C00500843,2092018.0,25,2018,09,2
C00500843,2092018.0,25,2018,09,2
C00500843,2132018.0,25,2018,13,2
C00500843,2222018.0,25,2018,22,2
C00500843,2242018.0,25,2018,24,2
C00500843,2232018.0,10,2018,23,2
C00500843,2262018.0,5,2018,26,2
C00500843,2282018.0,5,2018,28,2
C00500843,2202018.0,100,2018,20,2
C00500843,2122018.0,100,2018,12,2
C00500843,2282018.0,50,2018,28,2
C00500843,2022018.0,25,2018,02,2
C00500843,2212018.0,10,2018,21,2
C00500843,2232018.0,10,2018,23,2
C00500843,2282018.0,100,2018,28,2
C00500843,2272018.0,45,2018,27,2
C00500843,2072018.0,25,2018,07,2
C00500843,2282018.0,45,2018,28,2
C00500843,2152018.0,100,2018,15,2
C00500843,2192018.0,2,2018,19,2
C00500843,2152018.0,35,2018,15,2
C00500843,2232018.0,40,2018,23,2
C00500843,2012018.0,10,2018,01,2
C00500843,2072018.0,5,2018,07,2
C00500843,2242018.0,10,2018,24,2
C00500843,2072018.0,10,2018,07,2
C00500843,2202018.0,50,2018,20,2
C00500843,2212018.0,100,2018,21,2
C00500843,2052018.0,50,2018,05,2
C00500843,2062018.0,10,2018,06,2
C00500843,2232018.0,25,2018,23,2
C00500843,2022018.0,200,2018,02,2
C00500843,2212018.0,5,2018,21,2
C00500843,2202018.0,50,2018,20,2
C00500843,2052018.0,35,2018,05,2
C00500843,2202018.0,35,2018,20,2
C00500843,2142018.0,50,2018,14,2
C00500843,2232018.0,10,2018,23,2
C00500843,2022018.0,25,2018,02,2
C00500843,2022018.0,50,2018,02,2
C00500843,2062018.0,25,2018,06,2
C00500843,2142018.0,8,2018,14,2
C00500843,2172018.0,25,2018,17,2
C00500843,2212018.0,20,2018,21,2
C00500843,2232018.0,10,2018,23,2
C00500843,2222018.0,25,2018,22,2
C00500843,2242018.0,10,2018,24,2
C00500843,2152018.0,35,2018,15,2
C00500843,2222018.0,25,2018,22,2
C00500843,2082018.0,5,2018,08,2
C00500843,2202018.0,12,2018,20,2
C00500843,2012018.0,100,2018,01,2
C00500843,2232018.0,100,2018,23,2
C00500843,2152018.0,100,2018,15,2
C00500843,2282018.0,25,2018,28,2
C00500843,2092018.0,100,2018,09,2
C00500843,2242018.0,25,2018,24,2
C00500843,2062018.0,5,2018,06,2
C00500843,2072018.0,25,2018,07,2
C00500843,2272018.0,25,2018,27,2
C00500843,2122018.0,20,2018,12,2
C00500843,2062018.0,50,2018,06,2
C00500843,2062018.0,25,2018,06,2
C00500843,2152018.0,25,2018,15,2
C00500843,2092018.0,25,2018,09,2
C00500843,2232018.0,45,2018,23,2
C00500843,2212018.0,25,2018,21,2
C00500843,2202018.0,100,2018,20,2
C00500843,2212018.0,100,2018,21,2
C00500843,2232018.0,50,2018,23,2
C00500843,2072018.0,25,2018,07,2
C00500843,2172018.0,20,2018,17,2
C00500843,2142018.0,35,2018,14,2
C00500843,2222018.0,10,2018,22,2
C00500843,2062018.0,12,2018,06,2
C00500843,2112018.0,25,2018,11,2
C00500843,2272018.0,10,2018,27,2
C00500843,2082018.0,5,2018,08,2
C00500843,2142018.0,10,2018,14,2
C00500843,2222018.0,100,2018,22,2
C00500843,2282018.0,5,2018,28,2
C00500843,2282018.0,7,2018,28,2
C00500843,2202018.0,100,2018,20,2
C00500843,2152018.0,35,2018,15,2
C00500843,2162018.0,50,2018,16,2
C00500843,2132018.0,100,2018,13,2
C00500843,2202018.0,50,2018,20,2
C00500843,2092018.0,12,2018,09,2
C00500843,2232018.0,20,2018,23,2
C00500843,2162018.0,50,2018,16,2
C00500843,2082018.0,10,2018,08,2
C00500843,2062018.0,50,2018,06,2
C00500843,2082018.0,10,2018,08,2
C00500843,2082018.0,25,2018,08,2
C00500843,2092018.0,5,2018,09,2
C00500843,2142018.0,100,2018,14,2
C00500843,2122018.0,50,2018,12,2
C00500843,2072018.0,10,2018,07,2
C00500843,2232018.0,10,2018,23,2
C00500843,2262018.0,200,2018,26,2
C00500843,2072018.0,10,2018,07,2
C00500843,2222018.0,15,2018,22,2
C00500843,2282018.0,15,2018,28,2
C00500843,2282018.0,10,2018,28,2
C00500843,2222018.0,10,2018,22,2
C00500843,2202018.0,50,2018,20,2
C00500843,2102018.0,10,2018,10,2
C00500843,2222018.0,5,2018,22,2
C00500843,2092018.0,25,2018,09,2
C00500843,2132018.0,10,2018,13,2
C00500843,2232018.0,5,2018,23,2
C00500843,2222018.0,10,2018,22,2
C00500843,2132018.0,100,2018,13,2
C00500843,2092018.0,10,2018,09,2
C00500843,2262018.0,50,2018,26,2
C00500843,2272018.0,50,2018,27,2
C00500843,2052018.0,100,2018,05,2
C00500843,2092018.0,110,2018,09,2
C00500843,2152018.0,25,2018,15,2
C00500843,2092018.0,100,2018,09,2
C00500843,2142018.0,25,2018,14,2
C00500843,2062018.0,10,2018,06,2
C00500843,2082018.0,5,2018,08,2
C00500843,2282018.0,5,2018,28,2
C00500843,2282018.0,5,2018,28,2
C00500843,2022018.0,1,2018,02,2
C00500843,2222018.0,10,2018,22,2
C00500843,2262018.0,25,2018,26,2
C00500843,2232018.0,25,2018,23,2
C00500843,2132018.0,25,2018,13,2
C00500843,2122018.0,10,2018,12,2
C00500843,2162018.0,500,2018,16,2
C00500843,2222018.0,5,2018,22,2
C00500843,2222018.0,25,2018,22,2
C00500843,2012018.0,50,2018,01,2
C00500843,2202018.0,50,2018,20,2
C00500843,2162018.0,25,2018,16,2
C00500843,2022018.0,100,2018,02,2
C00500843,2092018.0,100,2018,09,2
C00500843,2132018.0,100,2018,13,2
C00500843,2262018.0,45,2018,26,2
C00500843,2272018.0,25,2018,27,2
C00500843,2132018.0,100,2018,13,2
C00500843,2272018.0,45,2018,27,2
C00500843,2082018.0,7,2018,08,2
C00500843,2082018.0,12,2018,08,2
C00500843,2272018.0,7,2018,27,2
C00500843,2182018.0,125,2018,18,2
C00500843,2182018.0,50,2018,18,2
C00500843,2262018.0,50,2018,26,2
C00500843,2282018.0,50,2018,28,2
C00500843,2052018.0,50,2018,05,2
C00500843,2092018.0,50,2018,09,2
C00500843,2142018.0,14,2018,14,2
C00500843,2232018.0,23,2018,23,2
C00500843,2242018.0,51,2018,24,2
C00500843,2262018.0,13,2018,26,2
C00500843,2272018.0,27,2018,27,2
C00500843,2282018.0,50,2018,28,2
C00500843,2232018.0,5,2018,23,2
C00500843,2132018.0,50,2018,13,2
C00500843,2202018.0,50,2018,20,2
C00500843,2272018.0,50,2018,27,2
C00500843,2272018.0,50,2018,27,2
C00500843,2282018.0,50,2018,28,2
C00500843,2072018.0,12,2018,07,2
C00500843,2242018.0,100,2018,24,2
C00500843,2162018.0,25,2018,16,2
C00500843,2122018.0,18,2018,12,2
C00500843,2262018.0,18,2018,26,2
C00500843,2052018.0,250,2018,05,2
C00500843,2062018.0,10,2018,06,2
C00500843,2162018.0,2,2018,16,2
C00500843,2272018.0,25,2018,27,2
C00500843,2262018.0,45,2018,26,2
C00500843,2162018.0,50,2018,16,2
C00500843,2212018.0,100,2018,21,2
C00500843,2272018.0,500,2018,27,2
C00500843,2232018.0,100,2018,23,2
C00500843,2282018.0,25,2018,28,2
C00500843,2052018.0,20,2018,05,2
C00500843,2012018.0,25,2018,01,2
C00500843,2282018.0,50,2018,28,2
C00500843,2282018.0,10,2018,28,2
C00500843,2052018.0,25,2018,05,2
C00500843,2122018.0,100,2018,12,2
C00500843,2232018.0,10,2018,23,2
C00500843,2282018.0,20,2018,28,2
C00500843,2282018.0,50,2018,28,2
C00500843,2172018.0,10,2018,17,2
C00500843,2232018.0,50,2018,23,2
C00500843,2072018.0,10,2018,07,2
C00500843,2092018.0,10,2018,09,2
C00500843,2162018.0,50,2018,16,2
C00500843,2232018.0,100,2018,23,2
C00500843,2282018.0,45,2018,28,2
C00500843,2152018.0,5,2018,15,2
C00500843,2282018.0,5,2018,28,2
C00500843,2222018.0,100,2018,22,2
C00500843,2142018.0,100,2018,14,2
C00500843,2132018.0,10,2018,13,2
C00500843,2272018.0,7,2018,27,2
C00500843,2172018.0,10,2018,17,2
C00500843,2282018.0,17,2018,28,2
C00500843,2282018.0,10,2018,28,2
C00500843,2062018.0,27,2018,06,2
C00500843,2072018.0,50,2018,07,2
C00500843,2282018.0,100,2018,28,2
C00500843,2062018.0,10,2018,06,2
C00500843,2072018.0,25,2018,07,2
C00500843,2122018.0,10,2018,12,2
C00500843,2212018.0,10,2018,21,2
C00500843,2132018.0,10,2018,13,2
C00500843,2262018.0,25,2018,26,2
C00500843,2272018.0,10,2018,27,2
C00500843,2222018.0,25,2018,22,2
C00500843,2062018.0,10,2018,06,2
C00500843,2092018.0,10,2018,09,2
C00500843,2222018.0,5,2018,22,2
C00500843,2222018.0,25,2018,22,2
C00500843,2072018.0,30,2018,07,2
C00500843,2202018.0,100,2018,20,2
C00500843,2222018.0,25,2018,22,2
C00500843,2242018.0,10,2018,24,2
C00500843,2272018.0,5,2018,27,2
C00500843,2052018.0,50,2018,05,2
C00500843,2052018.0,100,2018,05,2
C00500843,2102018.0,25,2018,10,2
C00500843,2282018.0,25,2018,28,2
C00500843,2242018.0,10,2018,24,2
C00500843,2132018.0,300,2018,13,2
C00500843,2222018.0,5,2018,22,2
C00500843,2022018.0,10,2018,02,2
C00500843,2202018.0,50,2018,20,2
C00500843,2202018.0,20,2018,20,2
C00500843,2072018.0,10,2018,07,2
C00500843,2092018.0,10,2018,09,2
C00500843,2152018.0,10,2018,15,2
C00500843,2282018.0,45,2018,28,2
C00500843,2122018.0,20,2018,12,2
C00500843,2202018.0,50,2018,20,2
C00500843,2262018.0,150,2018,26,2
C00500843,2072018.0,100,2018,07,2
C00500843,2162018.0,35,2018,16,2
C00500843,2142018.0,100,2018,14,2
C00500843,2042018.0,10,2018,04,2
C00500843,2052018.0,10,2018,05,2
C00500843,2282018.0,25,2018,28,2
C00500843,2162018.0,35,2018,16,2
C00500843,2282018.0,50,2018,28,2
C00500843,2272018.0,25,2018,27,2
C00500843,2232018.0,50,2018,23,2
C00500843,2262018.0,5,2018,26,2
C00500843,2242018.0,45,2018,24,2
C00500843,2232018.0,25,2018,23,2
C00500843,2162018.0,12,2018,16,2
C00500843,2092018.0,50,2018,09,2
C00500843,2272018.0,50,2018,27,2
C00500843,2202018.0,5,2018,20,2
C00500843,2282018.0,5,2018,28,2
C00500843,2032018.0,5,2018,03,2
C00500843,2072018.0,5,2018,07,2
C00500843,2082018.0,5,2018,08,2
C00500843,2072018.0,50,2018,07,2
C00500843,2222018.0,25,2018,22,2
C00500843,2212018.0,10,2018,21,2
C00500843,2242018.0,10,2018,24,2
C00500843,2212018.0,10,2018,21,2
C00500843,2272018.0,5,2018,27,2
C00500843,2282018.0,50,2018,28,2
C00500843,2232018.0,25,2018,23,2
C00500843,2012018.0,100,2018,01,2
C00500843,2222018.0,50,2018,22,2
C00500843,2252018.0,5,2018,25,2
C00500843,2152018.0,100,2018,15,2
C00500843,2282018.0,5,2018,28,2
C00500843,2212018.0,8,2018,21,2
C00500843,2282018.0,3,2018,28,2
C00500843,2282018.0,5,2018,28,2
C00500843,2282018.0,5,2018,28,2
C00500843,2132018.0,250,2018,13,2
C00500843,2222018.0,250,2018,22,2
C00500843,2222018.0,5,2018,22,2
C00500843,2272018.0,25,2018,27,2
C00500843,2202018.0,25,2018,20,2
C00500843,2072018.0,5,2018,07,2
C00500843,2092018.0,5,2018,09,2
C00500843,2222018.0,5,2018,22,2
C00500843,2262018.0,5,2018,26,2
C00500843,2232018.0,25,2018,23,2
C00500843,2012018.0,100,2018,01,2
C00500843,2282018.0,50,2018,28,2
C00500843,2262018.0,25,2018,26,2
C00500843,2232018.0,25,2018,23,2
C00500843,2282018.0,5,2018,28,2
C00500843,2282018.0,15,2018,28,2
C00500843,2062018.0,50,2018,06,2
C00500843,2262018.0,45,2018,26,2
C00500843,2072018.0,10,2018,07,2
C00500843,2262018.0,100,2018,26,2
C00500843,2162018.0,10,2018,16,2
C00500843,2222018.0,10,2018,22,2
C00500843,2282018.0,10,2018,28,2
C00500843,2212018.0,10,2018,21,2
C00500843,2022018.0,100,2018,02,2
C00500843,2212018.0,10,2018,21,2
C00500843,2212018.0,5,2018,21,2
C00500843,2072018.0,50,2018,07,2
C00500843,2242018.0,5,2018,24,2
C00500843,2042018.0,10,2018,04,2
C00500843,2032018.0,12,2018,03,2
C00500843,2022018.0,5,2018,02,2
C00500843,2232018.0,100,2018,23,2
C00500843,2272018.0,50,2018,27,2
C00500843,2182018.0,10,2018,18,2
C00500843,2132018.0,10,2018,13,2
C00500843,2092018.0,25,2018,09,2
C00500843,2222018.0,10,2018,22,2
C00500843,2162018.0,100,2018,16,2
C00500843,2012018.0,10,2018,01,2
C00500843,2092018.0,10,2018,09,2
C00500843,2232018.0,45,2018,23,2
C00500843,2272018.0,25,2018,27,2
C00500843,2162018.0,10,2018,16,2
C00500843,2212018.0,5,2018,21,2
C00500843,2102018.0,25,2018,10,2
C00500843,2232018.0,25,2018,23,2
C00500843,2052018.0,100,2018,05,2
C00500843,2232018.0,100,2018,23,2
C00500843,2212018.0,50,2018,21,2
C00500843,2222018.0,10,2018,22,2
C00500843,2152018.0,25,2018,15,2
C00500843,2012018.0,35,2018,01,2
C00500843,2162018.0,50,2018,16,2
C00500843,2082018.0,10,2018,08,2
C00500843,2272018.0,50,2018,27,2
C00500843,2262018.0,2,2018,26,2
C00500843,2272018.0,5,2018,27,2
C00500843,2062018.0,100,2018,06,2
C00500843,2112018.0,10,2018,11,2
C00500843,2162018.0,200,2018,16,2
C00500843,2072018.0,20,2018,07,2
C00500843,2262018.0,50,2018,26,2
C00500843,2152018.0,100,2018,15,2
C00500843,2052018.0,50,2018,05,2
C00500843,2152018.0,35,2018,15,2
C00500843,2022018.0,25,2018,02,2
C00500843,2202018.0,35,2018,20,2
C00500843,2262018.0,5,2018,26,2
C00500843,2082018.0,26,2018,08,2
C00500843,2262018.0,10,2018,26,2
C00500843,2052018.0,20,2018,05,2
C00500843,2212018.0,15,2018,21,2
C00500843,2072018.0,5,2018,07,2
C00500843,2152018.0,35,2018,15,2
C00500843,2022018.0,100,2018,02,2
C00500843,2072018.0,5,2018,07,2
C00500843,2202018.0,5,2018,20,2
C00500843,2282018.0,25,2018,28,2
C00500843,2082018.0,35,2018,08,2
C00500843,2152018.0,30,2018,15,2
C00500843,2092018.0,200,2018,09,2
C00500843,2282018.0,5,2018,28,2
C00500843,2272018.0,25,2018,27,2
C00500843,2222018.0,250,2018,22,2
C00500843,2272018.0,10,2018,27,2
C00500843,2102018.0,10,2018,10,2
C00500843,2232018.0,10,2018,23,2
C00500843,2202018.0,50,2018,20,2
C00500843,2062018.0,10,2018,06,2
C00500843,2072018.0,10,2018,07,2
C00500843,2262018.0,50,2018,26,2
C00500843,2142018.0,100,2018,14,2
C00500843,2212018.0,10,2018,21,2
C00500843,2142018.0,100,2018,14,2
C00500843,2242018.0,50,2018,24,2
C00500843,2122018.0,10,2018,12,2
C00500843,2262018.0,10,2018,26,2
C00500843,2152018.0,50,2018,15,2
C00500843,2282018.0,10,2018,28,2
C00500843,2092018.0,10,2018,09,2
C00500843,2222018.0,5,2018,22,2
C00500843,2202018.0,50,2018,20,2
C00500843,2282018.0,5,2018,28,2
C00500843,2232018.0,10,2018,23,2
C00500843,2052018.0,50,2018,05,2
C00500843,2202018.0,50,2018,20,2
C00500843,2142018.0,100,2018,14,2
C00500843,2232018.0,100,2018,23,2
C00500843,2052018.0,100,2018,05,2
C00500843,2022018.0,-250,2018,02,2
C00500843,2022018.0,250,2018,02,2
C00500843,2032018.0,3,2018,03,2
C00500843,2212018.0,10,2018,21,2
C00500843,2282018.0,45,2018,28,2
C00500843,2202018.0,25,2018,20,2
C00500843,2222018.0,25,2018,22,2
C00500843,2162018.0,50,2018,16,2
C00500843,2222018.0,50,2018,22,2
C00500843,2182018.0,5,2018,18,2
C00500843,2222018.0,5,2018,22,2
C00500843,2282018.0,5,2018,28,2
C00500843,2202018.0,100,2018,20,2
C00500843,2062018.0,50,2018,06,2
C00500843,2202018.0,50,2018,20,2
C00500843,2202018.0,100,2018,20,2
C00500843,2102018.0,50,2018,10,2
C00500843,2082018.0,8,2018,08,2
C00500843,2132018.0,25,2018,13,2
C00500843,2282018.0,10,2018,28,2
C00500843,2162018.0,50,2018,16,2
C00500843,2152018.0,100,2018,15,2
C00500843,2232018.0,25,2018,23,2
C00500843,2092018.0,50,2018,09,2
C00500843,2232018.0,10,2018,23,2
C00500843,2062018.0,25,2018,06,2
C00500843,2012018.0,50,2018,01,2
C00500843,2082018.0,12,2018,08,2
C00500843,2092018.0,5,2018,09,2
C00500843,2282018.0,1,2018,28,2
C00500843,2072018.0,25,2018,07,2
C00500843,2132018.0,10,2018,13,2
C00500843,2212018.0,10,2018,21,2
C00500843,2022018.0,50,2018,02,2
C00500843,2012018.0,5,2018,01,2
C00500843,2262018.0,5,2018,26,2
C00500843,2282018.0,10,2018,28,2
C00500843,2232018.0,50,2018,23,2
C00500843,2232018.0,5,2018,23,2
C00500843,2282018.0,10,2018,28,2
C00500843,2202018.0,100,2018,20,2
C00500843,2282018.0,5,2018,28,2
C00500843,2282018.0,25,2018,28,2
C00500843,2282018.0,5,2018,28,2
C00500843,2212018.0,10,2018,21,2
C00500843,2272018.0,45,2018,27,2
C00500843,2282018.0,20,2018,28,2
C00500843,2222018.0,10,2018,22,2
C00500843,2222018.0,10,2018,22,2
C00500843,2282018.0,10,2018,28,2
C00500843,2272018.0,20,2018,27,2
C00500843,2282018.0,5,2018,28,2
C00500843,2152018.0,250,2018,15,2
C00500843,2232018.0,200,2018,23,2
C00500843,2282018.0,25,2018,28,2
C00500843,2232018.0,100,2018,23,2
C00500843,2212018.0,10,2018,21,2
C00500843,2062018.0,5,2018,06,2
C00500843,2092018.0,10,2018,09,2
C00500843,2202018.0,35,2018,20,2
C00500843,2062018.0,25,2018,06,2
C00500843,2182018.0,15,2018,18,2
C00500843,2212018.0,2700,2018,21,2
C00500843,2162018.0,25,2018,16,2
C00500843,2032018.0,25,2018,03,2
C00500843,2202018.0,100,2018,20,2
C00500843,2262018.0,50,2018,26,2
C00500843,2062018.0,5,2018,06,2
C00500843,2222018.0,1,2018,22,2
C00500843,2242018.0,5,2018,24,2
C00500843,2272018.0,20,2018,27,2
C00500843,2072018.0,20,2018,07,2
C00500843,2222018.0,25,2018,22,2
C00500843,2062018.0,35,2018,06,2
C00500843,2232018.0,35,2018,23,2
C00500843,2132018.0,25,2018,13,2
C00500843,2202018.0,2,2018,20,2
C00500843,2222018.0,50,2018,22,2
C00500843,2272018.0,100,2018,27,2
C00500843,2282018.0,100,2018,28,2
C00500843,2062018.0,10,2018,06,2
C00500843,2132018.0,30,2018,13,2
C00500843,2232018.0,100,2018,23,2
C00500843,2282018.0,45,2018,28,2
C00500843,2012018.0,5,2018,01,2
C00500843,2012018.0,5,2018,01,2
C00500843,2122018.0,50,2018,12,2
C00500843,2222018.0,50,2018,22,2
C00500843,2062018.0,10,2018,06,2
C00500843,2142018.0,5,2018,14,2
C00500843,2222018.0,5,2018,22,2
C00500843,2272018.0,50,2018,27,2
C00500843,2222018.0,25,2018,22,2
C00500843,2272018.0,12,2018,27,2
C00500843,2102018.0,25,2018,10,2
C00500843,2142018.0,100,2018,14,2
C00500843,2072018.0,5,2018,07,2
C00500843,2282018.0,17,2018,28,2
C00500843,2212018.0,5,2018,21,2
C00500843,2202018.0,25,2018,20,2
C00500843,2122018.0,104,2018,12,2
C00500843,2182018.0,1,2018,18,2
C00500843,2222018.0,100,2018,22,2
C00500843,2152018.0,100,2018,15,2
C00500843,2282018.0,10,2018,28,2
C00500843,2262018.0,200,2018,26,2
C00500843,2262018.0,25,2018,26,2
C00500843,2162018.0,50,2018,16,2
C00500843,2232018.0,5,2018,23,2
C00500843,2202018.0,100,2018,20,2
C00500843,2232018.0,10,2018,23,2
C00500843,2282018.0,50,2018,28,2
C00500843,2022018.0,50,2018,02,2
C00500843,2162018.0,35,2018,16,2
C00500843,2282018.0,7,2018,28,2
C00500843,2272018.0,25,2018,27,2
C00500843,2272018.0,25,2018,27,2
C00500843,2162018.0,100,2018,16,2
C00500843,2222018.0,25,2018,22,2
C00500843,2132018.0,100,2018,13,2
C00500843,2232018.0,10,2018,23,2
C00500843,2242018.0,10,2018,24,2
C00500843,2232018.0,10,2018,23,2
C00500843,2282018.0,45,2018,28,2
C00500843,2202018.0,100,2018,20,2
C00500843,2202018.0,100,2018,20,2
C00500843,2232018.0,100,2018,23,2
C00500843,2202018.0,25,2018,20,2
C00500843,2282018.0,5,2018,28,2
C00500843,2022018.0,35,2018,02,2
C00500843,2052018.0,5,2018,05,2
C00500843,2272018.0,2,2018,27,2
C00500843,2282018.0,10,2018,28,2
C00500843,2142018.0,25,2018,14,2
C00500843,2122018.0,500,2018,12,2
C00500843,2172018.0,50,2018,17,2
C00500843,2232018.0,10,2018,23,2
C00500843,2142018.0,25,2018,14,2
C00500843,2032018.0,8,2018,03,2
C00500843,2042018.0,25,2018,04,2
C00500843,2162018.0,25,2018,16,2
C00500843,2172018.0,25,2018,17,2
C00500843,2222018.0,25,2018,22,2
C00500843,2192018.0,20,2018,19,2
C00500843,2022018.0,50,2018,02,2
C00500843,2252018.0,10,2018,25,2
C00500843,2262018.0,25,2018,26,2
C00500843,2222018.0,50,2018,22,2
C00500843,2072018.0,50,2018,07,2
C00500843,2142018.0,25,2018,14,2
C00500843,2202018.0,50,2018,20,2
C00500843,2162018.0,35,2018,16,2
C00500843,2072018.0,12,2018,07,2
C00500843,2132018.0,25,2018,13,2
C00500843,2262018.0,50,2018,26,2
C00500843,2182018.0,25,2018,18,2
C00500843,2012018.0,5,2018,01,2
C00500843,2132018.0,10,2018,13,2
C00500843,2272018.0,25,2018,27,2
C00500843,2262018.0,10,2018,26,2
C00500843,2282018.0,10,2018,28,2
C00500843,2282018.0,1,2018,28,2
C00500843,2202018.0,100,2018,20,2
C00500843,2152018.0,50,2018,15,2
C00500843,2142018.0,20,2018,14,2
C00500843,2162018.0,50,2018,16,2
C00500843,2282018.0,3,2018,28,2
C00500843,2182018.0,10,2018,18,2
C00500843,2062018.0,8,2018,06,2
C00500843,2132018.0,50,2018,13,2
C00500843,2202018.0,250,2018,20,2
C00500843,2122018.0,75,2018,12,2
C00500843,2162018.0,25,2018,16,2
C00500843,2012018.0,30,2018,01,2
C00500843,2122018.0,50,2018,12,2
C00500843,2242018.0,25,2018,24,2
C00500843,2012018.0,25,2018,01,2
C00500843,2172018.0,5,2018,17,2
C00500843,2172018.0,10,2018,17,2
C00500843,2272018.0,25,2018,27,2
C00500843,2202018.0,75,2018,20,2
C00500843,2232018.0,100,2018,23,2
C00500843,2062018.0,5,2018,06,2
C00500843,2142018.0,100,2018,14,2
C00500843,2142018.0,100,2018,14,2
C00500843,2152018.0,50,2018,15,2
C00500843,2132018.0,10,2018,13,2
C00500843,2222018.0,100,2018,22,2
C00500843,2202018.0,100,2018,20,2
C00500843,2022018.0,5,2018,02,2
C00500843,2072018.0,3,2018,07,2
C00500843,2232018.0,50,2018,23,2
C00500843,2162018.0,35,2018,16,2
C00500843,2212018.0,25,2018,21,2
C00500843,2222018.0,25,2018,22,2
C00500843,2122018.0,50,2018,12,2
C00500843,2282018.0,50,2018,28,2
C00500843,2112018.0,50,2018,11,2
C00500843,2252018.0,10,2018,25,2
C00500843,2262018.0,35,2018,26,2
C00500843,2272018.0,35,2018,27,2
C00500843,2272018.0,25,2018,27,2
C00500843,2282018.0,10,2018,28,2
C00500843,2282018.0,12,2018,28,2
C00500843,2232018.0,100,2018,23,2
C00500843,2212018.0,25,2018,21,2
C00500843,2232018.0,50,2018,23,2
C00500843,2202018.0,35,2018,20,2
C00500843,2212018.0,100,2018,21,2
C00500843,2102018.0,25,2018,10,2
C00500843,2162018.0,50,2018,16,2
C00500843,2012018.0,25,2018,01,2
C00500843,2202018.0,35,2018,20,2
C00500843,2082018.0,50,2018,08,2
C00500843,2232018.0,250,2018,23,2
C00500843,2252018.0,100,2018,25,2
C00500843,2232018.0,25,2018,23,2
C00500843,2232018.0,25,2018,23,2
C00500843,2232018.0,50,2018,23,2
C00500843,2162018.0,35,2018,16,2
C00500843,2282018.0,10,2018,28,2
C00500843,2152018.0,100,2018,15,2
C00500843,2232018.0,50,2018,23,2
C00500843,2122018.0,250,2018,12,2
C00500843,2242018.0,5,2018,24,2
C00500843,2172018.0,10,2018,17,2
C00500843,2102018.0,10,2018,10,2
C00500843,2222018.0,5,2018,22,2
C00500843,2282018.0,25,2018,28,2
C00500843,2132018.0,25,2018,13,2
C00500843,2222018.0,10,2018,22,2
C00500843,2282018.0,100,2018,28,2
C00500843,2222018.0,5,2018,22,2
C00500843,2202018.0,250,2018,20,2
C00500843,2282018.0,10,2018,28,2
C00500843,2122018.0,5,2018,12,2
C00500843,2072018.0,5,2018,07,2
C00500843,2072018.0,10,2018,07,2
C00500843,2282018.0,25,2018,28,2
C00500843,2092018.0,50,2018,09,2
C00500843,2232018.0,45,2018,23,2
C00500843,2052018.0,20,2018,05,2
C00500843,2222018.0,10,2018,22,2
C00500843,2132018.0,25,2018,13,2
C00500843,2082018.0,100,2018,08,2
C00500843,2092018.0,5,2018,09,2
C00500843,2252018.0,10,2018,25,2
C00500843,2282018.0,25,2018,28,2
C00500843,2082018.0,25,2018,08,2
C00500843,2262018.0,50,2018,26,2
C00500843,2252018.0,25,2018,25,2
C00500843,2212018.0,10,2018,21,2
C00500843,2232018.0,10,2018,23,2
C00500843,2282018.0,10,2018,28,2
C00500843,2272018.0,10,2018,27,2
C00500843,2202018.0,100,2018,20,2
C00500843,2162018.0,10,2018,16,2
C00500843,2272018.0,5,2018,27,2
C00500843,2282018.0,25,2018,28,2
C00500843,2012018.0,25,2018,01,2
C00500843,2172018.0,6,2018,17,2
C00500843,2052018.0,300,2018,05,2
C00500843,2042018.0,15,2018,04,2
C00500843,2092018.0,8,2018,09,2
C00500843,2152018.0,10,2018,15,2
C00500843,2072018.0,8,2018,07,2
C00500843,2082018.0,15,2018,08,2
C00500843,2222018.0,5,2018,22,2
C00500843,2052018.0,50,2018,05,2
C00500843,2152018.0,35,2018,15,2
C00500843,2232018.0,20,2018,23,2
C00500843,2052018.0,100,2018,05,2
C00500843,2282018.0,25,2018,28,2
C00500843,2282018.0,17,2018,28,2
C00500843,2012018.0,50,2018,01,2
C00500843,2222018.0,50,2018,22,2
C00500843,2262018.0,25,2018,26,2
C00500843,2282018.0,10,2018,28,2
C00500843,2232018.0,25,2018,23,2
C00500843,2282018.0,50,2018,28,2
C00500843,2172018.0,10,2018,17,2
C00500843,2222018.0,100,2018,22,2
C00500843,2212018.0,100,2018,21,2
C00500843,2052018.0,100,2018,05,2
C00500843,2212018.0,5,2018,21,2
C00500843,2222018.0,5,2018,22,2
C00500843,2272018.0,5,2018,27,2
C00500843,2052018.0,30,2018,05,2
C00500843,2132018.0,25,2018,13,2
C00500843,2282018.0,45,2018,28,2
C00500843,2162018.0,50,2018,16,2
C00500843,2282018.0,10,2018,28,2
C00500843,2032018.0,50,2018,03,2
C00500843,2242018.0,10,2018,24,2
C00500843,2092018.0,3,2018,09,2
C00500843,2072018.0,5,2018,07,2
C00500843,2232018.0,50,2018,23,2
C00500843,2202018.0,50,2018,20,2
C00500843,2232018.0,100,2018,23,2
C00500843,2232018.0,5,2018,23,2
C00500843,2232018.0,25,2018,23,2
C00500843,2032018.0,50,2018,03,2
C00500843,2222018.0,100,2018,22,2
C00500843,2202018.0,100,2018,20,2
C00500843,2082018.0,50,2018,08,2
C00500843,2232018.0,25,2018,23,2
C00500843,2142018.0,50,2018,14,2
C00500843,2212018.0,25,2018,21,2
C00500843,2282018.0,25,2018,28,2
C00500843,2222018.0,10,2018,22,2
C00500843,2092018.0,25,2018,09,2
C00500843,2232018.0,100,2018,23,2
C00500843,2222018.0,10,2018,22,2
C00500843,2202018.0,100,2018,20,2
C00500843,2282018.0,25,2018,28,2
C00500843,2212018.0,20,2018,21,2
C00500843,2022018.0,250,2018,02,2
C00500843,2232018.0,25,2018,23,2
C00500843,2232018.0,25,2018,23,2
C00500843,2272018.0,50,2018,27,2
C00500843,2052018.0,250,2018,05,2
C00500843,2282018.0,250,2018,28,2
C00500843,2282018.0,25,2018,28,2
C00500843,2242018.0,50,2018,24,2
C00500843,2232018.0,100,2018,23,2
C00500843,2282018.0,50,2018,28,2
C00500843,2142018.0,10,2018,14,2
C00500843,2232018.0,25,2018,23,2
C00500843,2132018.0,5,2018,13,2
C00500843,2202018.0,100,2018,20,2
C00500843,2222018.0,5,2018,22,2
C00500843,2222018.0,50,2018,22,2
C00500843,2162018.0,500,2018,16,2
C00500843,2082018.0,5,2018,08,2
C00500843,2012018.0,10,2018,01,2
C00500843,2252018.0,10,2018,25,2
C00500843,2202018.0,36,2018,20,2
C00500843,2222018.0,5,2018,22,2
C00500843,2222018.0,5,2018,22,2
C00500843,2202018.0,50,2018,20,2
C00500843,2032018.0,50,2018,03,2
C00500843,2202018.0,100,2018,20,2
C00500843,2102018.0,50,2018,10,2
C00500843,2262018.0,10,2018,26,2
C00500843,2102018.0,50,2018,10,2
C00500843,2262018.0,50,2018,26,2
C00500843,2162018.0,100,2018,16,2
C00500843,2272018.0,3,2018,27,2
C00500843,2242018.0,20,2018,24,2
C00500843,2282018.0,20,2018,28,2
C00500843,2022018.0,50,2018,02,2
C00500843,2092018.0,25,2018,09,2
C00500843,2282018.0,10,2018,28,2
C00500843,2132018.0,10,2018,13,2
C00500843,2082018.0,25,2018,08,2
C00500843,2202018.0,25,2018,20,2
C00500843,2202018.0,25,2018,20,2
C00500843,2242018.0,5,2018,24,2
C00500843,2272018.0,45,2018,27,2
C00500843,2202018.0,100,2018,20,2
C00500843,2202018.0,50,2018,20,2
C00500843,2152018.0,20,2018,15,2
C00500843,2102018.0,15,2018,10,2
C00500843,2232018.0,10,2018,23,2
C00500843,2052018.0,2700,2018,05,2
C00500843,2022018.0,100,2018,02,2
C00500843,2092018.0,10,2018,09,2
C00500843,2222018.0,25,2018,22,2
C00500843,2072018.0,62,2018,07,2
C00500843,2142018.0,10,2018,14,2
C00500843,2282018.0,5,2018,28,2
C00500843,2272018.0,20,2018,27,2
C00500843,2052018.0,2700,2018,05,2
C00500843,2282018.0,5,2018,28,2
C00500843,2222018.0,25,2018,22,2
C00500843,2282018.0,25,2018,28,2
C00500843,2122018.0,35,2018,12,2
C00500843,2272018.0,25,2018,27,2
C00500843,2132018.0,25,2018,13,2
C00500843,2152018.0,50,2018,15,2
C00500843,2212018.0,25,2018,21,2
C00500843,2092018.0,50,2018,09,2
C00500843,2222018.0,5,2018,22,2
C00500843,2152018.0,200,2018,15,2
C00500843,2262018.0,25,2018,26,2
C00500843,2132018.0,10,2018,13,2
C00500843,2222018.0,100,2018,22,2
C00500843,2282018.0,10,2018,28,2
C00500843,2212018.0,10,2018,21,2
C00500843,2262018.0,50,2018,26,2
C00500843,2062018.0,10,2018,06,2
C00500843,2262018.0,10,2018,26,2
C00500843,2222018.0,10,2018,22,2
C00500843,2082018.0,5,2018,08,2
C00500843,2212018.0,8,2018,21,2
C00500843,2232018.0,25,2018,23,2
C00500843,2232018.0,25,2018,23,2
C00500843,2242018.0,5,2018,24,2
C00500843,2022018.0,50,2018,02,2
C00500843,2062018.0,10,2018,06,2
C00500843,2052018.0,200,2018,05,2
C00500843,2232018.0,200,2018,23,2
C00500843,2242018.0,50,2018,24,2
C00500843,2092018.0,25,2018,09,2
C00500843,2282018.0,10,2018,28,2
C00500843,2262018.0,5,2018,26,2
C00500843,2262018.0,20,2018,26,2
C00500843,2282018.0,20,2018,28,2
C00500843,2072018.0,25,2018,07,2
C00500843,2282018.0,10,2018,28,2
C00500843,2242018.0,10,2018,24,2
C00500843,2282018.0,10,2018,28,2
C00500843,2072018.0,5,2018,07,2
C00500843,2092018.0,5,2018,09,2
C00500843,2152018.0,10,2018,15,2
C00500843,2282018.0,50,2018,28,2
C00500843,2112018.0,100,2018,11,2
C00500843,2142018.0,20,2018,14,2
C00500843,2282018.0,17,2018,28,2
C00500843,2052018.0,50,2018,05,2
C00500843,2282018.0,20,2018,28,2
C00500843,2052018.0,50,2018,05,2
C00500843,2222018.0,100,2018,22,2
C00500843,2272018.0,1,2018,27,2
C00500843,2222018.0,25,2018,22,2
C00500843,2262018.0,25,2018,26,2
C00500843,2222018.0,100,2018,22,2
C00500843,2072018.0,5,2018,07,2
C00500843,2262018.0,10,2018,26,2
C00500843,2052018.0,10,2018,05,2
C00500843,2232018.0,20,2018,23,2
C00500843,2212018.0,15,2018,21,2
C00500843,2132018.0,5,2018,13,2
C00500843,2232018.0,200,2018,23,2
C00500843,2232018.0,20,2018,23,2
C00500843,2282018.0,10,2018,28,2
C00500843,2282018.0,5,2018,28,2
C00500843,2092018.0,10,2018,09,2
C00500843,2262018.0,20,2018,26,2
C00500843,2122018.0,35,2018,12,2
C00500843,2142018.0,50,2018,14,2
C00500843,2152018.0,75,2018,15,2
C00500843,2282018.0,45,2018,28,2
C00500843,2082018.0,100,2018,08,2
C00500843,2282018.0,25,2018,28,2
C00500843,2072018.0,20,2018,07,2
C00500843,2272018.0,10,2018,27,2
C00500843,2052018.0,25,2018,05,2
C00500843,2282018.0,25,2018,28,2
C00500843,2062018.0,15,2018,06,2
C00500843,2092018.0,5,2018,09,2
C00500843,2282018.0,10,2018,28,2
C00500843,2072018.0,5,2018,07,2
C00500843,2212018.0,5,2018,21,2
C00500843,2202018.0,15,2018,20,2
C00500843,2122018.0,100,2018,12,2
C00500843,2162018.0,20,2018,16,2
C00500843,2142018.0,5,2018,14,2
C00500843,2122018.0,50,2018,12,2
C00500843,2272018.0,20,2018,27,2
C00500843,2282018.0,20,2018,28,2
C00500843,2222018.0,25,2018,22,2
C00500843,2262018.0,100,2018,26,2
C00500843,2282018.0,3,2018,28,2
C00500843,2152018.0,100,2018,15,2
C00500843,2162018.0,10,2018,16,2
C00500843,2052018.0,25,2018,05,2
C00500843,2072018.0,10,2018,07,2
C00500843,2222018.0,25,2018,22,2
C00500843,2242018.0,25,2018,24,2
C00500843,2242018.0,10,2018,24,2
C00500843,2022018.0,5,2018,02,2
C00500843,2022018.0,5,2018,02,2
C00500843,2032018.0,5,2018,03,2
C00500843,2022018.0,5,2018,02,2
C00500843,2252018.0,50,2018,25,2
C00500843,2062018.0,25,2018,06,2
C00500843,2232018.0,25,2018,23,2
C00500843,2282018.0,10,2018,28,2
C00500843,2282018.0,10,2018,28,2
C00500843,2052018.0,35,2018,05,2
C00500843,2232018.0,20,2018,23,2
C00500843,2232018.0,50,2018,23,2
C00500843,2222018.0,3,2018,22,2
C00500843,2102018.0,1000,2018,10,2
C00500843,2172018.0,35,2018,17,2
C00500843,2242018.0,50,2018,24,2
C00500843,2222018.0,8,2018,22,2
C00500843,2092018.0,10,2018,09,2
C00500843,2072018.0,5,2018,07,2
C00500843,2282018.0,25,2018,28,2
C00500843,2242018.0,10,2018,24,2
C00500843,2272018.0,5,2018,27,2
C00500843,2122018.0,100,2018,12,2
C00500843,2232018.0,10,2018,23,2
C00500843,2272018.0,27,2018,27,2
C00500843,2282018.0,27,2018,28,2
C00500843,2282018.0,10,2018,28,2
C00500843,2202018.0,50,2018,20,2
C00500843,2142018.0,25,2018,14,2
C00500843,2142018.0,50,2018,14,2
C00500843,2262018.0,10,2018,26,2
C00500843,2162018.0,100,2018,16,2
C00500843,2242018.0,25,2018,24,2
C00500843,2272018.0,25,2018,27,2
C00500843,2042018.0,5,2018,04,2
C00500843,2232018.0,45,2018,23,2
C00500843,2262018.0,3,2018,26,2
C00500843,2272018.0,10,2018,27,2
C00500843,2132018.0,25,2018,13,2
C00500843,2282018.0,10,2018,28,2
C00500843,2072018.0,50,2018,07,2
C00500843,2202018.0,50,2018,20,2
C00500843,2242018.0,15,2018,24,2
C00500843,2062018.0,10,2018,06,2
C00500843,2232018.0,20,2018,23,2
C00500843,2162018.0,50,2018,16,2
C00500843,2262018.0,50,2018,26,2
C00500843,2272018.0,700,2018,27,2
C00500843,2272018.0,2000,2018,27,2
C00500843,2222018.0,250,2018,22,2
C00500843,2222018.0,25,2018,22,2
C00500843,2132018.0,25,2018,13,2
C00500843,2252018.0,10,2018,25,2
C00500843,2282018.0,10,2018,28,2
C00500843,2162018.0,10,2018,16,2
C00500843,2022018.0,100,2018,02,2
C00500843,2182018.0,1,2018,18,2
C00500843,2082018.0,15,2018,08,2
C00500843,2062018.0,500,2018,06,2
C00500843,2032018.0,10,2018,03,2
C00500843,2042018.0,10,2018,04,2
C00500843,2252018.0,10,2018,25,2
C00500843,2132018.0,25,2018,13,2
C00500843,2262018.0,100,2018,26,2
C00500843,2052018.0,50,2018,05,2
C00500843,2202018.0,50,2018,20,2
C00500843,2012018.0,50,2018,01,2
C00500843,2282018.0,10,2018,28,2
C00500843,2262018.0,35,2018,26,2
C00500843,2142018.0,10,2018,14,2
C00500843,2122018.0,10,2018,12,2
C00500843,2122018.0,3,2018,12,2
C00500843,2122018.0,50,2018,12,2
C00500843,2142018.0,90,2018,14,2
C00500843,2212018.0,7,2018,21,2
C00500843,2082018.0,0,2018,08,2
C00500843,2202018.0,35,2018,20,2
C00500843,2022018.0,12,2018,02,2
C00500843,2212018.0,50,2018,21,2
C00500843,2272018.0,45,2018,27,2
C00500843,2072018.0,50,2018,07,2
C00500843,2202018.0,50,2018,20,2
C00500843,2162018.0,100,2018,16,2
C00500843,2012018.0,100,2018,01,2
C00500843,2282018.0,50,2018,28,2
C00500843,2242018.0,5,2018,24,2
C00500843,2152018.0,100,2018,15,2
C00500843,2282018.0,10,2018,28,2
C00500843,2272018.0,10,2018,27,2
C00500843,2022018.0,100,2018,02,2
C00500843,2152018.0,1,2018,15,2
C00500843,2052018.0,50,2018,05,2
C00500843,2152018.0,50,2018,15,2
C00500843,2282018.0,10,2018,28,2
C00500843,2092018.0,5,2018,09,2
C00500843,2242018.0,10,2018,24,2
C00500843,2272018.0,5,2018,27,2
C00500843,2272018.0,7,2018,27,2
C00500843,2202018.0,50,2018,20,2
C00500843,2162018.0,5,2018,16,2
C00500843,2242018.0,5,2018,24,2
C00500843,2072018.0,10,2018,07,2
C00500843,2052018.0,10,2018,05,2
C00500843,2232018.0,10,2018,23,2
C00500843,2202018.0,25,2018,20,2
C00500843,2262018.0,50,2018,26,2
C00500843,2212018.0,100,2018,21,2
C00500843,2272018.0,25,2018,27,2
C00500843,2152018.0,2,2018,15,2
C00500843,2152018.0,5,2018,15,2
C00500843,2152018.0,50,2018,15,2
C00500843,2222018.0,25,2018,22,2
C00500843,2262018.0,5,2018,26,2
C00500843,2122018.0,40,2018,12,2
C00500843,2052018.0,55,2018,05,2
C00500843,2212018.0,25,2018,21,2
C00500843,2282018.0,10,2018,28,2
C00500843,2282018.0,25,2018,28,2
C00500843,2282018.0,20,2018,28,2
C00500843,2162018.0,500,2018,16,2
C00500843,2282018.0,12,2018,28,2
C00500843,2232018.0,25,2018,23,2
C00500843,2222018.0,100,2018,22,2
C00500843,2162018.0,35,2018,16,2
C00500843,2152018.0,20,2018,15,2
C00500843,2152018.0,50,2018,15,2
C00500843,2162018.0,35,2018,16,2
C00500843,2222018.0,15,2018,22,2
C00500843,2212018.0,20,2018,21,2
C00500843,2112018.0,15,2018,11,2
C00500843,2182018.0,15,2018,18,2
C00500843,2232018.0,3,2018,23,2
C00500843,2012018.0,50,2018,01,2
C00500843,2072018.0,5,2018,07,2
C00500843,2092018.0,5,2018,09,2
C00500843,2152018.0,5,2018,15,2
C00500843,2152018.0,10,2018,15,2
C00500843,2082018.0,25,2018,08,2
C00500843,2052018.0,50,2018,05,2
C00500843,2222018.0,5,2018,22,2
C00500843,2282018.0,5,2018,28,2
C00500843,2202018.0,100,2018,20,2
C00500843,2182018.0,25,2018,18,2
C00500843,2222018.0,50,2018,22,2
C00500843,2232018.0,10,2018,23,2
C00500843,2232018.0,100,2018,23,2
C00500843,2222018.0,5,2018,22,2
C00500843,2082018.0,100,2018,08,2
C00500843,2152018.0,5,2018,15,2
C00500843,2202018.0,25,2018,20,2
C00500843,2272018.0,50,2018,27,2
C00500843,2062018.0,5,2018,06,2
C00500843,2282018.0,25,2018,28,2
C00500843,2232018.0,50,2018,23,2
C00500843,2282018.0,2,2018,28,2
C00500843,2132018.0,10,2018,13,2
C00500843,2122018.0,100,2018,12,2
C00500843,2162018.0,50,2018,16,2
C00500843,2222018.0,1000,2018,22,2
C00500843,2272018.0,25,2018,27,2
C00500843,2272018.0,50,2018,27,2
C00500843,2012018.0,10,2018,01,2
C00500843,2122018.0,10,2018,12,2
C00500843,2122018.0,25,2018,12,2
C00500843,2072018.0,50,2018,07,2
C00500843,2162018.0,50,2018,16,2
C00500843,2222018.0,25,2018,22,2
C00500843,2022018.0,50,2018,02,2
C00500843,2222018.0,10,2018,22,2
C00500843,2072018.0,100,2018,07,2
C00500843,2232018.0,25,2018,23,2
C00500843,2272018.0,25,2018,27,2
C00500843,2272018.0,7,2018,27,2
C00500843,2052018.0,20,2018,05,2
C00500843,2172018.0,15,2018,17,2
C00500843,2202018.0,50,2018,20,2
C00500843,2222018.0,10,2018,22,2
C00500843,2272018.0,5,2018,27,2
C00500843,2282018.0,5,2018,28,2
C00500843,2282018.0,45,2018,28,2
C00500843,2142018.0,100,2018,14,2
C00500843,2202018.0,50,2018,20,2
C00500843,2222018.0,50,2018,22,2
C00500843,2012018.0,50,2018,01,2
C00500843,2222018.0,50,2018,22,2
C00500843,2052018.0,36,2018,05,2
C00500843,2272018.0,5,2018,27,2
C00500843,2222018.0,5,2018,22,2
C00500843,2202018.0,50,2018,20,2
C00500843,2162018.0,35,2018,16,2
C00500843,2222018.0,3,2018,22,2
C00500843,2042018.0,100,2018,04,2
C00500843,2062018.0,10,2018,06,2
C00500843,2122018.0,50,2018,12,2
C00500843,2022018.0,35,2018,02,2
C00500843,2202018.0,50,2018,20,2
C00500843,2232018.0,45,2018,23,2
C00500843,2152018.0,2700,2018,15,2
C00500843,2152018.0,2700,2018,15,2
C00500843,2072018.0,5,2018,07,2
C00500843,2122018.0,5,2018,12,2
C00500843,2132018.0,5,2018,13,2
C00500843,2282018.0,10,2018,28,2
C00500843,2022018.0,50,2018,02,2
C00500843,2062018.0,10,2018,06,2
C00500843,2022018.0,50,2018,02,2
C00500843,2162018.0,10,2018,16,2
C00500843,2192018.0,10,2018,19,2
C00500843,2282018.0,17,2018,28,2
C00500843,2212018.0,5,2018,21,2
C00500843,2152018.0,25,2018,15,2
C00500843,2232018.0,100,2018,23,2
C00500843,2052018.0,35,2018,05,2
C00500843,2202018.0,100,2018,20,2
C00500843,2232018.0,12,2018,23,2
C00500843,2162018.0,100,2018,16,2
C00500843,2172018.0,45,2018,17,2
C00500843,2262018.0,50,2018,26,2
C00500843,2082018.0,50,2018,08,2
C00500843,2072018.0,50,2018,07,2
C00500843,2192018.0,27,2018,19,2
C00500843,2252018.0,10,2018,25,2
C00500843,2232018.0,10,2018,23,2
C00500843,2262018.0,25,2018,26,2
C00500843,2072018.0,5,2018,07,2
C00500843,2212018.0,250,2018,21,2
C00500843,2212018.0,200,2018,21,2
C00500843,2262018.0,100,2018,26,2
C00500843,2012018.0,25,2018,01,2
C00500843,2152018.0,200,2018,15,2
C00500843,2092018.0,100,2018,09,2
C00500843,2032018.0,50,2018,03,2
C00500843,2282018.0,50,2018,28,2
C00500843,2282018.0,25,2018,28,2
C00500843,2062018.0,5,2018,06,2
C00500843,2282018.0,10,2018,28,2
C00500843,2222018.0,15,2018,22,2
C00500843,2072018.0,25,2018,07,2
C00500843,2272018.0,25,2018,27,2
C00500843,2262018.0,20,2018,26,2
C00500843,2212018.0,5,2018,21,2
C00500843,2212018.0,50,2018,21,2
C00500843,2272018.0,25,2018,27,2
C00500843,2272018.0,26,2018,27,2
C00500843,2282018.0,25,2018,28,2
C00500843,2282018.0,10,2018,28,2
C00500843,2272018.0,10,2018,27,2
C00500843,2202018.0,100,2018,20,2
C00500843,2162018.0,50,2018,16,2
C00500843,2232018.0,50,2018,23,2
C00500843,2232018.0,10,2018,23,2
C00500843,2122018.0,60,2018,12,2
C00500843,2222018.0,10,2018,22,2
C00500843,2022018.0,25,2018,02,2
C00500843,2262018.0,100,2018,26,2
C00500843,2072018.0,10,2018,07,2
C00500843,2202018.0,100,2018,20,2
C00500843,2052018.0,50,2018,05,2
C00500843,2122018.0,100,2018,12,2
C00500843,2272018.0,2,2018,27,2
C00500843,2272018.0,5,2018,27,2
C00500843,2172018.0,5,2018,17,2
C00500843,2272018.0,25,2018,27,2
C00500843,2162018.0,20,2018,16,2
C00500843,2132018.0,2,2018,13,2
C00500843,2222018.0,2,2018,22,2
C00500843,2122018.0,20,2018,12,2
C00500843,2152018.0,100,2018,15,2
C00500843,2202018.0,50,2018,20,2
C00500843,2112018.0,25,2018,11,2
C00500843,2162018.0,50,2018,16,2
C00500843,2102018.0,10,2018,10,2
C00500843,2072018.0,5,2018,07,2
C00500843,2242018.0,5,2018,24,2
C00500843,2202018.0,50,2018,20,2
C00500843,2272018.0,250,2018,27,2
C00500843,2052018.0,100,2018,05,2
C00500843,2132018.0,25,2018,13,2
C00500843,2062018.0,10,2018,06,2
C00500843,2202018.0,100,2018,20,2
C00500843,2022018.0,100,2018,02,2
C00500843,2152018.0,999,2018,15,2
C00500843,2092018.0,5,2018,09,2
C00500843,2202018.0,200,2018,20,2
C00500843,2232018.0,100,2018,23,2
C00500843,2062018.0,10,2018,06,2
C00500843,2062018.0,45,2018,06,2
C00500843,2282018.0,10,2018,28,2
C00500843,2052018.0,25,2018,05,2
C00500843,2222018.0,10,2018,22,2
C00500843,2272018.0,25,2018,27,2
C00500843,2022018.0,100,2018,02,2
C00500843,2222018.0,50,2018,22,2
C00500843,2142018.0,17,2018,14,2
C00500843,2182018.0,25,2018,18,2
C00500843,2072018.0,25,2018,07,2
C00500843,2092018.0,1,2018,09,2
C00500843,2112018.0,30,2018,11,2
C00500843,2252018.0,10,2018,25,2
C00500843,2142018.0,25,2018,14,2
C00500843,2062018.0,35,2018,06,2
C00500843,2092018.0,25,2018,09,2
C00500843,2212018.0,25,2018,21,2
C00500843,2232018.0,20,2018,23,2
C00500843,2202018.0,35,2018,20,2
C00500843,2222018.0,2,2018,22,2
C00500843,2222018.0,12,2018,22,2
C00500843,2062018.0,5,2018,06,2
C00500843,2222018.0,10,2018,22,2
C00500843,2062018.0,15,2018,06,2
C00500843,2072018.0,1,2018,07,2
C00500843,2102018.0,5,2018,10,2
C00500843,2272018.0,25,2018,27,2
C00500843,2062018.0,50,2018,06,2
C00500843,2282018.0,100,2018,28,2
C00500843,2282018.0,27,2018,28,2
C00500843,2122018.0,50,2018,12,2
C00500843,2232018.0,10,2018,23,2
C00500843,2152018.0,20,2018,15,2
C00500843,2222018.0,50,2018,22,2
C00500843,2222018.0,3,2018,22,2
C00500843,2242018.0,25,2018,24,2
C00500843,2032018.0,50,2018,03,2
C00500843,2222018.0,25,2018,22,2
C00500843,2262018.0,16,2018,26,2
C00500843,2132018.0,10,2018,13,2
C00500843,2232018.0,25,2018,23,2
C00500843,2252018.0,10,2018,25,2
C00500843,2052018.0,50,2018,05,2
C00500843,2152018.0,35,2018,15,2
C00500843,2032018.0,5,2018,03,2
C00500843,2042018.0,5,2018,04,2
C00500843,2232018.0,10,2018,23,2
C00500843,2272018.0,25,2018,27,2
C00500843,2132018.0,25,2018,13,2
C00500843,2282018.0,45,2018,28,2
C00500843,2182018.0,25,2018,18,2
C00500843,2212018.0,5,2018,21,2
C00500843,2212018.0,10,2018,21,2
C00500843,2202018.0,50,2018,20,2
C00500843,2282018.0,25,2018,28,2
C00500843,2242018.0,100,2018,24,2
C00500843,2232018.0,20,2018,23,2
C00500843,2232018.0,25,2018,23,2
C00500843,2022018.0,25,2018,02,2
C00500843,2122018.0,100,2018,12,2
C00500843,2152018.0,100,2018,15,2
C00500843,2052018.0,25,2018,05,2
C00500843,2222018.0,25,2018,22,2
C00500843,2262018.0,20,2018,26,2
C00500843,2072018.0,25,2018,07,2
C00500843,2082018.0,50,2018,08,2
C00500843,2142018.0,50,2018,14,2
C00500843,2162018.0,50,2018,16,2
C00500843,2022018.0,10,2018,02,2
C00500843,2222018.0,5,2018,22,2
C00500843,2062018.0,50,2018,06,2
C00500843,2222018.0,100,2018,22,2
C00500843,2082018.0,10,2018,08,2
C00500843,2232018.0,25,2018,23,2
C00500843,2212018.0,100,2018,21,2
C00500843,2262018.0,25,2018,26,2
C00500843,2062018.0,5,2018,06,2
C00500843,2082018.0,5,2018,08,2
C00500843,2082018.0,12,2018,08,2
C00500843,2082018.0,20,2018,08,2
C00500843,2202018.0,5,2018,20,2
C00500843,2242018.0,5,2018,24,2
C00500843,2202018.0,50,2018,20,2
C00500843,2102018.0,1,2018,10,2
C00500843,2212018.0,2,2018,21,2
C00500843,2142018.0,35,2018,14,2
C00500843,2042018.0,100,2018,04,2
C00500843,2142018.0,25,2018,14,2
C00500843,2212018.0,5,2018,21,2
C00500843,2202018.0,50,2018,20,2
C00500843,2022018.0,25,2018,02,2
C00500843,2202018.0,50,2018,20,2
C00500843,2082018.0,12,2018,08,2
C00500843,2062018.0,25,2018,06,2
C00500843,2162018.0,50,2018,16,2
C00500843,2052018.0,100,2018,05,2
C00500843,2172018.0,12,2018,17,2
C00500843,2132018.0,100,2018,13,2
C00500843,2262018.0,35,2018,26,2
C00500843,2202018.0,100,2018,20,2
C00500843,2232018.0,50,2018,23,2
C00500843,2262018.0,100,2018,26,2
C00500843,2222018.0,25,2018,22,2
C00500843,2062018.0,50,2018,06,2
C00500843,2182018.0,10,2018,18,2
C00500843,2282018.0,125,2018,28,2
C00500843,2212018.0,25,2018,21,2
C00500843,2082018.0,100,2018,08,2
C00500843,2282018.0,45,2018,28,2
C00500843,2142018.0,100,2018,14,2
C00500843,2072018.0,8,2018,07,2
C00500843,2012018.0,5,2018,01,2
C00500843,2072018.0,5,2018,07,2
C00500843,2242018.0,10,2018,24,2
C00500843,2212018.0,100,2018,21,2
C00500843,2062018.0,5,2018,06,2
C00500843,2132018.0,3,2018,13,2
C00500843,2232018.0,5,2018,23,2
C00500843,2282018.0,25,2018,28,2
C00500843,2212018.0,100,2018,21,2
C00500843,2282018.0,50,2018,28,2
C00500843,2282018.0,25,2018,28,2
C00500843,2082018.0,5,2018,08,2
C00500843,2142018.0,5,2018,14,2
C00500843,2222018.0,5,2018,22,2
C00500843,2262018.0,5,2018,26,2
C00500843,2162018.0,100,2018,16,2
C00500843,2092018.0,15,2018,09,2
C00500843,2132018.0,7,2018,13,2
C00500843,2212018.0,5,2018,21,2
C00500843,2272018.0,45,2018,27,2
C00500843,2022018.0,50,2018,02,2
C00500843,2162018.0,35,2018,16,2
C00500843,2282018.0,5,2018,28,2
C00500843,2282018.0,25,2018,28,2
C00500843,2272018.0,25,2018,27,2
C00500843,2242018.0,20,2018,24,2
C00500843,2282018.0,10,2018,28,2
C00500843,2212018.0,5,2018,21,2
C00500843,2222018.0,22,2018,22,2
C00500843,2222018.0,5,2018,22,2
C00500843,2222018.0,25,2018,22,2
C00500843,2282018.0,25,2018,28,2
C00500843,2072018.0,10,2018,07,2
C00500843,2242018.0,25,2018,24,2
C00500843,2212018.0,25,2018,21,2
C00500843,2202018.0,50,2018,20,2
C00500843,2092018.0,20,2018,09,2
C00500843,2092018.0,1,2018,09,2
C00500843,2222018.0,5,2018,22,2
C00500843,2282018.0,20,2018,28,2
C00500843,2272018.0,10,2018,27,2
C00500843,2082018.0,5,2018,08,2
C00500843,2092018.0,25,2018,09,2
C00500843,2262018.0,100,2018,26,2
C00500843,2272018.0,25,2018,27,2
C00500843,2062018.0,25,2018,06,2
C00500843,2072018.0,10,2018,07,2
C00500843,2242018.0,25,2018,24,2
C00500843,2222018.0,10,2018,22,2
C00500843,2282018.0,50,2018,28,2
C00500843,2052018.0,35,2018,05,2
C00500843,2222018.0,50,2018,22,2
C00500843,2282018.0,25,2018,28,2
C00500843,2262018.0,25,2018,26,2
C00500843,2242018.0,50,2018,24,2
C00500843,2172018.0,10,2018,17,2
C00500843,2012018.0,10,2018,01,2
C00500843,2202018.0,100,2018,20,2
C00500843,2282018.0,25,2018,28,2
C00500843,2072018.0,50,2018,07,2
C00500843,2222018.0,25,2018,22,2
C00500843,2222018.0,50,2018,22,2
C00500843,2062018.0,100,2018,06,2
C00500843,2282018.0,10,2018,28,2
C00500843,2212018.0,35,2018,21,2
C00500843,2072018.0,50,2018,07,2
C00500843,2042018.0,10,2018,04,2
C00500843,2212018.0,10,2018,21,2
C00500843,2222018.0,50,2018,22,2
C00500843,2152018.0,5,2018,15,2
C00500843,2142018.0,12,2018,14,2
C00500843,2142018.0,10,2018,14,2
C00500843,2252018.0,25,2018,25,2
C00500843,2092018.0,25,2018,09,2
C00500843,2202018.0,50,2018,20,2
C00500843,2152018.0,10,2018,15,2
C00500843,2272018.0,10,2018,27,2
C00500843,2132018.0,10,2018,13,2
C00500843,2142018.0,10,2018,14,2
C00500843,2282018.0,2,2018,28,2
C00500843,2172018.0,25,2018,17,2
C00500843,2242018.0,20,2018,24,2
C00500843,2232018.0,27,2018,23,2
C00500843,2072018.0,25,2018,07,2
C00500843,2082018.0,5,2018,08,2
C00500843,2092018.0,5,2018,09,2
C00500843,2132018.0,25,2018,13,2
C00500843,2182018.0,25,2018,18,2
C00500843,2122018.0,100,2018,12,2
C00500843,2062018.0,100,2018,06,2
C00500843,2232018.0,100,2018,23,2
C00500843,2212018.0,2700,2018,21,2
C00500843,2122018.0,35,2018,12,2
C00500843,2122018.0,100,2018,12,2
C00500843,2262018.0,5,2018,26,2
C00500843,2222018.0,5,2018,22,2
C00500843,2012018.0,5,2018,01,2
C00500843,2212018.0,50,2018,21,2
C00500843,2272018.0,45,2018,27,2
C00500843,2102018.0,2,2018,10,2
C00500843,2232018.0,15,2018,23,2
C00500843,2222018.0,10,2018,22,2
C00500843,2202018.0,50,2018,20,2
C00500843,2232018.0,5,2018,23,2
C00500843,2202018.0,100,2018,20,2
C00500843,2242018.0,5,2018,24,2
C00500843,2162018.0,25,2018,16,2
C00500843,2062018.0,200,2018,06,2
C00500843,2282018.0,5,2018,28,2
C00500843,2282018.0,20,2018,28,2
C00500843,2202018.0,50,2018,20,2
C00500843,2162018.0,50,2018,16,2
C00500843,2222018.0,25,2018,22,2
C00500843,2222018.0,5,2018,22,2
C00500843,2072018.0,25,2018,07,2
C00500843,2142018.0,25,2018,14,2
C00500843,2242018.0,25,2018,24,2
C00500843,2102018.0,25,2018,10,2
C00500843,2282018.0,10,2018,28,2
C00500843,2202018.0,50,2018,20,2
C00500843,2222018.0,5,2018,22,2
C00500843,2202018.0,50,2018,20,2
C00500843,2202018.0,20,2018,20,2
C00500843,2232018.0,20,2018,23,2
C00500843,2282018.0,2,2018,28,2
C00500843,2132018.0,25,2018,13,2
C00500843,2262018.0,20,2018,26,2
C00500843,2122018.0,100,2018,12,2
C00500843,2212018.0,10,2018,21,2
C00500843,2222018.0,10,2018,22,2
C00500843,2232018.0,100,2018,23,2
C00500843,2072018.0,25,2018,07,2
C00500843,2272018.0,500,2018,27,2
C00500843,2232018.0,50,2018,23,2
C00500843,2202018.0,35,2018,20,2
C00500843,2082018.0,5,2018,08,2
C00500843,2282018.0,10,2018,28,2
C00500843,2262018.0,50,2018,26,2
C00500843,2122018.0,50,2018,12,2
C00500843,2272018.0,50,2018,27,2
C00500843,2282018.0,10,2018,28,2
C00500843,2162018.0,100,2018,16,2
C00500843,2202018.0,100,2018,20,2
C00500843,2172018.0,20,2018,17,2
C00500843,2282018.0,5,2018,28,2
C00500843,2152018.0,100,2018,15,2
C00500843,2122018.0,100,2018,12,2
C00500843,2062018.0,25,2018,06,2
C00500843,2112018.0,25,2018,11,2
C00500843,2202018.0,4,2018,20,2
C00500843,2242018.0,10,2018,24,2
C00500843,2212018.0,10,2018,21,2
C00500843,2272018.0,50,2018,27,2
C00500843,2272018.0,50,2018,27,2
C00500843,2072018.0,12,2018,07,2
C00500843,2222018.0,10,2018,22,2
C00500843,2242018.0,500,2018,24,2
C00500843,2112018.0,10,2018,11,2
C00500843,2022018.0,100,2018,02,2
C00500843,2232018.0,50,2018,23,2
C00500843,2282018.0,50,2018,28,2
C00500843,2212018.0,500,2018,21,2
C00500843,2272018.0,25,2018,27,2
C00500843,2132018.0,25,2018,13,2
C00500843,2082018.0,5,2018,08,2
C00500843,2202018.0,250,2018,20,2
C00500843,2082018.0,50,2018,08,2
C00500843,2102018.0,25,2018,10,2
C00500843,2252018.0,5,2018,25,2
C00500843,2282018.0,10,2018,28,2
C00500843,2072018.0,5,2018,07,2
C00500843,2022018.0,50,2018,02,2
C00500843,2122018.0,50,2018,12,2
C00500843,2132018.0,25,2018,13,2
C00500843,2282018.0,100,2018,28,2
C00500843,2222018.0,5,2018,22,2
C00500843,2232018.0,25,2018,23,2
C00500843,2282018.0,10,2018,28,2
C00500843,2142018.0,10,2018,14,2
C00500843,2252018.0,10,2018,25,2
C00500843,2202018.0,35,2018,20,2
C00500843,2202018.0,35,2018,20,2
C00500843,2182018.0,10,2018,18,2
C00500843,2062018.0,25,2018,06,2
C00500843,2222018.0,50,2018,22,2
C00500843,2012018.0,35,2018,01,2
C00500843,2082018.0,50,2018,08,2
C00500843,2122018.0,50,2018,12,2
C00500843,2142018.0,50,2018,14,2
C00500843,2022018.0,100,2018,02,2
C00500843,2212018.0,5,2018,21,2
C00500843,2072018.0,5,2018,07,2
C00500843,2142018.0,10,2018,14,2
C00500843,2272018.0,35,2018,27,2
C00500843,2092018.0,10,2018,09,2
C00500843,2232018.0,50,2018,23,2
C00500843,2142018.0,100,2018,14,2
C00500843,2162018.0,500,2018,16,2
C00500843,2052018.0,25,2018,05,2
C00500843,2202018.0,35,2018,20,2
C00500843,2232018.0,25,2018,23,2
C00500843,2202018.0,5,2018,20,2
C00500843,2272018.0,5,2018,27,2
C00500843,2202018.0,500,2018,20,2
C00500843,2122018.0,50,2018,12,2
C00500843,2022018.0,50,2018,02,2
C00500843,2032018.0,100,2018,03,2
C00500843,2232018.0,45,2018,23,2
C00500843,2182018.0,25,2018,18,2
C00500843,2042018.0,3,2018,04,2
C00500843,2172018.0,10,2018,17,2
C00500843,2022018.0,50,2018,02,2
C00500843,2092018.0,47,2018,09,2
C00500843,2232018.0,100,2018,23,2
C00500843,2162018.0,10,2018,16,2
C00500843,2212018.0,10,2018,21,2
C00500843,2272018.0,10,2018,27,2
C00500843,2222018.0,10,2018,22,2
C00500843,2202018.0,35,2018,20,2
C00500843,2162018.0,5,2018,16,2
C00500843,2282018.0,5,2018,28,2
C00500843,2042018.0,25,2018,04,2
C00500843,2242018.0,25,2018,24,2
C00500843,2072018.0,20,2018,07,2
C00500843,2062018.0,3,2018,06,2
C00500843,2022018.0,25,2018,02,2
C00500843,2102018.0,20,2018,10,2
C00500843,2162018.0,100,2018,16,2
C00500843,2112018.0,5,2018,11,2
C00500843,2132018.0,50,2018,13,2
C00500843,2012018.0,3,2018,01,2
C00500843,2132018.0,25,2018,13,2
C00500843,2232018.0,50,2018,23,2
C00500843,2262018.0,10,2018,26,2
C00500843,2162018.0,250,2018,16,2
C00500843,2052018.0,5,2018,05,2
C00500843,2142018.0,15,2018,14,2
C00500843,2152018.0,30,2018,15,2
C00500843,2212018.0,20,2018,21,2
C00500843,2132018.0,100,2018,13,2
C00500843,2062018.0,25,2018,06,2
C00500843,2132018.0,5,2018,13,2
C00500843,2072018.0,10,2018,07,2
C00500843,2232018.0,5,2018,23,2
C00500843,2202018.0,100,2018,20,2
C00500843,2092018.0,12,2018,09,2
C00500843,2152018.0,5,2018,15,2
C00500843,2102018.0,100,2018,10,2
C00500843,2132018.0,100,2018,13,2
C00500843,2272018.0,25,2018,27,2
C00500843,2272018.0,25,2018,27,2
C00500843,2242018.0,10,2018,24,2
C00500843,2282018.0,20,2018,28,2
C00500843,2282018.0,20,2018,28,2
C00500843,2082018.0,50,2018,08,2
C00500843,2222018.0,10,2018,22,2
C00500843,2012018.0,100,2018,01,2
C00500843,2092018.0,10,2018,09,2
C00500843,2192018.0,25,2018,19,2
C00500843,2222018.0,50,2018,22,2
C00500843,2282018.0,25,2018,28,2
C00500843,2202018.0,250,2018,20,2
C00500843,2222018.0,5,2018,22,2
C00500843,2132018.0,10,2018,13,2
C00500843,2102018.0,10,2018,10,2
C00500843,2212018.0,5,2018,21,2
C00500843,2262018.0,100,2018,26,2
C00500843,2212018.0,25,2018,21,2
C00500843,2282018.0,100,2018,28,2
C00500843,2212018.0,5,2018,21,2
C00500843,2272018.0,10,2018,27,2
C00500843,2012018.0,25,2018,01,2
C00500843,2202018.0,25,2018,20,2
C00500843,2282018.0,500,2018,28,2
C00500843,2042018.0,10,2018,04,2
C00500843,2072018.0,5,2018,07,2
C00500843,2092018.0,12,2018,09,2
C00500843,2022018.0,5,2018,02,2
C00500843,2202018.0,100,2018,20,2
C00500843,2262018.0,10,2018,26,2
C00500843,2252018.0,50,2018,25,2
C00500843,2212018.0,10,2018,21,2
C00500843,2062018.0,25,2018,06,2
C00500843,2102018.0,20,2018,10,2
C00500843,2212018.0,5,2018,21,2
C00500843,2232018.0,5,2018,23,2
C00500843,2222018.0,20,2018,22,2
C00500843,2242018.0,5,2018,24,2
C00500843,2012018.0,50,2018,01,2
C00500843,2272018.0,100,2018,27,2
C00500843,2022018.0,250,2018,02,2
C00500843,2162018.0,75,2018,16,2
C00500843,2222018.0,100,2018,22,2
C00500843,2162018.0,50,2018,16,2
C00500843,2262018.0,5,2018,26,2
C00500843,2072018.0,26,2018,07,2
C00500843,2272018.0,25,2018,27,2
C00500843,2122018.0,100,2018,12,2
C00500843,2282018.0,20,2018,28,2
C00500843,2242018.0,10,2018,24,2
C00500843,2212018.0,100,2018,21,2
C00500843,2122018.0,36,2018,12,2
C00500843,2212018.0,72,2018,21,2
C00500843,2132018.0,25,2018,13,2
C00500843,2282018.0,15,2018,28,2
C00500843,2232018.0,50,2018,23,2
C00500843,2212018.0,10,2018,21,2
C00500843,2232018.0,10,2018,23,2
C00500843,2272018.0,10,2018,27,2
C00500843,2272018.0,10,2018,27,2
C00500843,2082018.0,10,2018,08,2
C00500843,2102018.0,10,2018,10,2
C00500843,2022018.0,50,2018,02,2
C00500843,2212018.0,10,2018,21,2
C00500843,2282018.0,10,2018,28,2
C00500843,2242018.0,10,2018,24,2
C00500843,2272018.0,100,2018,27,2
C00500843,2202018.0,35,2018,20,2
C00500843,2282018.0,25,2018,28,2
C00500843,2282018.0,25,2018,28,2
C00500843,2172018.0,10,2018,17,2
C00500843,2202018.0,35,2018,20,2
C00500843,2112018.0,100,2018,11,2
C00500843,2272018.0,500,2018,27,2
C00500843,2012018.0,50,2018,01,2
C00500843,2222018.0,2700,2018,22,2
C00500843,2262018.0,50,2018,26,2
C00500843,2262018.0,50,2018,26,2
C00500843,2022018.0,30,2018,02,2
C00500843,2202018.0,20,2018,20,2
C00500843,2022018.0,10,2018,02,2
C00500843,2272018.0,25,2018,27,2
C00500843,2082018.0,100,2018,08,2
C00500843,2112018.0,10,2018,11,2
C00500843,2082018.0,50,2018,08,2
C00500843,2222018.0,25,2018,22,2
C00500843,2282018.0,50,2018,28,2
C00500843,2022018.0,50,2018,02,2
C00500843,2122018.0,10,2018,12,2
C00500843,2022018.0,25,2018,02,2
C00500843,2082018.0,27,2018,08,2
C00500843,2102018.0,35,2018,10,2
C00500843,2282018.0,150,2018,28,2
C00500843,2262018.0,50,2018,26,2
C00500843,2142018.0,500,2018,14,2
C00500843,2262018.0,50,2018,26,2
C00500843,2112018.0,25,2018,11,2
C00500843,2062018.0,3,2018,06,2
C00500843,2162018.0,675,2018,16,2
C00500843,2162018.0,25,2018,16,2
C00500843,2202018.0,5,2018,20,2
C00500843,2152018.0,100,2018,15,2
C00500843,2282018.0,10,2018,28,2
C00500843,2222018.0,5,2018,22,2
C00500843,2072018.0,5,2018,07,2
C00500843,2112018.0,5,2018,11,2
C00500843,2142018.0,5,2018,14,2
C00500843,2092018.0,25,2018,09,2
C00500843,2262018.0,50,2018,26,2
C00500843,2262018.0,100,2018,26,2
C00500843,2232018.0,5,2018,23,2
C00500843,2272018.0,5,2018,27,2
C00500843,2132018.0,25,2018,13,2
C00500843,2272018.0,45,2018,27,2
C00500843,2282018.0,25,2018,28,2
C00500843,2202018.0,35,2018,20,2
C00500843,2282018.0,25,2018,28,2
C00500843,2142018.0,35,2018,14,2
C00500843,2232018.0,100,2018,23,2
C00500843,2072018.0,25,2018,07,2
C00500843,2102018.0,10,2018,10,2
C00500843,2232018.0,100,2018,23,2
C00500843,2082018.0,25,2018,08,2
C00500843,2282018.0,25,2018,28,2
C00500843,2272018.0,25,2018,27,2
C00500843,2202018.0,50,2018,20,2
C00500843,2082018.0,5,2018,08,2
C00500843,2262018.0,100,2018,26,2
C00500843,2212018.0,5,2018,21,2
C00500843,2282018.0,7,2018,28,2
C00500843,2062018.0,10,2018,06,2
C00500843,2212018.0,35,2018,21,2
C00500843,2262018.0,100,2018,26,2
C00500843,2102018.0,100,2018,10,2
C00500843,2272018.0,100,2018,27,2
C00500843,2212018.0,25,2018,21,2
C00500843,2282018.0,50,2018,28,2
C00500843,2222018.0,100,2018,22,2
C00500843,2272018.0,50,2018,27,2
C00500843,2082018.0,12,2018,08,2
C00500843,2102018.0,50,2018,10,2
C00500843,2222018.0,25,2018,22,2
C00500843,2102018.0,10,2018,10,2
C00500843,2012018.0,905,2018,01,2
C00500843,2182018.0,250,2018,18,2
C00500843,2012018.0,94,2018,01,2
C00500843,2232018.0,50,2018,23,2
C00500843,2072018.0,35,2018,07,2
C00500843,2222018.0,20,2018,22,2
C00500843,2142018.0,35,2018,14,2
C00500843,2212018.0,5,2018,21,2
C00500843,2232018.0,100,2018,23,2
C00500843,2072018.0,10,2018,07,2
C00500843,2202018.0,20,2018,20,2
C00500843,2152018.0,100,2018,15,2
C00500843,2142018.0,200,2018,14,2
C00500843,2212018.0,20,2018,21,2
C00500843,2092018.0,15,2018,09,2
C00500843,2262018.0,50,2018,26,2
C00500843,2262018.0,35,2018,26,2
C00500843,2232018.0,50,2018,23,2
C00500843,2232018.0,25,2018,23,2
C00500843,2222018.0,25,2018,22,2
C00500843,2282018.0,25,2018,28,2
C00500843,2212018.0,50,2018,21,2
C00500843,2232018.0,100,2018,23,2
C00500843,2232018.0,25,2018,23,2
C00500843,2222018.0,50,2018,22,2
C00500843,2162018.0,100,2018,16,2
C00500843,2102018.0,3,2018,10,2
C00500843,2112018.0,25,2018,11,2
C00500843,2072018.0,25,2018,07,2
C00500843,2232018.0,11,2018,23,2
C00500843,2152018.0,10,2018,15,2
C00500843,2132018.0,25,2018,13,2
C00500843,2232018.0,20,2018,23,2
C00500843,2122018.0,10,2018,12,2
C00500843,2232018.0,50,2018,23,2
C00500843,2282018.0,10,2018,28,2
C00500843,2232018.0,50,2018,23,2
C00500843,2132018.0,50,2018,13,2
C00500843,2242018.0,5,2018,24,2
C00500843,2282018.0,5,2018,28,2
C00500843,2052018.0,100,2018,05,2
C00500843,2082018.0,200,2018,08,2
C00500843,2202018.0,100,2018,20,2
C00500843,2062018.0,25,2018,06,2
C00500843,2282018.0,6,2018,28,2
C00500843,2202018.0,100,2018,20,2
C00500843,2212018.0,5,2018,21,2
C00500843,2052018.0,100,2018,05,2
C00500843,2112018.0,25,2018,11,2
C00500843,2232018.0,12,2018,23,2
C00500843,2072018.0,8,2018,07,2
C00500843,2182018.0,12,2018,18,2
C00500843,2222018.0,100,2018,22,2
C00500843,2222018.0,10,2018,22,2
C00500843,2272018.0,2,2018,27,2
C00500843,2242018.0,50,2018,24,2
C00500843,2202018.0,50,2018,20,2
C00500843,2052018.0,100,2018,05,2
C00500843,2282018.0,27,2018,28,2
C00500843,2212018.0,100,2018,21,2
C00500843,2082018.0,12,2018,08,2
C00500843,2212018.0,25,2018,21,2
C00500843,2222018.0,25,2018,22,2
C00500843,2282018.0,100,2018,28,2
C00500843,2102018.0,10,2018,10,2
C00500843,2132018.0,5,2018,13,2
C00500843,2222018.0,2700,2018,22,2
C00500843,2202018.0,50,2018,20,2
C00500843,2122018.0,100,2018,12,2
C00500843,2202018.0,12,2018,20,2
C00500843,2092018.0,100,2018,09,2
C00500843,2202018.0,100,2018,20,2
C00500843,2172018.0,10,2018,17,2
C00500843,2012018.0,10,2018,01,2
C00500843,2142018.0,10,2018,14,2
C00500843,2182018.0,10,2018,18,2
C00500843,2222018.0,10,2018,22,2
C00500843,2272018.0,5,2018,27,2
C00500843,2282018.0,45,2018,28,2
C00500843,2082018.0,5,2018,08,2
C00500843,2282018.0,10,2018,28,2
C00500843,2072018.0,111,2018,07,2
C00500843,2232018.0,5,2018,23,2
C00500843,2062018.0,10,2018,06,2
C00500843,2152018.0,5,2018,15,2
C00500843,2232018.0,2,2018,23,2
C00500843,2222018.0,5,2018,22,2
C00500843,2142018.0,33,2018,14,2
C00500843,2072018.0,100,2018,07,2
C00500843,2072018.0,36,2018,07,2
C00500843,2132018.0,30,2018,13,2
C00500843,2162018.0,10,2018,16,2
C00500843,2202018.0,35,2018,20,2
C00500843,2222018.0,5,2018,22,2
C00500843,2282018.0,20,2018,28,2
C00500843,2122018.0,5,2018,12,2
C00500843,2112018.0,10,2018,11,2
C00500843,2202018.0,50,2018,20,2
C00500843,2232018.0,50,2018,23,2
C00500843,2072018.0,250,2018,07,2
C00500843,2212018.0,25,2018,21,2
C00500843,2282018.0,25,2018,28,2
C00500843,2122018.0,75,2018,12,2
C00500843,2262018.0,35,2018,26,2
C00500843,2132018.0,25,2018,13,2
C00500843,2212018.0,25,2018,21,2
C00500843,2222018.0,25,2018,22,2
C00500843,2122018.0,250,2018,12,2
C00500843,2212018.0,10,2018,21,2
C00500843,2222018.0,100,2018,22,2
C00500843,2062018.0,30,2018,06,2
C00500843,2052018.0,35,2018,05,2
C00500843,2062018.0,25,2018,06,2
C00500843,2082018.0,25,2018,08,2
C00500843,2142018.0,25,2018,14,2
C00500843,2202018.0,250,2018,20,2
C00500843,2012018.0,50,2018,01,2
C00500843,2162018.0,200,2018,16,2
C00500843,2272018.0,50,2018,27,2
C00500843,2282018.0,45,2018,28,2
C00500843,2282018.0,50,2018,28,2
C00500843,2052018.0,1,2018,05,2
C00500843,2242018.0,5,2018,24,2
C00500843,2262018.0,50,2018,26,2
C00500843,2262018.0,25,2018,26,2
C00500843,2232018.0,25,2018,23,2
C00500843,2142018.0,60,2018,14,2
C00500843,2232018.0,15,2018,23,2
C00500843,2202018.0,50,2018,20,2
C00500843,2222018.0,25,2018,22,2
C00500843,2072018.0,10,2018,07,2
C00500843,2232018.0,10,2018,23,2
C00500843,2162018.0,10,2018,16,2
C00500843,2022018.0,5,2018,02,2
C00500843,2072018.0,10,2018,07,2
C00500843,2232018.0,5,2018,23,2
C00500843,2282018.0,5,2018,28,2
C00500843,2282018.0,10,2018,28,2
C00500843,2282018.0,25,2018,28,2
C00500843,2272018.0,45,2018,27,2
C00500843,2162018.0,50,2018,16,2
C00500843,2202018.0,50,2018,20,2
C00500843,2272018.0,5,2018,27,2
C00500843,2062018.0,10,2018,06,2
C00500843,2092018.0,10,2018,09,2
C00500843,2152018.0,50,2018,15,2
C00500843,2172018.0,10,2018,17,2
C00500843,2222018.0,100,2018,22,2
C00500843,2202018.0,25,2018,20,2
C00500843,2272018.0,20,2018,27,2
C00500843,2282018.0,100,2018,28,2
C00500843,2092018.0,75,2018,09,2
C00500843,2282018.0,50,2018,28,2
C00500843,2022018.0,100,2018,02,2
C00500843,2202018.0,1000,2018,20,2
C00500843,2152018.0,35,2018,15,2
C00500843,2272018.0,25,2018,27,2
C00500843,2082018.0,15,2018,08,2
C00500843,2122018.0,50,2018,12,2
C00500843,2072018.0,12,2018,07,2
C00500843,2202018.0,25,2018,20,2
C00500843,2262018.0,50,2018,26,2
C00500843,2082018.0,25,2018,08,2
C00500843,2222018.0,25,2018,22,2
C00500843,2232018.0,25,2018,23,2
C00500843,2122018.0,5,2018,12,2
C00500843,2092018.0,50,2018,09,2
C00500843,2252018.0,10,2018,25,2
C00500843,2062018.0,10,2018,06,2
C00500843,2102018.0,10,2018,10,2
C00500843,2012018.0,20,2018,01,2
C00500843,2222018.0,10,2018,22,2
C00500843,2042018.0,20,2018,04,2
C00500843,2282018.0,5,2018,28,2
C00500843,2232018.0,50,2018,23,2
C00500843,2132018.0,10,2018,13,2
C00500843,2212018.0,10,2018,21,2
C00500843,2222018.0,10,2018,22,2
C00500843,2222018.0,5,2018,22,2
C00500843,2022018.0,100,2018,02,2
C00500843,2052018.0,25,2018,05,2
C00500843,2072018.0,10,2018,07,2
C00500843,2122018.0,50,2018,12,2
C00500843,2202018.0,20,2018,20,2
C00500843,2222018.0,5,2018,22,2
C00500843,2272018.0,5,2018,27,2
C00500843,2222018.0,25,2018,22,2
C00500843,2272018.0,10,2018,27,2
C00500843,2222018.0,25,2018,22,2
C00500843,2082018.0,25,2018,08,2
C00500843,2122018.0,50,2018,12,2
C00500843,2262018.0,25,2018,26,2
C00500843,2072018.0,10,2018,07,2
C00500843,2272018.0,25,2018,27,2
C00500843,2272018.0,10,2018,27,2
C00500843,2122018.0,30,2018,12,2
C00500843,2102018.0,20,2018,10,2
C00500843,2282018.0,100,2018,28,2
C00500843,2082018.0,5,2018,08,2
C00500843,2222018.0,10,2018,22,2
C00500843,2212018.0,10,2018,21,2
C00500843,2262018.0,50,2018,26,2
C00500843,2132018.0,25,2018,13,2
C00500843,2182018.0,25,2018,18,2
C00500843,2202018.0,25,2018,20,2
C00500843,2202018.0,35,2018,20,2
C00500843,2082018.0,25,2018,08,2
C00500843,2282018.0,50,2018,28,2
C00500843,2252018.0,20,2018,25,2
C00500843,2232018.0,25,2018,23,2
C00500843,2232018.0,50,2018,23,2
C00500843,2232018.0,100,2018,23,2
C00500843,2162018.0,25,2018,16,2
C00500843,2042018.0,10,2018,04,2
C00500843,2222018.0,100,2018,22,2
C00500843,2272018.0,10,2018,27,2
C00500843,2062018.0,25,2018,06,2
C00500843,2112018.0,250,2018,11,2
C00500843,2272018.0,25,2018,27,2
C00500843,2282018.0,5,2018,28,2
C00500843,2212018.0,5,2018,21,2
C00500843,2272018.0,20,2018,27,2
C00500843,2142018.0,7,2018,14,2
C00500843,2252018.0,33,2018,25,2
C00500843,2052018.0,25,2018,05,2
C00500843,2112018.0,10,2018,11,2
C00500843,2152018.0,50,2018,15,2
C00500843,2242018.0,25,2018,24,2
C00500843,2202018.0,10,2018,20,2
C00500843,2072018.0,50,2018,07,2
C00500843,2062018.0,50,2018,06,2
C00500843,2202018.0,35,2018,20,2
C00500843,2212018.0,150,2018,21,2
C00500843,2262018.0,100,2018,26,2
C00500843,2052018.0,2700,2018,05,2
C00500843,2052018.0,2700,2018,05,2
C00500843,2162018.0,25,2018,16,2
C00500843,2222018.0,100,2018,22,2
C00500843,2052018.0,25,2018,05,2
C00500843,2212018.0,50,2018,21,2
C00500843,2232018.0,100,2018,23,2
C00500843,2282018.0,5,2018,28,2
C00500843,2202018.0,50,2018,20,2
C00500843,2202018.0,50,2018,20,2
C00500843,2072018.0,10,2018,07,2
C00500843,2212018.0,500,2018,21,2
C00500843,2202018.0,100,2018,20,2
C00500843,2052018.0,50,2018,05,2
C00500843,2202018.0,50,2018,20,2
C00500843,2022018.0,5,2018,02,2
C00500843,2242018.0,25,2018,24,2
C00500843,2162018.0,50,2018,16,2
C00500843,2272018.0,25,2018,27,2
C00500843,2282018.0,1,2018,28,2
C00500843,2282018.0,7,2018,28,2
C00500843,2082018.0,100,2018,08,2
C00500843,2082018.0,57,2018,08,2
C00500843,2282018.0,25,2018,28,2
C00500843,2232018.0,50,2018,23,2
C00500843,2222018.0,25,2018,22,2
C00500843,2082018.0,25,2018,08,2
C00500843,2072018.0,25,2018,07,2
C00500843,2232018.0,100,2018,23,2
C00500843,2172018.0,60,2018,17,2
C00500843,2072018.0,12,2018,07,2
C00500843,2092018.0,10,2018,09,2
C00500843,2222018.0,20,2018,22,2
C00500843,2062018.0,10,2018,06,2
C00500843,2172018.0,10,2018,17,2
C00500843,2282018.0,5,2018,28,2
C00500843,2202018.0,35,2018,20,2
C00500843,2222018.0,5,2018,22,2
C00500843,2252018.0,10,2018,25,2
C00500843,2232018.0,15,2018,23,2
C00500843,2282018.0,5,2018,28,2
C00500843,2232018.0,250,2018,23,2
C00500843,2212018.0,10,2018,21,2
C00500843,2282018.0,10,2018,28,2
C00500843,2262018.0,50,2018,26,2
C00500843,2282018.0,10,2018,28,2
C00500843,2022018.0,50,2018,02,2
C00500843,2142018.0,87,2018,14,2
C00500843,2142018.0,100,2018,14,2
C00500843,2272018.0,17,2018,27,2
C00500843,2222018.0,5,2018,22,2
C00500843,2222018.0,25,2018,22,2
C00500843,2272018.0,25,2018,27,2
C00500843,2152018.0,50,2018,15,2
C00500843,2022018.0,15,2018,02,2
C00500843,2082018.0,50,2018,08,2
C00500843,2282018.0,25,2018,28,2
C00500843,2222018.0,50,2018,22,2
C00500843,2232018.0,25,2018,23,2
C00500843,2222018.0,5,2018,22,2
C00500843,2222018.0,5,2018,22,2
C00500843,2222018.0,5,2018,22,2
C00500843,2272018.0,10,2018,27,2
C00500843,2022018.0,10,2018,02,2
C00500843,2282018.0,25,2018,28,2
C00500843,2082018.0,25,2018,08,2
C00500843,2282018.0,25,2018,28,2
C00500843,2202018.0,500,2018,20,2
C00500843,2272018.0,25,2018,27,2
C00500843,2062018.0,10,2018,06,2
C00500843,2212018.0,50,2018,21,2
C00500843,2152018.0,100,2018,15,2
C00500843,2222018.0,50,2018,22,2
C00500843,2012018.0,25,2018,01,2
C00500843,2272018.0,12,2018,27,2
C00500843,2232018.0,10,2018,23,2
C00500843,2232018.0,36,2018,23,2
C00500843,2282018.0,25,2018,28,2
C00500843,2272018.0,17,2018,27,2
C00500843,2072018.0,25,2018,07,2
C00500843,2222018.0,35,2018,22,2
C00500843,2282018.0,10,2018,28,2
C00500843,2132018.0,25,2018,13,2
C00500843,2262018.0,25,2018,26,2
C00500843,2062018.0,50,2018,06,2
C00500843,2222018.0,5,2018,22,2
C00500843,2212018.0,5,2018,21,2
C00500843,2222018.0,10,2018,22,2
C00500843,2262018.0,10,2018,26,2
C00500843,2272018.0,50,2018,27,2
C00500843,2212018.0,35,2018,21,2
C00500843,2272018.0,3,2018,27,2
C00500843,2272018.0,50,2018,27,2
C00500843,2072018.0,25,2018,07,2
C00500843,2092018.0,10,2018,09,2
C00500843,2202018.0,35,2018,20,2
C00500843,2122018.0,30,2018,12,2
C00500843,2262018.0,50,2018,26,2
C00500843,2272018.0,50,2018,27,2
C00500843,2282018.0,100,2018,28,2
C00500843,2162018.0,50,2018,16,2
C00500843,2272018.0,45,2018,27,2
C00500843,2202018.0,50,2018,20,2
C00500843,2042018.0,2,2018,04,2
C00500843,2272018.0,10,2018,27,2
C00500843,2082018.0,250,2018,08,2
C00500843,2122018.0,50,2018,12,2
C00500843,2202018.0,100,2018,20,2
C00500843,2232018.0,50,2018,23,2
C00500843,2262018.0,50,2018,26,2
C00500843,2012018.0,4,2018,01,2
C00500843,2212018.0,2,2018,21,2
C00500843,2212018.0,10,2018,21,2
C00500843,2212018.0,5,2018,21,2
C00500843,2232018.0,25,2018,23,2
C00500843,2202018.0,5,2018,20,2
C00500843,2252018.0,5,2018,25,2
C00500843,2232018.0,25,2018,23,2
C00500843,2142018.0,100,2018,14,2
C00500843,2132018.0,50,2018,13,2
C00500843,2242018.0,25,2018,24,2
C00500843,2012018.0,25,2018,01,2
C00500843,2222018.0,5,2018,22,2
C00500843,2282018.0,10,2018,28,2
C00500843,2162018.0,5,2018,16,2
C00500843,2272018.0,10,2018,27,2
C00500843,2032018.0,20,2018,03,2
C00500843,2022018.0,1,2018,02,2
C00500843,2122018.0,25,2018,12,2
C00500843,2252018.0,5,2018,25,2
C00500843,2112018.0,5,2018,11,2
C00500843,2112018.0,10,2018,11,2
C00500843,2272018.0,45,2018,27,2
C00500843,2092018.0,100,2018,09,2
C00500843,2222018.0,50,2018,22,2
C00500843,2202018.0,100,2018,20,2
C00500843,2122018.0,35,2018,12,2
C00500843,2222018.0,50,2018,22,2
C00500843,2282018.0,100,2018,28,2
C00500843,2282018.0,20,2018,28,2
C00500843,2102018.0,10,2018,10,2
C00500843,2282018.0,250,2018,28,2
C00500843,2202018.0,100,2018,20,2
C00500843,2122018.0,100,2018,12,2
C00500843,2182018.0,100,2018,18,2
C00500843,2212018.0,100,2018,21,2
C00500843,2222018.0,100,2018,22,2
C00500843,2132018.0,10,2018,13,2
C00500843,2212018.0,5,2018,21,2
C00500843,2272018.0,25,2018,27,2
C00500843,2272018.0,100,2018,27,2
C00500843,2012018.0,100,2018,01,2
C00500843,2172018.0,50,2018,17,2
C00500843,2032018.0,25,2018,03,2
C00500843,2222018.0,10,2018,22,2
C00500843,2232018.0,50,2018,23,2
C00500843,2232018.0,50,2018,23,2
C00500843,2092018.0,250,2018,09,2
C00500843,2282018.0,100,2018,28,2
C00500843,2282018.0,25,2018,28,2
C00500843,2212018.0,25,2018,21,2
C00500843,2272018.0,50,2018,27,2
C00500843,2042018.0,25,2018,04,2
C00500843,2202018.0,35,2018,20,2
C00500843,2142018.0,50,2018,14,2
C00500843,2232018.0,25,2018,23,2
C00500843,2072018.0,25,2018,07,2
C00500843,2202018.0,10,2018,20,2
C00500843,2232018.0,20,2018,23,2
C00500843,2162018.0,50,2018,16,2
C00500843,2282018.0,17,2018,28,2
C00500843,2102018.0,5,2018,10,2
C00500843,2272018.0,10,2018,27,2
C00500843,2152018.0,150,2018,15,2
C00500843,2282018.0,5,2018,28,2
C00500843,2282018.0,10,2018,28,2
C00500843,2072018.0,10,2018,07,2
C00500843,2152018.0,30,2018,15,2
C00500843,2282018.0,10,2018,28,2
C00500843,2202018.0,100,2018,20,2
C00500843,2232018.0,100,2018,23,2
C00500843,2062018.0,25,2018,06,2
C00500843,2152018.0,50,2018,15,2
C00500843,2222018.0,5,2018,22,2
C00500843,2072018.0,10,2018,07,2
C00500843,2192018.0,25,2018,19,2
C00500843,2182018.0,25,2018,18,2
C00500843,2212018.0,25,2018,21,2
C00500843,2122018.0,10,2018,12,2
C00500843,2012018.0,35,2018,01,2
C00500843,2262018.0,10,2018,26,2
C00500843,2062018.0,15,2018,06,2
C00500843,2092018.0,10,2018,09,2
C00500843,2122018.0,25,2018,12,2
C00500843,2032018.0,50,2018,03,2
C00500843,2282018.0,10,2018,28,2
C00500843,2202018.0,15,2018,20,2
C00500843,2222018.0,25,2018,22,2
C00500843,2272018.0,25,2018,27,2
C00500843,2222018.0,5,2018,22,2
C00500843,2102018.0,15,2018,10,2
C00500843,2082018.0,25,2018,08,2
C00500843,2232018.0,100,2018,23,2
C00500843,2152018.0,100,2018,15,2
C00500843,2132018.0,25,2018,13,2
C00500843,2072018.0,10,2018,07,2
C00500843,2072018.0,15,2018,07,2
C00500843,2142018.0,100,2018,14,2
C00500843,2052018.0,25,2018,05,2
C00500843,2012018.0,5,2018,01,2
C00500843,2282018.0,5,2018,28,2
C00500843,2132018.0,5,2018,13,2
C00500843,2122018.0,25,2018,12,2
C00500843,2212018.0,100,2018,21,2
C00500843,2082018.0,50,2018,08,2
C00500843,2152018.0,50,2018,15,2
C00500843,2282018.0,10,2018,28,2
C00500843,2262018.0,250,2018,26,2
C00500843,2242018.0,4,2018,24,2
C00500843,2202018.0,100,2018,20,2
C00500843,2212018.0,25,2018,21,2
C00500843,2272018.0,20,2018,27,2
C00500843,2082018.0,50,2018,08,2
C00500843,2012018.0,10,2018,01,2
C00500843,2072018.0,10,2018,07,2
C00500843,2122018.0,100,2018,12,2
C00500843,2222018.0,25,2018,22,2
C00500843,2132018.0,20,2018,13,2
C00500843,2072018.0,25,2018,07,2
C00500843,2242018.0,25,2018,24,2
C00500843,2272018.0,45,2018,27,2
C00500843,2282018.0,10,2018,28,2
C00500843,2062018.0,10,2018,06,2
C00500843,2112018.0,25,2018,11,2
C00500843,2222018.0,10,2018,22,2
C00500843,2092018.0,10,2018,09,2
C00500843,2062018.0,3,2018,06,2
C00500843,2272018.0,6,2018,27,2
C00500843,2212018.0,20,2018,21,2
C00500843,2012018.0,50,2018,01,2
C00500843,2222018.0,50,2018,22,2
C00500843,2232018.0,35,2018,23,2
C00500843,2092018.0,25,2018,09,2
C00500843,2042018.0,10,2018,04,2
C00500843,2282018.0,10,2018,28,2
C00500843,2162018.0,100,2018,16,2
C00500843,2142018.0,50,2018,14,2
C00500843,2222018.0,100,2018,22,2
C00500843,2272018.0,10,2018,27,2
C00500843,2202018.0,50,2018,20,2
C00500843,2262018.0,35,2018,26,2
C00500843,2092018.0,50,2018,09,2
C00500843,2202018.0,60,2018,20,2
C00500843,2122018.0,50,2018,12,2
C00500843,2122018.0,35,2018,12,2
C00500843,2172018.0,25,2018,17,2
C00500843,2222018.0,50,2018,22,2
C00500843,2232018.0,25,2018,23,2
C00500843,2222018.0,100,2018,22,2
C00500843,2132018.0,100,2018,13,2
C00500843,2282018.0,25,2018,28,2
C00500843,2282018.0,25,2018,28,2
C00500843,2172018.0,25,2018,17,2
C00500843,2012018.0,2,2018,01,2
C00500843,2052018.0,100,2018,05,2
C00500843,2282018.0,25,2018,28,2
C00500843,2092018.0,25,2018,09,2
C00500843,2072018.0,27,2018,07,2
C00500843,2232018.0,50,2018,23,2
C00500843,2162018.0,50,2018,16,2
C00500843,2122018.0,25,2018,12,2
C00500843,2282018.0,5,2018,28,2
C00500843,2242018.0,11,2018,24,2
C00500843,2222018.0,5,2018,22,2
C00500843,2232018.0,50,2018,23,2
C00500843,2012018.0,8,2018,01,2
C00500843,2072018.0,26,2018,07,2
C00500843,2272018.0,5,2018,27,2
C00500843,2262018.0,50,2018,26,2
C00500843,2152018.0,50,2018,15,2
C00500843,2072018.0,5,2018,07,2
C00500843,2052018.0,5,2018,05,2
C00500843,2122018.0,5,2018,12,2
C00500843,2182018.0,3,2018,18,2
C00500843,2222018.0,25,2018,22,2
C00500843,2232018.0,100,2018,23,2
C00500843,2282018.0,50,2018,28,2
C00500843,2242018.0,25,2018,24,2
C00500843,2062018.0,7,2018,06,2
C00500843,2202018.0,100,2018,20,2
C00500843,2232018.0,20,2018,23,2
C00500843,2282018.0,5,2018,28,2
C00500843,2282018.0,12,2018,28,2
C00500843,2152018.0,100,2018,15,2
C00500843,2092018.0,10,2018,09,2
C00500843,2272018.0,10,2018,27,2
C00500843,2162018.0,35,2018,16,2
C00500843,2262018.0,10,2018,26,2
C00500843,2282018.0,100,2018,28,2
C00500843,2052018.0,20,2018,05,2
C00500843,2282018.0,10,2018,28,2
C00500843,2062018.0,5,2018,06,2
C00500843,2082018.0,1,2018,08,2
C00500843,2282018.0,5,2018,28,2
C00500843,2032018.0,20,2018,03,2
C00500843,2212018.0,5,2018,21,2
C00500843,2282018.0,50,2018,28,2
C00500843,2242018.0,25,2018,24,2
C00500843,2122018.0,100,2018,12,2
C00500843,2182018.0,5,2018,18,2
C00500843,2232018.0,5,2018,23,2
C00500843,2232018.0,10,2018,23,2
C00500843,2282018.0,10,2018,28,2
C00500843,2072018.0,10,2018,07,2
C00500843,2072018.0,12,2018,07,2
C00500843,2182018.0,10,2018,18,2
C00500843,2022018.0,25,2018,02,2
C00500843,2282018.0,10,2018,28,2
C00500843,2162018.0,100,2018,16,2
C00500843,2202018.0,50,2018,20,2
C00500843,2032018.0,125,2018,03,2
C00500843,2212018.0,25,2018,21,2
C00500843,2232018.0,25,2018,23,2
C00500843,2102018.0,25,2018,10,2
C00500843,2192018.0,500,2018,19,2
C00500843,2162018.0,50,2018,16,2
C00500843,2282018.0,10,2018,28,2
C00500843,2092018.0,5,2018,09,2
C00500843,2262018.0,150,2018,26,2
C00500843,2122018.0,10,2018,12,2
C00500843,2072018.0,10,2018,07,2
C00500843,2282018.0,100,2018,28,2
C00500843,2202018.0,50,2018,20,2
C00500843,2202018.0,35,2018,20,2
C00500843,2012018.0,25,2018,01,2
C00500843,2262018.0,25,2018,26,2
C00500843,2272018.0,10,2018,27,2
C00500843,2232018.0,20,2018,23,2
C00500843,2262018.0,150,2018,26,2
C00500843,2262018.0,50,2018,26,2
C00500843,2082018.0,35,2018,08,2
C00500843,2162018.0,10,2018,16,2
C00500843,2202018.0,50,2018,20,2
C00500843,2142018.0,5,2018,14,2
C00500843,2222018.0,5,2018,22,2
C00500843,2092018.0,9,2018,09,2
C00500843,2122018.0,10,2018,12,2
C00500843,2202018.0,35,2018,20,2
C00500843,2122018.0,2700,2018,12,2
C00500843,2142018.0,25,2018,14,2
C00500843,2082018.0,50,2018,08,2
C00500843,2162018.0,100,2018,16,2
C00500843,2242018.0,5,2018,24,2
C00500843,2262018.0,25,2018,26,2
C00500843,2222018.0,500,2018,22,2
C00500843,2122018.0,100,2018,12,2
C00500843,2062018.0,10,2018,06,2
C00500843,2232018.0,25,2018,23,2
C00500843,2122018.0,250,2018,12,2
C00500843,2142018.0,25,2018,14,2
C00500843,2282018.0,10,2018,28,2
C00500843,2202018.0,100,2018,20,2
C00500843,2232018.0,50,2018,23,2
C00500843,2132018.0,15,2018,13,2
C00500843,2072018.0,50,2018,07,2
C00500843,2122018.0,200,2018,12,2
C00500843,2202018.0,200,2018,20,2
C00500843,2222018.0,100,2018,22,2
C00500843,2222018.0,25,2018,22,2
C00500843,2182018.0,10,2018,18,2
C00500843,2282018.0,50,2018,28,2
C00500843,2112018.0,10,2018,11,2
C00500843,2282018.0,15,2018,28,2
C00500843,2212018.0,50,2018,21,2
C00500843,2222018.0,20,2018,22,2
C00500843,2272018.0,20,2018,27,2
C00500843,2022018.0,10,2018,02,2
C00500843,2012018.0,15,2018,01,2
C00500843,2182018.0,25,2018,18,2
C00500843,2062018.0,50,2018,06,2
C00500843,2262018.0,50,2018,26,2
C00500843,2052018.0,50,2018,05,2
C00500843,2062018.0,25,2018,06,2
C00500843,2132018.0,20,2018,13,2
C00500843,2202018.0,10,2018,20,2
C00500843,2112018.0,5,2018,11,2
C00500843,2232018.0,5,2018,23,2
C00500843,2172018.0,10,2018,17,2
C00500843,2162018.0,2,2018,16,2
C00500843,2092018.0,1,2018,09,2
C00500843,2182018.0,10,2018,18,2
C00500843,2282018.0,6,2018,28,2
C00500843,2072018.0,10,2018,07,2
C00500843,2232018.0,25,2018,23,2
C00500843,2092018.0,75,2018,09,2
C00500843,2282018.0,10,2018,28,2
C00500843,2262018.0,5,2018,26,2
C00500843,2082018.0,25,2018,08,2
C00500843,2152018.0,240,2018,15,2
C00500843,2202018.0,35,2018,20,2
C00500843,2232018.0,100,2018,23,2
C00500843,2072018.0,100,2018,07,2
C00500843,2122018.0,99,2018,12,2
C00500843,2282018.0,25,2018,28,2
C00500843,2142018.0,10,2018,14,2
C00500843,2232018.0,50,2018,23,2
C00500843,2282018.0,10,2018,28,2
C00500843,2202018.0,50,2018,20,2
C00500843,2222018.0,25,2018,22,2
C00500843,2142018.0,50,2018,14,2
C00500843,2122018.0,100,2018,12,2
C00500843,2202018.0,250,2018,20,2
C00500843,2222018.0,10,2018,22,2
C00500843,2072018.0,25,2018,07,2
C00500843,2222018.0,10,2018,22,2
C00500843,2022018.0,20,2018,02,2
C00500843,2052018.0,100,2018,05,2
C00500843,2032018.0,5,2018,03,2
C00500843,2142018.0,5,2018,14,2
C00500843,2222018.0,5,2018,22,2
C00500843,2202018.0,100,2018,20,2
C00500843,2152018.0,50,2018,15,2
C00500843,2082018.0,50,2018,08,2
C00500843,2092018.0,12,2018,09,2
C00500843,2202018.0,50,2018,20,2
C00500843,2052018.0,100,2018,05,2
C00500843,2072018.0,10,2018,07,2
C00500843,2282018.0,5,2018,28,2
C00500843,2242018.0,20,2018,24,2
C00500843,2052018.0,10,2018,05,2
C00500843,2232018.0,50,2018,23,2
C00500843,2282018.0,20,2018,28,2
C00500843,2272018.0,100,2018,27,2
C00500843,2162018.0,10,2018,16,2
C00500843,2272018.0,25,2018,27,2
C00500843,2092018.0,50,2018,09,2
C00500843,2212018.0,5,2018,21,2
C00500843,2282018.0,5,2018,28,2
C00500843,2232018.0,50,2018,23,2
C00500843,2232018.0,10,2018,23,2
C00500843,2202018.0,45,2018,20,2
C00500843,2212018.0,7,2018,21,2
C00500843,2072018.0,25,2018,07,2
C00500843,2222018.0,5,2018,22,2
C00500843,2232018.0,50,2018,23,2
C00500843,2152018.0,25,2018,15,2
C00500843,2012018.0,50,2018,01,2
C00500843,2182018.0,25,2018,18,2
C00500843,2152018.0,50,2018,15,2
C00500843,2202018.0,100,2018,20,2
C00500843,2282018.0,10,2018,28,2
C00500843,2142018.0,12,2018,14,2
C00500843,2282018.0,25,2018,28,2
C00500843,2282018.0,45,2018,28,2
C00500843,2212018.0,20,2018,21,2
C00500843,2202018.0,250,2018,20,2
C00500843,2012018.0,50,2018,01,2
C00500843,2232018.0,50,2018,23,2
C00500843,2272018.0,45,2018,27,2
C00500843,2112018.0,20,2018,11,2
C00500843,2232018.0,20,2018,23,2
C00500843,2122018.0,100,2018,12,2
C00500843,2232018.0,50,2018,23,2
C00500843,2262018.0,5,2018,26,2
C00500843,2032018.0,25,2018,03,2
C00500843,2282018.0,7,2018,28,2
C00500843,2052018.0,2700,2018,05,2
C00500843,2202018.0,50,2018,20,2
C00500843,2012018.0,10,2018,01,2
C00500843,2242018.0,25,2018,24,2
C00500843,2222018.0,50,2018,22,2
C00500843,2262018.0,150,2018,26,2
C00500843,2222018.0,25,2018,22,2
C00500843,2092018.0,9,2018,09,2
C00500843,2202018.0,1000,2018,20,2
C00500843,2122018.0,100,2018,12,2
C00500843,2062018.0,10,2018,06,2
C00500843,2072018.0,10,2018,07,2
C00500843,2072018.0,25,2018,07,2
C00500843,2012018.0,10,2018,01,2
C00500843,2022018.0,25,2018,02,2
C00500843,2122018.0,60,2018,12,2
C00500843,2012018.0,10,2018,01,2
C00500843,2232018.0,15,2018,23,2
C00500843,2222018.0,10,2018,22,2
C00500843,2122018.0,35,2018,12,2
C00500843,2202018.0,50,2018,20,2
C00500843,2092018.0,10,2018,09,2
C00500843,2152018.0,25,2018,15,2
C00500843,2112018.0,100,2018,11,2
C00500843,2072018.0,50,2018,07,2
C00500843,2202018.0,30,2018,20,2
C00500843,2072018.0,250,2018,07,2
C00500843,2092018.0,10,2018,09,2
C00500843,2142018.0,20,2018,14,2
C00500843,2162018.0,25,2018,16,2
C00500843,2132018.0,3,2018,13,2
C00500843,2222018.0,50,2018,22,2
C00500843,2282018.0,10,2018,28,2
C00500843,2232018.0,20,2018,23,2
C00500843,2082018.0,25,2018,08,2
C00500843,2272018.0,25,2018,27,2
C00500843,2232018.0,10,2018,23,2
C00500843,2272018.0,25,2018,27,2
C00500843,2282018.0,20,2018,28,2
C00500843,2222018.0,10,2018,22,2
C00500843,2282018.0,5,2018,28,2
C00500843,2062018.0,5,2018,06,2
C00500843,2122018.0,50,2018,12,2
C00500843,2052018.0,35,2018,05,2
C00500843,2282018.0,10,2018,28,2
C00500843,2132018.0,25,2018,13,2
C00500843,2122018.0,50,2018,12,2
C00500843,2212018.0,25,2018,21,2
C00500843,2282018.0,45,2018,28,2
C00500843,2182018.0,50,2018,18,2
C00500843,2272018.0,25,2018,27,2
C00500843,2062018.0,25,2018,06,2
C00500843,2062018.0,25,2018,06,2
C00500843,2172018.0,50,2018,17,2
C00500843,2222018.0,5,2018,22,2
C00500843,2062018.0,5,2018,06,2
C00500843,2222018.0,9,2018,22,2
C00500843,2272018.0,50,2018,27,2
C00500843,2062018.0,25,2018,06,2
C00500843,2082018.0,25,2018,08,2
C00500843,2242018.0,25,2018,24,2
C00500843,2282018.0,50,2018,28,2
C00500843,2012018.0,25,2018,01,2
C00500843,2252018.0,5,2018,25,2
C00500843,2042018.0,50,2018,04,2
C00500843,2212018.0,25,2018,21,2
C00500843,2202018.0,100,2018,20,2
C00500843,2222018.0,10,2018,22,2
C00500843,2282018.0,20,2018,28,2
C00500843,2282018.0,20,2018,28,2
C00500843,2082018.0,5,2018,08,2
C00500843,2132018.0,50,2018,13,2
C00500843,2162018.0,50,2018,16,2
C00500843,2052018.0,25,2018,05,2
C00500843,2012018.0,50,2018,01,2
C00500843,2152018.0,5,2018,15,2
C00500843,2222018.0,18,2018,22,2
C00500843,2152018.0,50,2018,15,2
C00500843,2222018.0,50,2018,22,2
C00500843,2262018.0,100,2018,26,2
C00500843,2022018.0,25,2018,02,2
C00500843,2282018.0,10,2018,28,2
C00500843,2272018.0,10,2018,27,2
C00500843,2202018.0,50,2018,20,2
C00500843,2072018.0,10,2018,07,2
C00500843,2282018.0,11,2018,28,2
C00500843,2222018.0,10,2018,22,2
C00500843,2162018.0,20,2018,16,2
C00500843,2262018.0,250,2018,26,2
C00500843,2162018.0,50,2018,16,2
C00500843,2062018.0,100,2018,06,2
C00500843,2222018.0,7,2018,22,2
C00500843,2132018.0,35,2018,13,2
C00500843,2022018.0,25,2018,02,2
C00500843,2152018.0,10,2018,15,2
C00500843,2012018.0,10,2018,01,2
C00500843,2182018.0,15,2018,18,2
C00500843,2062018.0,100,2018,06,2
C00500843,2222018.0,100,2018,22,2
C00500843,2282018.0,250,2018,28,2
C00500843,2202018.0,25,2018,20,2
C00500843,2242018.0,15,2018,24,2
C00500843,2202018.0,25,2018,20,2
C00500843,2202018.0,50,2018,20,2
C00500843,2052018.0,100,2018,05,2
C00500843,2072018.0,25,2018,07,2
C00500843,2072018.0,57,2018,07,2
C00500843,2212018.0,10,2018,21,2
C00500843,2132018.0,35,2018,13,2
C00500843,2092018.0,50,2018,09,2
C00500843,2052018.0,10,2018,05,2
C00500843,2022018.0,10,2018,02,2
C00500843,2062018.0,5,2018,06,2
C00500843,2252018.0,25,2018,25,2
C00500843,2222018.0,10,2018,22,2
C00500843,2262018.0,15,2018,26,2
C00500843,2272018.0,5,2018,27,2
C00500843,2132018.0,10,2018,13,2
C00500843,2252018.0,10,2018,25,2
C00500843,2142018.0,25,2018,14,2
C00500843,2062018.0,10,2018,06,2
C00500843,2162018.0,40,2018,16,2
C00500843,2052018.0,10,2018,05,2
C00500843,2212018.0,6,2018,21,2
C00500843,2122018.0,500,2018,12,2
C00500843,2202018.0,100,2018,20,2
C00500843,2152018.0,12,2018,15,2
C00500843,2202018.0,25,2018,20,2
C00500843,2052018.0,5,2018,05,2
C00500843,2072018.0,5,2018,07,2
C00500843,2242018.0,100,2018,24,2
C00500843,2282018.0,100,2018,28,2
C00500843,2072018.0,50,2018,07,2
C00500843,2012018.0,25,2018,01,2
C00500843,2232018.0,10,2018,23,2
C00500843,2092018.0,25,2018,09,2
C00500843,2282018.0,25,2018,28,2
C00500843,2222018.0,15,2018,22,2
C00500843,2072018.0,25,2018,07,2
C00500843,2072018.0,15,2018,07,2
C00500843,2152018.0,50,2018,15,2
C00500843,2212018.0,25,2018,21,2
C00500843,2262018.0,50,2018,26,2
C00500843,2222018.0,10,2018,22,2
C00500843,2282018.0,25,2018,28,2
C00500843,2162018.0,50,2018,16,2
C00500843,2282018.0,100,2018,28,2
C00500843,2262018.0,50,2018,26,2
C00500843,2212018.0,20,2018,21,2
C00500843,2202018.0,40,2018,20,2
C00500843,2022018.0,100,2018,02,2
C00500843,2282018.0,50,2018,28,2
C00500843,2272018.0,20,2018,27,2
C00500843,2202018.0,50,2018,20,2
C00500843,2072018.0,26,2018,07,2
C00500843,2062018.0,40,2018,06,2
C00500843,2262018.0,50,2018,26,2
C00500843,2212018.0,25,2018,21,2
C00500843,2162018.0,200,2018,16,2
C00500843,2122018.0,100,2018,12,2
C00500843,2152018.0,20,2018,15,2
C00500843,2222018.0,25,2018,22,2
C00500843,2272018.0,25,2018,27,2
C00500843,2262018.0,100,2018,26,2
C00500843,2132018.0,25,2018,13,2
C00500843,2052018.0,10,2018,05,2
C00500843,2122018.0,10,2018,12,2
C00500843,2272018.0,100,2018,27,2
C00500843,2282018.0,5,2018,28,2
C00500843,2202018.0,100,2018,20,2
C00500843,2152018.0,100,2018,15,2
C00500843,2102018.0,25,2018,10,2
C00500843,2232018.0,25,2018,23,2
C00500843,2202018.0,50,2018,20,2
C00500843,2282018.0,10,2018,28,2
C00500843,2232018.0,10,2018,23,2
C00500843,2272018.0,10,2018,27,2
C00500843,2242018.0,20,2018,24,2
C00500843,2202018.0,25,2018,20,2
C00500843,2052018.0,10,2018,05,2
C00500843,2202018.0,100,2018,20,2
C00500843,2132018.0,50,2018,13,2
C00500843,2142018.0,12,2018,14,2
C00500843,2102018.0,10,2018,10,2
C00500843,2152018.0,100,2018,15,2
C00500843,2212018.0,1,2018,21,2
C00500843,2172018.0,5,2018,17,2
C00500843,2282018.0,10,2018,28,2
C00500843,2232018.0,5,2018,23,2
C00500843,2132018.0,10,2018,13,2
C00500843,2242018.0,5,2018,24,2
C00500843,2232018.0,5,2018,23,2
C00500843,2072018.0,10,2018,07,2
C00500843,2272018.0,25,2018,27,2
C00500843,2232018.0,200,2018,23,2
C00500843,2272018.0,17,2018,27,2
C00500843,2282018.0,100,2018,28,2
C00500843,2222018.0,5,2018,22,2
C00500843,2222018.0,20,2018,22,2
C00500843,2232018.0,100,2018,23,2
C00500843,2222018.0,100,2018,22,2
C00500843,2092018.0,50,2018,09,2
C00500843,2222018.0,50,2018,22,2
C00500843,2062018.0,10,2018,06,2
C00500843,2282018.0,5,2018,28,2
C00500843,2022018.0,1,2018,02,2
C00500843,2072018.0,100,2018,07,2
C00500843,2212018.0,35,2018,21,2
C00500843,2062018.0,25,2018,06,2
C00500843,2282018.0,25,2018,28,2
C00500843,2282018.0,25,2018,28,2
C00500843,2282018.0,20,2018,28,2
C00500843,2082018.0,100,2018,08,2
C00500843,2232018.0,5,2018,23,2
C00500843,2172018.0,15,2018,17,2
C00500843,2282018.0,25,2018,28,2
C00500843,2152018.0,100,2018,15,2
C00500843,2172018.0,10,2018,17,2
C00500843,2232018.0,50,2018,23,2
C00500843,2212018.0,10,2018,21,2
C00500843,2212018.0,10,2018,21,2
C00500843,2222018.0,25,2018,22,2
C00500843,2282018.0,50,2018,28,2
C00500843,2232018.0,50,2018,23,2
C00500843,2052018.0,35,2018,05,2
C00500843,2142018.0,12,2018,14,2
C00500843,2232018.0,5,2018,23,2
C00500843,2232018.0,100,2018,23,2
C00500843,2012018.0,25,2018,01,2
C00500843,2122018.0,50,2018,12,2
C00500843,2132018.0,5,2018,13,2
C00500843,2092018.0,10,2018,09,2
C00500843,2082018.0,10,2018,08,2
C00500843,2242018.0,50,2018,24,2
C00500843,2042018.0,10,2018,04,2
C00500843,2122018.0,50,2018,12,2
C00500843,2052018.0,50,2018,05,2
C00500843,2272018.0,500,2018,27,2
C00500843,2232018.0,25,2018,23,2
C00500843,2272018.0,25,2018,27,2
C00500843,2212018.0,50,2018,21,2
C00500843,2092018.0,50,2018,09,2
C00500843,2172018.0,104,2018,17,2
C00500843,2142018.0,250,2018,14,2
C00500843,2212018.0,20,2018,21,2
C00500843,2062018.0,10,2018,06,2
C00500843,2132018.0,10,2018,13,2
C00500843,2222018.0,5,2018,22,2
C00500843,2152018.0,100,2018,15,2
C00500843,2282018.0,10,2018,28,2
C00500843,2272018.0,50,2018,27,2
C00500843,2262018.0,50,2018,26,2
C00500843,2122018.0,35,2018,12,2
C00500843,2162018.0,50,2018,16,2
C00500843,2232018.0,100,2018,23,2
C00500843,2282018.0,12,2018,28,2
C00500843,2042018.0,100,2018,04,2
C00500843,2092018.0,35,2018,09,2
C00500843,2092018.0,25,2018,09,2
C00500843,2222018.0,10,2018,22,2
C00500843,2202018.0,100,2018,20,2
C00500843,2252018.0,50,2018,25,2
C00500843,2162018.0,100,2018,16,2
C00500843,2162018.0,25,2018,16,2
C00500843,2112018.0,15,2018,11,2
C00500843,2072018.0,30,2018,07,2
C00500843,2262018.0,50,2018,26,2
C00500843,2142018.0,50,2018,14,2
C00500843,2082018.0,25,2018,08,2
C00500843,2212018.0,10,2018,21,2
C00500843,2122018.0,100,2018,12,2
C00500843,2212018.0,25,2018,21,2
C00500843,2242018.0,25,2018,24,2
C00500843,2072018.0,10,2018,07,2
C00500843,2222018.0,10,2018,22,2
C00500843,2222018.0,50,2018,22,2
C00500843,2252018.0,10,2018,25,2
C00500843,2062018.0,10,2018,06,2
C00500843,2282018.0,12,2018,28,2
C00500843,2222018.0,5,2018,22,2
C00500843,2152018.0,250,2018,15,2
C00500843,2122018.0,100,2018,12,2
C00500843,2192018.0,25,2018,19,2
C00500843,2072018.0,25,2018,07,2
C00500843,2282018.0,5,2018,28,2
C00500843,2282018.0,5,2018,28,2
C00500843,2022018.0,3,2018,02,2
C00500843,2232018.0,5,2018,23,2
C00500843,2192018.0,10,2018,19,2
C00500843,2072018.0,16,2018,07,2
C00500843,2202018.0,100,2018,20,2
C00500843,2142018.0,250,2018,14,2
C00500843,2122018.0,50,2018,12,2
C00500843,2132018.0,25,2018,13,2
C00500843,2212018.0,100,2018,21,2
C00500843,2152018.0,20,2018,15,2
C00500843,2282018.0,25,2018,28,2
C00500843,2142018.0,5,2018,14,2
C00500843,2072018.0,50,2018,07,2
C00500843,2092018.0,25,2018,09,2
C00500843,2072018.0,5,2018,07,2
C00500843,2072018.0,50,2018,07,2
C00500843,2092018.0,100,2018,09,2
C00500843,2282018.0,5,2018,28,2
C00500843,2102018.0,8,2018,10,2
C00500843,2222018.0,10,2018,22,2
C00500843,2122018.0,75,2018,12,2
C00500843,2272018.0,2,2018,27,2
C00500843,2062018.0,100,2018,06,2
C00500843,2052018.0,25,2018,05,2
C00500843,2282018.0,25,2018,28,2
C00500843,2102018.0,25,2018,10,2
C00500843,2132018.0,5,2018,13,2
C00500843,2172018.0,10,2018,17,2
C00500843,2262018.0,50,2018,26,2
C00500843,2272018.0,50,2018,27,2
C00500843,2282018.0,5,2018,28,2
C00500843,2282018.0,10,2018,28,2
C00500843,2272018.0,10,2018,27,2
C00500843,2282018.0,100,2018,28,2
C00500843,2282018.0,50,2018,28,2
C00500843,2282018.0,45,2018,28,2
C00500843,2062018.0,10,2018,06,2
C00500843,2092018.0,5,2018,09,2
C00500843,2122018.0,150,2018,12,2
C00500843,2232018.0,100,2018,23,2
C00500843,2262018.0,20,2018,26,2
C00500843,2272018.0,10,2018,27,2
C00500843,2202018.0,50,2018,20,2
C00500843,2222018.0,50,2018,22,2
C00500843,2172018.0,50,2018,17,2
C00500843,2282018.0,25,2018,28,2
C00500843,2272018.0,25,2018,27,2
C00500843,2272018.0,14,2018,27,2
C00500843,2122018.0,150,2018,12,2
C00500843,2052018.0,250,2018,05,2
C00500843,2062018.0,10,2018,06,2
C00500843,2012018.0,25,2018,01,2
C00500843,2232018.0,25,2018,23,2
C00500843,2262018.0,100,2018,26,2
C00500843,2282018.0,25,2018,28,2
C00500843,2052018.0,5,2018,05,2
C00500843,2222018.0,5,2018,22,2
C00500843,2282018.0,25,2018,28,2
C00500843,2202018.0,50,2018,20,2
C00500843,2222018.0,5,2018,22,2
C00500843,2202018.0,50,2018,20,2
C00500843,2062018.0,10,2018,06,2
C00500843,2212018.0,10,2018,21,2
C00500843,2082018.0,25,2018,08,2
C00500843,2262018.0,10,2018,26,2
C00500843,2172018.0,25,2018,17,2
C00500843,2222018.0,5,2018,22,2
C00500843,2122018.0,100,2018,12,2
C00500843,2062018.0,25,2018,06,2
C00500843,2242018.0,250,2018,24,2
C00500843,2212018.0,250,2018,21,2
C00500843,2202018.0,100,2018,20,2
C00500843,2202018.0,25,2018,20,2
C00500843,2072018.0,5,2018,07,2
C00500843,2272018.0,10,2018,27,2
C00500843,2242018.0,50,2018,24,2
C00500843,2132018.0,5,2018,13,2
C00500843,2262018.0,10,2018,26,2
C00500843,2092018.0,25,2018,09,2
C00500843,2052018.0,50,2018,05,2
C00500843,2122018.0,35,2018,12,2
C00500843,2222018.0,100,2018,22,2
C00500843,2102018.0,100,2018,10,2
C00500843,2272018.0,100,2018,27,2
C00500843,2162018.0,35,2018,16,2
C00500843,2162018.0,35,2018,16,2
C00500843,2212018.0,25,2018,21,2
C00500843,2202018.0,50,2018,20,2
C00500843,2122018.0,50,2018,12,2
C00500843,2212018.0,2,2018,21,2
C00500843,2232018.0,20,2018,23,2
C00500843,2072018.0,100,2018,07,2
C00500843,2262018.0,10,2018,26,2
C00500843,2192018.0,5,2018,19,2
C00500843,2262018.0,1,2018,26,2
C00500843,2272018.0,2,2018,27,2
C00500843,2282018.0,15,2018,28,2
C00500843,2252018.0,10,2018,25,2
C00500843,2142018.0,20,2018,14,2
C00500843,2172018.0,5,2018,17,2
C00500843,2092018.0,10,2018,09,2
C00500843,2232018.0,25,2018,23,2
C00500843,2242018.0,10,2018,24,2
C00500843,2062018.0,20,2018,06,2
C00500843,2272018.0,50,2018,27,2
C00500843,2282018.0,10,2018,28,2
C00500843,2142018.0,50,2018,14,2
C00500843,2052018.0,10,2018,05,2
C00500843,2152018.0,50,2018,15,2
C00500843,2262018.0,100,2018,26,2
C00500843,2082018.0,5,2018,08,2
C00500843,2102018.0,10,2018,10,2
C00500843,2072018.0,5,2018,07,2
C00500843,2212018.0,5,2018,21,2
C00500843,2282018.0,45,2018,28,2
C00500843,2232018.0,5,2018,23,2
C00500843,2262018.0,50,2018,26,2
C00500843,2062018.0,1,2018,06,2
C00500843,2072018.0,1,2018,07,2
C00500843,2072018.0,1,2018,07,2
C00500843,2082018.0,1,2018,08,2
C00500843,2012018.0,5,2018,01,2
C00500843,2282018.0,5,2018,28,2
C00500843,2232018.0,50,2018,23,2
C00500843,2062018.0,30,2018,06,2
C00500843,2272018.0,50,2018,27,2
C00500843,2272018.0,50,2018,27,2
C00500843,2202018.0,100,2018,20,2
C00500843,2172018.0,25,2018,17,2
C00500843,2202018.0,35,2018,20,2
C00500843,2062018.0,100,2018,06,2
C00500843,2272018.0,45,2018,27,2
C00500843,2072018.0,30,2018,07,2
C00500843,2272018.0,50,2018,27,2
C00500843,2202018.0,25,2018,20,2
C00500843,2202018.0,50,2018,20,2
C00500843,2212018.0,25,2018,21,2
C00500843,2162018.0,50,2018,16,2
C00500843,2232018.0,10,2018,23,2
C00500843,2062018.0,10,2018,06,2
C00500843,2092018.0,12,2018,09,2
C00500843,2222018.0,25,2018,22,2
C00500843,2262018.0,25,2018,26,2
C00500843,2052018.0,35,2018,05,2
C00500843,2232018.0,50,2018,23,2
C00500843,2282018.0,20,2018,28,2
C00500843,2202018.0,100,2018,20,2
C00500843,2232018.0,5,2018,23,2
C00500843,2232018.0,100,2018,23,2
C00500843,2032018.0,10,2018,03,2
C00500843,2222018.0,50,2018,22,2
C00500843,2202018.0,100,2018,20,2
C00500843,2092018.0,10,2018,09,2
C00500843,2062018.0,25,2018,06,2
C00500843,2272018.0,100,2018,27,2
C00500843,2122018.0,50,2018,12,2
C00500843,2042018.0,10,2018,04,2
C00500843,2282018.0,10,2018,28,2
C00500843,2282018.0,25,2018,28,2
C00500843,2232018.0,200,2018,23,2
C00500843,2142018.0,1,2018,14,2
C00500843,2232018.0,50,2018,23,2
C00500843,2282018.0,10,2018,28,2
C00500843,2012018.0,500,2018,01,2
C00500843,2072018.0,5,2018,07,2
C00500843,2052018.0,250,2018,05,2
C00500843,2152018.0,20,2018,15,2
C00500843,2212018.0,50,2018,21,2
C00500843,2062018.0,50,2018,06,2
C00500843,2152018.0,100,2018,15,2
C00500843,2182018.0,10,2018,18,2
C00500843,2232018.0,25,2018,23,2
C00500843,2282018.0,10,2018,28,2
C00500843,2232018.0,50,2018,23,2
C00500843,2202018.0,50,2018,20,2
C00500843,2232018.0,35,2018,23,2
C00500843,2092018.0,100,2018,09,2
C00500843,2262018.0,100,2018,26,2
C00500843,2122018.0,100,2018,12,2
C00500843,2022018.0,800,2018,02,2
C00500843,2022018.0,200,2018,02,2
C00500843,2052018.0,100,2018,05,2
C00500843,2052018.0,100,2018,05,2
C00500843,2062018.0,362,2018,06,2
C00500843,2062018.0,637,2018,06,2
C00500843,2232018.0,10,2018,23,2
C00500843,2022018.0,25,2018,02,2
C00500843,2222018.0,10,2018,22,2
C00500843,2282018.0,10,2018,28,2
C00500843,2152018.0,75,2018,15,2
C00500843,2162018.0,100,2018,16,2
C00500843,2052018.0,35,2018,05,2
C00500843,2232018.0,50,2018,23,2
C00500843,2272018.0,50,2018,27,2
C00500843,2142018.0,3,2018,14,2
C00500843,2132018.0,25,2018,13,2
C00500843,2152018.0,50,2018,15,2
C00500843,2202018.0,50,2018,20,2
C00500843,2232018.0,25,2018,23,2
C00500843,2232018.0,50,2018,23,2
C00500843,2262018.0,1,2018,26,2
C00500843,2282018.0,5,2018,28,2
C00500843,2012018.0,250,2018,01,2
C00500843,2162018.0,250,2018,16,2
C00500843,2162018.0,1000,2018,16,2
C00500843,2022018.0,25,2018,02,2
C00500843,2072018.0,50,2018,07,2
C00500843,2092018.0,50,2018,09,2
C00500843,2232018.0,10,2018,23,2
C00500843,2202018.0,100,2018,20,2
C00500843,2022018.0,25,2018,02,2
C00500843,2012018.0,50,2018,01,2
C00500843,2262018.0,50,2018,26,2
C00500843,2042018.0,10,2018,04,2
C00500843,2212018.0,50,2018,21,2
C00500843,2212018.0,10,2018,21,2
C00500843,2062018.0,20,2018,06,2
C00500843,2232018.0,20,2018,23,2
C00500843,2082018.0,5,2018,08,2
C00500843,2202018.0,25,2018,20,2
C00500843,2282018.0,7,2018,28,2
C00500843,2152018.0,30,2018,15,2
C00500843,2012018.0,25,2018,01,2
C00500843,2022018.0,100,2018,02,2
C00500843,2272018.0,50,2018,27,2
C00500843,2282018.0,100,2018,28,2
C00500843,2022018.0,50,2018,02,2
C00500843,2222018.0,25,2018,22,2
C00500843,2242018.0,100,2018,24,2
C00500843,2272018.0,250,2018,27,2
C00500843,2262018.0,25,2018,26,2
C00500843,2262018.0,200,2018,26,2
C00500843,2212018.0,50,2018,21,2
C00500843,2272018.0,100,2018,27,2
C00500843,2152018.0,25,2018,15,2
C00500843,2282018.0,25,2018,28,2
C00500843,2262018.0,16,2018,26,2
C00500843,2222018.0,10,2018,22,2
C00500843,2212018.0,25,2018,21,2
C00500843,2172018.0,50,2018,17,2
C00500843,2282018.0,25,2018,28,2
C00500843,2272018.0,100,2018,27,2
C00500843,2102018.0,2,2018,10,2
C00500843,2222018.0,50,2018,22,2
C00500843,2202018.0,50,2018,20,2
C00500843,2202018.0,500,2018,20,2
C00500843,2282018.0,10,2018,28,2
C00500843,2092018.0,11,2018,09,2
C00500843,2272018.0,50,2018,27,2
C00500843,2202018.0,50,2018,20,2
C00500843,2262018.0,45,2018,26,2
C00500843,2272018.0,45,2018,27,2
C00500843,2272018.0,25,2018,27,2
C00500843,2282018.0,25,2018,28,2
C00500843,2092018.0,5,2018,09,2
C00500843,2212018.0,100,2018,21,2
C00500843,2162018.0,25,2018,16,2
C00500843,2062018.0,100,2018,06,2
C00500843,2122018.0,25,2018,12,2
C00500843,2222018.0,10,2018,22,2
C00500843,2062018.0,100,2018,06,2
C00500843,2012018.0,50,2018,01,2
C00500843,2102018.0,25,2018,10,2
C00500843,2202018.0,100,2018,20,2
C00500843,2062018.0,10,2018,06,2
C00500843,2242018.0,5,2018,24,2
C00500843,2092018.0,25,2018,09,2
C00500843,2142018.0,5,2018,14,2
C00500843,2082018.0,39,2018,08,2
C00500843,2082018.0,100,2018,08,2
C00500843,2162018.0,10,2018,16,2
C00500843,2082018.0,5,2018,08,2
C00500843,2282018.0,25,2018,28,2
C00500843,2272018.0,50,2018,27,2
C00500843,2232018.0,35,2018,23,2
C00500843,2282018.0,10,2018,28,2
C00500843,2192018.0,50,2018,19,2
C00500843,2222018.0,500,2018,22,2
C00500843,2232018.0,100,2018,23,2
C00500843,2232018.0,25,2018,23,2
C00500843,2282018.0,15,2018,28,2
C00500843,2082018.0,5,2018,08,2
C00500843,2202018.0,50,2018,20,2
C00500843,2122018.0,10,2018,12,2
C00500843,2012018.0,100,2018,01,2
C00500843,2082018.0,18,2018,08,2
C00500843,2182018.0,50,2018,18,2
C00500843,2252018.0,5,2018,25,2
C00500843,2272018.0,5,2018,27,2
C00500843,2012018.0,50,2018,01,2
C00500843,2162018.0,100,2018,16,2
C00500843,2162018.0,35,2018,16,2
C00500843,2182018.0,15,2018,18,2
C00500843,2222018.0,25,2018,22,2
C00500843,2252018.0,10,2018,25,2
C00500843,2272018.0,25,2018,27,2
C00500843,2262018.0,50,2018,26,2
C00500843,2082018.0,10,2018,08,2
C00500843,2282018.0,25,2018,28,2
C00500843,2222018.0,25,2018,22,2
C00500843,2242018.0,20,2018,24,2
C00500843,2142018.0,100,2018,14,2
C00500843,2162018.0,10,2018,16,2
C00500843,2172018.0,10,2018,17,2
C00500843,2152018.0,1000,2018,15,2
C00500843,2222018.0,50,2018,22,2
C00500843,2242018.0,50,2018,24,2
C00500843,2242018.0,25,2018,24,2
C00500843,2222018.0,10,2018,22,2
C00500843,2242018.0,12,2018,24,2
C00500843,2232018.0,100,2018,23,2
C00500843,2202018.0,25,2018,20,2
C00500843,2162018.0,35,2018,16,2
C00500843,2142018.0,3,2018,14,2
C00500843,2022018.0,25,2018,02,2
C00500843,2012018.0,3,2018,01,2
C00500843,2282018.0,10,2018,28,2
C00500843,2282018.0,10,2018,28,2
C00500843,2072018.0,10,2018,07,2
C00500843,2202018.0,250,2018,20,2
C00500843,2052018.0,50,2018,05,2
C00500843,2152018.0,25,2018,15,2
C00500843,2102018.0,50,2018,10,2
C00500843,2152018.0,100,2018,15,2
C00500843,2142018.0,50,2018,14,2
C00500843,2272018.0,25,2018,27,2
C00500843,2242018.0,10,2018,24,2
C00500843,2282018.0,2,2018,28,2
C00500843,2222018.0,25,2018,22,2
C00500843,2022018.0,100,2018,02,2
C00500843,2272018.0,17,2018,27,2
C00500843,2282018.0,5,2018,28,2
C00500843,2242018.0,10,2018,24,2
C00500843,2122018.0,50,2018,12,2
C00500843,2232018.0,25,2018,23,2
C00500843,2222018.0,50,2018,22,2
C00500843,2282018.0,25,2018,28,2
C00500843,2282018.0,10,2018,28,2
C00500843,2282018.0,10,2018,28,2
C00500843,2262018.0,35,2018,26,2
C00500843,2032018.0,25,2018,03,2
C00500843,2072018.0,50,2018,07,2
C00500843,2082018.0,10,2018,08,2
C00500843,2152018.0,25,2018,15,2
C00500843,2262018.0,5,2018,26,2
C00500843,2202018.0,50,2018,20,2
C00500843,2092018.0,10,2018,09,2
C00500843,2222018.0,25,2018,22,2
C00500843,2282018.0,25,2018,28,2
C00500843,2242018.0,50,2018,24,2
C00500843,2022018.0,25,2018,02,2
C00500843,2082018.0,25,2018,08,2
C00500843,2282018.0,10,2018,28,2
C00500843,2202018.0,25,2018,20,2
C00500843,2182018.0,25,2018,18,2
C00500843,2022018.0,15,2018,02,2
C00500843,2072018.0,15,2018,07,2
C00500843,2072018.0,36,2018,07,2
C00500843,2012018.0,25,2018,01,2
C00500843,2222018.0,5,2018,22,2
C00500843,2262018.0,6,2018,26,2
C00500843,2082018.0,5,2018,08,2
C00500843,2152018.0,7,2018,15,2
C00500843,2212018.0,5,2018,21,2
C00500843,2072018.0,100,2018,07,2
C00500843,2052018.0,1000,2018,05,2
C00500843,2162018.0,10,2018,16,2
C00500843,2142018.0,17,2018,14,2
C00500843,2122018.0,10,2018,12,2
C00500843,2282018.0,10,2018,28,2
C00500843,2252018.0,25,2018,25,2
C00500843,2092018.0,25,2018,09,2
C00500843,2132018.0,5,2018,13,2
C00500843,2272018.0,10,2018,27,2
C00500843,2072018.0,10,2018,07,2
C00500843,2262018.0,25,2018,26,2
C00500843,2092018.0,5,2018,09,2
C00500843,2232018.0,5,2018,23,2
C00500843,2272018.0,5,2018,27,2
C00500843,2052018.0,35,2018,05,2
C00500843,2092018.0,25,2018,09,2
C00500843,2282018.0,25,2018,28,2
C00500843,2222018.0,10,2018,22,2
C00500843,2262018.0,20,2018,26,2
C00500843,2272018.0,20,2018,27,2
C00500843,2282018.0,25,2018,28,2
C00500843,2282018.0,25,2018,28,2
C00500843,2012018.0,100,2018,01,2
C00500843,2082018.0,25,2018,08,2
C00500843,2232018.0,2,2018,23,2
C00500843,2012018.0,100,2018,01,2
C00500843,2282018.0,100,2018,28,2
C00500843,2052018.0,50,2018,05,2
C00500843,2282018.0,45,2018,28,2
C00500843,2212018.0,100,2018,21,2
C00500843,2022018.0,10,2018,02,2
C00500843,2092018.0,10,2018,09,2
C00500843,2092018.0,5,2018,09,2
C00500843,2122018.0,10,2018,12,2
C00500843,2222018.0,5,2018,22,2
C00500843,2222018.0,10,2018,22,2
C00500843,2202018.0,100,2018,20,2
C00500843,2142018.0,10,2018,14,2
C00500843,2082018.0,50,2018,08,2
C00500843,2022018.0,10,2018,02,2
C00500843,2222018.0,1,2018,22,2
C00500843,2072018.0,25,2018,07,2
C00500843,2282018.0,10,2018,28,2
C00500843,2092018.0,200,2018,09,2
C00500843,2122018.0,50,2018,12,2
C00500843,2282018.0,30,2018,28,2
C00500843,2212018.0,5,2018,21,2
C00500843,2162018.0,100,2018,16,2
C00500843,2222018.0,35,2018,22,2
C00500843,2012018.0,25,2018,01,2
C00500843,2062018.0,10,2018,06,2
C00500843,2142018.0,500,2018,14,2
C00500843,2022018.0,50,2018,02,2
C00500843,2072018.0,25,2018,07,2
C00500843,2202018.0,100,2018,20,2
C00500843,2262018.0,30,2018,26,2
C00500843,2092018.0,35,2018,09,2
C00500843,2242018.0,25,2018,24,2
C00500843,2202018.0,50,2018,20,2
C00500843,2222018.0,9,2018,22,2
C00500843,2282018.0,2,2018,28,2
C00500843,2032018.0,5,2018,03,2
C00500843,2142018.0,20,2018,14,2
C00500843,2072018.0,20,2018,07,2
C00500843,2202018.0,35,2018,20,2
C00500843,2212018.0,10,2018,21,2
C00500843,2262018.0,200,2018,26,2
C00500843,2282018.0,10,2018,28,2
C00500843,2162018.0,10,2018,16,2
C00500843,2152018.0,17,2018,15,2
C00500843,2232018.0,10,2018,23,2
C00500843,2272018.0,5,2018,27,2
C00500843,2272018.0,50,2018,27,2
C00500843,2262018.0,50,2018,26,2
C00500843,2262018.0,200,2018,26,2
C00500843,2142018.0,50,2018,14,2
C00500843,2212018.0,25,2018,21,2
C00500843,2262018.0,25,2018,26,2
C00500843,2222018.0,25,2018,22,2
C00500843,2052018.0,35,2018,05,2
C00500843,2202018.0,50,2018,20,2
C00500843,2232018.0,10,2018,23,2
C00500843,2262018.0,50,2018,26,2
C00500843,2042018.0,15,2018,04,2
C00500843,2122018.0,3,2018,12,2
C00500843,2222018.0,5,2018,22,2
C00500843,2142018.0,2,2018,14,2
C00500843,2082018.0,35,2018,08,2
C00500843,2072018.0,5,2018,07,2
C00500843,2132018.0,10,2018,13,2
C00500843,2042018.0,10,2018,04,2
C00500843,2202018.0,100,2018,20,2
C00500843,2222018.0,25,2018,22,2
C00500843,2272018.0,10,2018,27,2
C00500843,2232018.0,5,2018,23,2
C00500843,2132018.0,35,2018,13,2
C00500843,2242018.0,25,2018,24,2
C00500843,2142018.0,10,2018,14,2
C00500843,2242018.0,10,2018,24,2
C00500843,2012018.0,20,2018,01,2
C00500843,2082018.0,25,2018,08,2
C00500843,2122018.0,1,2018,12,2
C00500843,2222018.0,5,2018,22,2
C00500843,2262018.0,5,2018,26,2
C00500843,2222018.0,50,2018,22,2
C00500843,2132018.0,10,2018,13,2
C00500843,2062018.0,5,2018,06,2
C00500843,2202018.0,50,2018,20,2
C00500843,2232018.0,50,2018,23,2
C00500843,2122018.0,100,2018,12,2
C00500843,2202018.0,50,2018,20,2
C00500843,2162018.0,35,2018,16,2
C00500843,2072018.0,10,2018,07,2
C00500843,2092018.0,10,2018,09,2
C00500843,2272018.0,25,2018,27,2
C00500843,2222018.0,5,2018,22,2
C00500843,2152018.0,50,2018,15,2
C00500843,2282018.0,5,2018,28,2
C00500843,2262018.0,50,2018,26,2
C00500843,2012018.0,250,2018,01,2
C00500843,2212018.0,10,2018,21,2
C00500843,2042018.0,25,2018,04,2
C00500843,2262018.0,50,2018,26,2
C00500843,2282018.0,10,2018,28,2
C00500843,2232018.0,5,2018,23,2
C00500843,2202018.0,35,2018,20,2
C00500843,2282018.0,50,2018,28,2
C00500843,2242018.0,10,2018,24,2
C00500843,2052018.0,250,2018,05,2
C00500843,2212018.0,10,2018,21,2
C00500843,2232018.0,150,2018,23,2
C00500843,2092018.0,100,2018,09,2
C00500843,2092018.0,25,2018,09,2
C00500843,2132018.0,10,2018,13,2
C00500843,2052018.0,100,2018,05,2
C00500843,2072018.0,100,2018,07,2
C00500843,2202018.0,35,2018,20,2
C00500843,2232018.0,100,2018,23,2
C00500843,2272018.0,25,2018,27,2
C00500843,2142018.0,50,2018,14,2
C00500843,2082018.0,10,2018,08,2
C00500843,2052018.0,10,2018,05,2
C00500843,2282018.0,15,2018,28,2
C00500843,2282018.0,3,2018,28,2
C00500843,2172018.0,10,2018,17,2
C00500843,2062018.0,5,2018,06,2
C00500843,2132018.0,5,2018,13,2
C00500843,2222018.0,5,2018,22,2
C00500843,2232018.0,50,2018,23,2
C00500843,2072018.0,10,2018,07,2
C00500843,2042018.0,10,2018,04,2
C00500843,2122018.0,50,2018,12,2
C00500843,2202018.0,50,2018,20,2
C00500843,2282018.0,25,2018,28,2
C00500843,2142018.0,50,2018,14,2
C00500843,2212018.0,100,2018,21,2
C00500843,2052018.0,25,2018,05,2
C00500843,2162018.0,50,2018,16,2
C00500843,2072018.0,10,2018,07,2
C00500843,2262018.0,35,2018,26,2
C00500843,2282018.0,25,2018,28,2
C00500843,2242018.0,45,2018,24,2
C00500843,2232018.0,37,2018,23,2
C00500843,2252018.0,25,2018,25,2
C00500843,2282018.0,50,2018,28,2
C00500843,2222018.0,50,2018,22,2
C00500843,2012018.0,25,2018,01,2
C00500843,2092018.0,10,2018,09,2
C00500843,2142018.0,17,2018,14,2
C00500843,2262018.0,200,2018,26,2
C00500843,2222018.0,50,2018,22,2
C00500843,2262018.0,50,2018,26,2
C00500843,2022018.0,50,2018,02,2
C00500843,2162018.0,75,2018,16,2
C00500843,2272018.0,50,2018,27,2
C00500843,2122018.0,25,2018,12,2
C00500843,2092018.0,100,2018,09,2
C00500843,2022018.0,25,2018,02,2
C00500843,2272018.0,50,2018,27,2
C00500843,2082018.0,25,2018,08,2
C00500843,2232018.0,10,2018,23,2
C00500843,2062018.0,25,2018,06,2
C00500843,2202018.0,250,2018,20,2
C00500843,2092018.0,50,2018,09,2
C00500843,2072018.0,5,2018,07,2
C00500843,2012018.0,35,2018,01,2
C00500843,2102018.0,5,2018,10,2
C00500843,2202018.0,50,2018,20,2
C00500843,2022018.0,10,2018,02,2
C00500843,2232018.0,25,2018,23,2
C00500843,2222018.0,10,2018,22,2
C00500843,2202018.0,52,2018,20,2
C00500843,2202018.0,35,2018,20,2
C00500843,2062018.0,10,2018,06,2
C00500843,2232018.0,10,2018,23,2
C00500843,2262018.0,10,2018,26,2
C00500843,2132018.0,60,2018,13,2
C00500843,2232018.0,10,2018,23,2
C00500843,2282018.0,10,2018,28,2
C00500843,2072018.0,20,2018,07,2
C00500843,2252018.0,50,2018,25,2
C00500843,2072018.0,20,2018,07,2
C00500843,2152018.0,50,2018,15,2
C00500843,2062018.0,25,2018,06,2
C00500843,2252018.0,25,2018,25,2
C00500843,2162018.0,100,2018,16,2
C00500843,2222018.0,25,2018,22,2
C00500843,2012018.0,50,2018,01,2
C00500843,2072018.0,12,2018,07,2
C00500843,2232018.0,10,2018,23,2
C00500843,2222018.0,50,2018,22,2
C00500843,2232018.0,100,2018,23,2
C00500843,2142018.0,25,2018,14,2
C00500843,2282018.0,25,2018,28,2
C00500843,2232018.0,5,2018,23,2
C00500843,2282018.0,5,2018,28,2
C00500843,2162018.0,25,2018,16,2
C00500843,2132018.0,10,2018,13,2
C00500843,2232018.0,20,2018,23,2
C00500843,2222018.0,250,2018,22,2
C00500843,2052018.0,30,2018,05,2
C00500843,2202018.0,30,2018,20,2
C00500843,2132018.0,50,2018,13,2
C00500843,2062018.0,3,2018,06,2
C00500843,2142018.0,50,2018,14,2
C00500843,2132018.0,10,2018,13,2
C00500843,2242018.0,25,2018,24,2
C00500843,2282018.0,25,2018,28,2
C00500843,2132018.0,250,2018,13,2
C00500843,2202018.0,100,2018,20,2
C00500843,2122018.0,15,2018,12,2
C00500843,2202018.0,25,2018,20,2
C00500843,2232018.0,10,2018,23,2
C00500843,2132018.0,250,2018,13,2
C00500843,2222018.0,5,2018,22,2
C00500843,2222018.0,50,2018,22,2
C00500843,2162018.0,10,2018,16,2
C00500843,2052018.0,250,2018,05,2
C00500843,2262018.0,35,2018,26,2
C00500843,2202018.0,50,2018,20,2
C00500843,2162018.0,2700,2018,16,2
C00500843,2052018.0,200,2018,05,2
C00500843,2282018.0,25,2018,28,2
C00500843,2082018.0,5,2018,08,2
C00500843,2112018.0,2,2018,11,2
C00500843,2142018.0,1,2018,14,2
C00500843,2282018.0,2,2018,28,2
C00500843,2282018.0,100,2018,28,2
C00500843,2202018.0,100,2018,20,2
C00500843,2062018.0,25,2018,06,2
C00500843,2222018.0,250,2018,22,2
C00500843,2122018.0,100,2018,12,2
C00500843,2122018.0,100,2018,12,2
C00500843,2122018.0,400,2018,12,2
C00500843,2222018.0,50,2018,22,2
C00500843,2082018.0,10,2018,08,2
C00500843,2222018.0,5,2018,22,2
C00500843,2272018.0,25,2018,27,2
C00500843,2142018.0,100,2018,14,2
C00500843,2282018.0,250,2018,28,2
C00500843,2072018.0,500,2018,07,2
C00500843,2012018.0,10,2018,01,2
C00500843,2162018.0,10,2018,16,2
C00500843,2232018.0,35,2018,23,2
C00500843,2122018.0,35,2018,12,2
C00500843,2062018.0,200,2018,06,2
C00500843,2152018.0,200,2018,15,2
C00500843,2052018.0,100,2018,05,2
C00500843,2062018.0,10,2018,06,2
C00500843,2132018.0,10,2018,13,2
C00500843,2182018.0,5,2018,18,2
C00500843,2012018.0,50,2018,01,2
C00500843,2012018.0,100,2018,01,2
C00500843,2262018.0,25,2018,26,2
C00500843,2062018.0,35,2018,06,2
C00500843,2232018.0,10,2018,23,2
C00500843,2212018.0,10,2018,21,2
C00500843,2132018.0,10,2018,13,2
C00500843,2212018.0,5,2018,21,2
C00500843,2222018.0,10,2018,22,2
C00500843,2222018.0,100,2018,22,2
C00500843,2142018.0,100,2018,14,2
C00500843,2162018.0,10,2018,16,2
C00500843,2242018.0,10,2018,24,2
C00500843,2152018.0,100,2018,15,2
C00500843,2072018.0,25,2018,07,2
C00500843,2052018.0,100,2018,05,2
C00500843,2172018.0,10,2018,17,2
C00500843,2282018.0,10,2018,28,2
C00500843,2232018.0,10,2018,23,2
C00500843,2132018.0,10,2018,13,2
C00500843,2072018.0,25,2018,07,2
C00500843,2262018.0,25,2018,26,2
C00500843,2202018.0,35,2018,20,2
C00500843,2222018.0,30,2018,22,2
C00500843,2202018.0,50,2018,20,2
C00500843,2222018.0,25,2018,22,2
C00500843,2202018.0,50,2018,20,2
C00500843,2202018.0,50,2018,20,2
C00500843,2012018.0,5,2018,01,2
C00500843,2062018.0,2,2018,06,2
C00500843,2252018.0,6,2018,25,2
C00500843,2202018.0,100,2018,20,2
C00500843,2122018.0,10,2018,12,2
C00500843,2022018.0,50,2018,02,2
C00500843,2272018.0,35,2018,27,2
C00500843,2192018.0,50,2018,19,2
C00500843,2132018.0,25,2018,13,2
C00500843,2102018.0,25,2018,10,2
C00500843,2072018.0,5,2018,07,2
C00500843,2132018.0,5,2018,13,2
C00500843,2152018.0,1,2018,15,2
C00500843,2162018.0,5,2018,16,2
C00500843,2192018.0,5,2018,19,2
C00500843,2112018.0,100,2018,11,2
C00500843,2232018.0,25,2018,23,2
C00500843,2232018.0,25,2018,23,2
C00500843,2262018.0,45,2018,26,2
C00500843,2012018.0,35,2018,01,2
C00500843,2142018.0,10,2018,14,2
C00500843,2282018.0,25,2018,28,2
C00500843,2262018.0,68,2018,26,2
C00500843,2202018.0,400,2018,20,2
C00500843,2252018.0,20,2018,25,2
C00500843,2172018.0,50,2018,17,2
C00500843,2172018.0,10,2018,17,2
C00500843,2212018.0,25,2018,21,2
C00500843,2072018.0,50,2018,07,2
C00500843,2072018.0,50,2018,07,2
C00500843,2172018.0,25,2018,17,2
C00500843,2012018.0,100,2018,01,2
C00500843,2222018.0,250,2018,22,2
C00500843,2282018.0,25,2018,28,2
C00500843,2012018.0,5,2018,01,2
C00500843,2122018.0,2,2018,12,2
C00500843,2262018.0,25,2018,26,2
C00500843,2042018.0,25,2018,04,2
C00500843,2282018.0,10,2018,28,2
C00500843,2162018.0,35,2018,16,2
C00500843,2202018.0,100,2018,20,2
C00500843,2262018.0,50,2018,26,2
C00500843,2162018.0,100,2018,16,2
C00500843,2242018.0,25,2018,24,2
C00500843,2232018.0,10,2018,23,2
C00500843,2122018.0,50,2018,12,2
C00500843,2132018.0,50,2018,13,2
C00500843,2152018.0,25,2018,15,2
C00500843,2232018.0,25,2018,23,2
C00500843,2222018.0,35,2018,22,2
C00500843,2052018.0,50,2018,05,2
C00500843,2132018.0,35,2018,13,2
C00500843,2072018.0,5,2018,07,2
C00500843,2152018.0,10,2018,15,2
C00500843,2232018.0,10,2018,23,2
C00500843,2282018.0,25,2018,28,2
C00500843,2012018.0,35,2018,01,2
C00500843,2132018.0,100,2018,13,2
C00500843,2272018.0,10,2018,27,2
C00500843,2232018.0,50,2018,23,2
C00500843,2202018.0,200,2018,20,2
C00500843,2262018.0,250,2018,26,2
C00500843,2072018.0,5,2018,07,2
C00500843,2082018.0,25,2018,08,2
C00500843,2282018.0,100,2018,28,2
C00500843,2232018.0,10,2018,23,2
C00500843,2272018.0,25,2018,27,2
C00500843,2112018.0,20,2018,11,2
C00500843,2222018.0,10,2018,22,2
C00500843,2282018.0,10,2018,28,2
C00500843,2082018.0,25,2018,08,2
C00500843,2132018.0,50,2018,13,2
C00500843,2122018.0,25,2018,12,2
C00500843,2232018.0,10,2018,23,2
C00500843,2012018.0,150,2018,01,2
C00500843,2222018.0,25,2018,22,2
C00500843,2202018.0,100,2018,20,2
C00500843,2232018.0,10,2018,23,2
C00500843,2082018.0,5,2018,08,2
C00500843,2202018.0,50,2018,20,2
C00500843,2272018.0,50,2018,27,2
C00500843,2092018.0,45,2018,09,2
C00500843,2212018.0,50,2018,21,2
C00500843,2272018.0,100,2018,27,2
C00500843,2282018.0,2,2018,28,2
C00500843,2012018.0,10,2018,01,2
C00500843,2262018.0,100,2018,26,2
C00500843,2082018.0,50,2018,08,2
C00500843,2112018.0,15,2018,11,2
C00500843,2172018.0,5,2018,17,2
C00500843,2192018.0,10,2018,19,2
C00500843,2212018.0,5,2018,21,2
C00500843,2222018.0,5,2018,22,2
C00500843,2132018.0,25,2018,13,2
C00500843,2162018.0,25,2018,16,2
C00500843,2222018.0,10,2018,22,2
C00500843,2162018.0,2700,2018,16,2
C00500843,2132018.0,10,2018,13,2
C00500843,2162018.0,10,2018,16,2
C00500843,2272018.0,5,2018,27,2
C00500843,2272018.0,10,2018,27,2
C00500843,2282018.0,10,2018,28,2
C00500843,2062018.0,3,2018,06,2
C00500843,2132018.0,50,2018,13,2
C00500843,2122018.0,35,2018,12,2
C00500843,2272018.0,10,2018,27,2
C00500843,2022018.0,50,2018,02,2
C00500843,2132018.0,10,2018,13,2
C00500843,2122018.0,50,2018,12,2
C00500843,2072018.0,100,2018,07,2
C00500843,2202018.0,100,2018,20,2
C00500843,2102018.0,10,2018,10,2
C00500843,2212018.0,2,2018,21,2
C00500843,2102018.0,5,2018,10,2
C00500843,2072018.0,250,2018,07,2
C00500843,2272018.0,45,2018,27,2
C00500843,2102018.0,10,2018,10,2
C00500843,2202018.0,35,2018,20,2
C00500843,2082018.0,25,2018,08,2
C00500843,2022018.0,10,2018,02,2
C00500843,2282018.0,25,2018,28,2
C00500843,2282018.0,25,2018,28,2
C00500843,2252018.0,50,2018,25,2
C00500843,2232018.0,25,2018,23,2
C00500843,2202018.0,100,2018,20,2
C00500843,2232018.0,50,2018,23,2
C00500843,2012018.0,50,2018,01,2
C00500843,2152018.0,75,2018,15,2
C00500843,2092018.0,25,2018,09,2
C00500843,2202018.0,50,2018,20,2
C00500843,2232018.0,50,2018,23,2
C00500843,2082018.0,200,2018,08,2
C00500843,2012018.0,25,2018,01,2
C00500843,2232018.0,25,2018,23,2
C00500843,2082018.0,10,2018,08,2
C00500843,2132018.0,10,2018,13,2
C00500843,2212018.0,10,2018,21,2
C00500843,2252018.0,20,2018,25,2
C00500843,2272018.0,10,2018,27,2
C00500843,2152018.0,35,2018,15,2
C00500843,2282018.0,10,2018,28,2
C00500843,2212018.0,10,2018,21,2
C00500843,2162018.0,50,2018,16,2
C00500843,2082018.0,25,2018,08,2
C00500843,2232018.0,45,2018,23,2
C00500843,2202018.0,50,2018,20,2
C00500843,2202018.0,50,2018,20,2
C00500843,2012018.0,25,2018,01,2
C00500843,2202018.0,20,2018,20,2
C00500843,2122018.0,35,2018,12,2
C00500843,2092018.0,20,2018,09,2
C00500843,2092018.0,10,2018,09,2
C00500843,2232018.0,100,2018,23,2
C00500843,2172018.0,10,2018,17,2
C00500843,2072018.0,10,2018,07,2
C00500843,2132018.0,5,2018,13,2
C00500843,2162018.0,50,2018,16,2
C00500843,2232018.0,5,2018,23,2
C00500843,2262018.0,10,2018,26,2
C00500843,2072018.0,10,2018,07,2
C00500843,2012018.0,50,2018,01,2
C00500843,2222018.0,50,2018,22,2
C00500843,2132018.0,5,2018,13,2
C00500843,2222018.0,50,2018,22,2
C00500843,2152018.0,100,2018,15,2
C00500843,2112018.0,100,2018,11,2
C00500843,2282018.0,5,2018,28,2
C00500843,2282018.0,27,2018,28,2
C00500843,2072018.0,500,2018,07,2
C00500843,2272018.0,25,2018,27,2
C00500843,2062018.0,100,2018,06,2
C00500843,2282018.0,12,2018,28,2
C00500843,2282018.0,25,2018,28,2
C00500843,2012018.0,25,2018,01,2
C00500843,2122018.0,50,2018,12,2
C00500843,2222018.0,100,2018,22,2
C00500843,2272018.0,25,2018,27,2
C00500843,2262018.0,50,2018,26,2
C00500843,2252018.0,10,2018,25,2
C00500843,2282018.0,12,2018,28,2
C00500843,2062018.0,20,2018,06,2
C00500843,2212018.0,50,2018,21,2
C00500843,2282018.0,15,2018,28,2
C00500843,2082018.0,35,2018,08,2
C00500843,2092018.0,250,2018,09,2
C00500843,2232018.0,50,2018,23,2
C00500843,2232018.0,20,2018,23,2
C00500843,2222018.0,10,2018,22,2
C00500843,2222018.0,5,2018,22,2
C00500843,2162018.0,10,2018,16,2
C00500843,2262018.0,5,2018,26,2
C00500843,2272018.0,17,2018,27,2
C00500843,2202018.0,35,2018,20,2
C00500843,2212018.0,10,2018,21,2
C00500843,2232018.0,10,2018,23,2
C00500843,2262018.0,15,2018,26,2
C00500843,2222018.0,10,2018,22,2
C00500843,2282018.0,10,2018,28,2
C00500843,2282018.0,5,2018,28,2
C00500843,2232018.0,25,2018,23,2
C00500843,2142018.0,100,2018,14,2
C00500843,2012018.0,50,2018,01,2
C00500843,2282018.0,20,2018,28,2
C00500843,2012018.0,100,2018,01,2
C00500843,2232018.0,100,2018,23,2
C00500843,2082018.0,50,2018,08,2
C00500843,2202018.0,50,2018,20,2
C00500843,2142018.0,10,2018,14,2
C00500843,2162018.0,30,2018,16,2
C00500843,2262018.0,10,2018,26,2
C00500843,2012018.0,50,2018,01,2
C00500843,2062018.0,25,2018,06,2
C00500843,2122018.0,25,2018,12,2
C00500843,2202018.0,35,2018,20,2
C00500843,2012018.0,10,2018,01,2
C00500843,2262018.0,25,2018,26,2
C00500843,2082018.0,100,2018,08,2
C00500843,2262018.0,200,2018,26,2
C00500843,2142018.0,5,2018,14,2
C00500843,2282018.0,10,2018,28,2
C00500843,2202018.0,100,2018,20,2
C00500843,2202018.0,100,2018,20,2
C00500843,2202018.0,50,2018,20,2
C00500843,2202018.0,100,2018,20,2
C00500843,2072018.0,25,2018,07,2
C00500843,2152018.0,50,2018,15,2
C00500843,2222018.0,25,2018,22,2
C00500843,2262018.0,300,2018,26,2
C00500843,2052018.0,100,2018,05,2
C00500843,2222018.0,50,2018,22,2
C00500843,2222018.0,10,2018,22,2
C00500843,2222018.0,5,2018,22,2
C00500843,2122018.0,6,2018,12,2
C00500843,2082018.0,50,2018,08,2
C00500843,2282018.0,50,2018,28,2
C00500843,2012018.0,10,2018,01,2
C00500843,2062018.0,5,2018,06,2
C00500843,2062018.0,5,2018,06,2
C00500843,2282018.0,50,2018,28,2
C00500843,2232018.0,45,2018,23,2
C00500843,2232018.0,25,2018,23,2
C00500843,2282018.0,5,2018,28,2
C00500843,2272018.0,100,2018,27,2
C00500843,2012018.0,10,2018,01,2
C00500843,2282018.0,10,2018,28,2
C00500843,2252018.0,3,2018,25,2
C00500843,2232018.0,25,2018,23,2
C00500843,2282018.0,10,2018,28,2
C00500843,2282018.0,25,2018,28,2
C00500843,2162018.0,50,2018,16,2
C00500843,2242018.0,10,2018,24,2
C00500843,2202018.0,50,2018,20,2
C00500843,2162018.0,50,2018,16,2
C00500843,2212018.0,25,2018,21,2
C00500843,2092018.0,50,2018,09,2
C00500843,2272018.0,25,2018,27,2
C00500843,2092018.0,10,2018,09,2
C00500843,2122018.0,100,2018,12,2
C00500843,2082018.0,100,2018,08,2
C00500843,2202018.0,35,2018,20,2
C00500843,2272018.0,25,2018,27,2
C00500843,2222018.0,5,2018,22,2
C00500843,2142018.0,25,2018,14,2
C00500843,2192018.0,5,2018,19,2
C00500843,2282018.0,7,2018,28,2
C00500843,2212018.0,50,2018,21,2
C00500843,2282018.0,25,2018,28,2
C00500843,2052018.0,50,2018,05,2
C00500843,2092018.0,25,2018,09,2
C00500843,2022018.0,100,2018,02,2
C00500843,2152018.0,5,2018,15,2
C00500843,2232018.0,10,2018,23,2
C00500843,2282018.0,10,2018,28,2
C00500843,2062018.0,5,2018,06,2
C00500843,2222018.0,10,2018,22,2
C00500843,2232018.0,35,2018,23,2
C00500843,2192018.0,25,2018,19,2
C00500843,2142018.0,25,2018,14,2
C00500843,2212018.0,10,2018,21,2
C00500843,2052018.0,50,2018,05,2
C00500843,2132018.0,25,2018,13,2
C00500843,2122018.0,35,2018,12,2
C00500843,2072018.0,5,2018,07,2
C00500843,2062018.0,25,2018,06,2
C00500843,2062018.0,100,2018,06,2
C00500843,2202018.0,50,2018,20,2
C00500843,2272018.0,50,2018,27,2
C00500843,2222018.0,10,2018,22,2
C00500843,2162018.0,50,2018,16,2
C00500843,2172018.0,25,2018,17,2
C00500843,2242018.0,25,2018,24,2
C00500843,2252018.0,25,2018,25,2
C00500843,2022018.0,50,2018,02,2
C00500843,2262018.0,100,2018,26,2
C00500843,2272018.0,7,2018,27,2
C00500843,2132018.0,10,2018,13,2
C00500843,2232018.0,100,2018,23,2
C00500843,2162018.0,35,2018,16,2
C00500843,2052018.0,35,2018,05,2
C00500843,2202018.0,250,2018,20,2
C00500843,2222018.0,10,2018,22,2
C00500843,2212018.0,25,2018,21,2
C00500843,2132018.0,50,2018,13,2
C00500843,2252018.0,35,2018,25,2
C00500843,2122018.0,100,2018,12,2
C00500843,2282018.0,25,2018,28,2
C00500843,2282018.0,10,2018,28,2
C00500843,2222018.0,68,2018,22,2
C00500843,2222018.0,31,2018,22,2
C00500843,2132018.0,25,2018,13,2
C00500843,2282018.0,25,2018,28,2
C00500843,2262018.0,100,2018,26,2
C00500843,2182018.0,25,2018,18,2
C00500843,2272018.0,35,2018,27,2
C00500843,2262018.0,35,2018,26,2
C00500843,2232018.0,25,2018,23,2
C00500843,2212018.0,20,2018,21,2
C00500843,2132018.0,25,2018,13,2
C00500843,2212018.0,5,2018,21,2
C00500843,2062018.0,10,2018,06,2
C00500843,2282018.0,10,2018,28,2
C00500843,2202018.0,50,2018,20,2
C00500843,2152018.0,100,2018,15,2
C00500843,2272018.0,25,2018,27,2
C00500843,2202018.0,50,2018,20,2
C00500843,2202018.0,35,2018,20,2
C00500843,2052018.0,100,2018,05,2
C00500843,2232018.0,20,2018,23,2
C00500843,2202018.0,50,2018,20,2
C00500843,2282018.0,12,2018,28,2
C00500843,2232018.0,10,2018,23,2
C00500843,2282018.0,10,2018,28,2
C00500843,2042018.0,10,2018,04,2
C00500843,2212018.0,10,2018,21,2
C00500843,2262018.0,10,2018,26,2
C00500843,2102018.0,10,2018,10,2
C00500843,2112018.0,20,2018,11,2
C00500843,2282018.0,10,2018,28,2
C00500843,2232018.0,35,2018,23,2
C00500843,2202018.0,100,2018,20,2
C00500843,2062018.0,8,2018,06,2
C00500843,2112018.0,10,2018,11,2
C00500843,2232018.0,5,2018,23,2
C00500843,2062018.0,10,2018,06,2
C00500843,2222018.0,5,2018,22,2
C00500843,2172018.0,10,2018,17,2
C00500843,2232018.0,10,2018,23,2
C00500843,2242018.0,25,2018,24,2
C00500843,2082018.0,5,2018,08,2
C00500843,2242018.0,50,2018,24,2
C00500843,2122018.0,25,2018,12,2
C00500843,2222018.0,10,2018,22,2
C00500843,2192018.0,25,2018,19,2
C00500843,2202018.0,100,2018,20,2
C00500843,2282018.0,25,2018,28,2
C00500843,2072018.0,12,2018,07,2
C00500843,2212018.0,10,2018,21,2
C00500843,2072018.0,10,2018,07,2
C00500843,2222018.0,10,2018,22,2
C00500843,2132018.0,25,2018,13,2
C00500843,2092018.0,150,2018,09,2
C00500843,2262018.0,35,2018,26,2
C00500843,2202018.0,100,2018,20,2
C00500843,2222018.0,25,2018,22,2
C00500843,2272018.0,45,2018,27,2
C00500843,2092018.0,25,2018,09,2
C00500843,2272018.0,10,2018,27,2
C00500843,2152018.0,100,2018,15,2
C00500843,2282018.0,5,2018,28,2
C00500843,2092018.0,100,2018,09,2
C00500843,2232018.0,25,2018,23,2
C00500843,2072018.0,25,2018,07,2
C00500843,2082018.0,15,2018,08,2
C00500843,2222018.0,10,2018,22,2
C00500843,2052018.0,100,2018,05,2
C00500843,2282018.0,100,2018,28,2
C00500843,2012018.0,5,2018,01,2
C00500843,2012018.0,15,2018,01,2
C00500843,2052018.0,50,2018,05,2
C00500843,2212018.0,50,2018,21,2
C00500843,2232018.0,10,2018,23,2
C00500843,2092018.0,10,2018,09,2
C00500843,2162018.0,35,2018,16,2
C00500843,2222018.0,10,2018,22,2
C00500843,2212018.0,50,2018,21,2
C00500843,2072018.0,5,2018,07,2
C00500843,2152018.0,10,2018,15,2
C00500843,2112018.0,25,2018,11,2
C00500843,2082018.0,25,2018,08,2
C00500843,2112018.0,50,2018,11,2
C00500843,2222018.0,10,2018,22,2
C00500843,2132018.0,25,2018,13,2
C00500843,2222018.0,20,2018,22,2
C00500843,2242018.0,5,2018,24,2
C00500843,2052018.0,1,2018,05,2
C00500843,2082018.0,18,2018,08,2
C00500843,2122018.0,35,2018,12,2
C00500843,2212018.0,10,2018,21,2
C00500843,2022018.0,20,2018,02,2
C00500843,2142018.0,20,2018,14,2
C00500843,2222018.0,2700,2018,22,2
C00500843,2052018.0,10,2018,05,2
C00500843,2282018.0,10,2018,28,2
C00500843,2082018.0,12,2018,08,2
C00500843,2052018.0,250,2018,05,2
C00500843,2132018.0,100,2018,13,2
C00500843,2072018.0,3,2018,07,2
C00500843,2212018.0,3,2018,21,2
C00500843,2202018.0,25,2018,20,2
C00500843,2232018.0,3,2018,23,2
C00500843,2192018.0,10,2018,19,2
C00500843,2222018.0,5,2018,22,2
C00500843,2202018.0,100,2018,20,2
C00500843,2282018.0,50,2018,28,2
C00500843,2232018.0,25,2018,23,2
C00500843,2282018.0,50,2018,28,2
C00500843,2252018.0,30,2018,25,2
C00500843,2242018.0,30,2018,24,2
C00500843,2032018.0,12,2018,03,2
C00500843,2282018.0,25,2018,28,2
C00500843,2202018.0,35,2018,20,2
C00500843,2222018.0,30,2018,22,2
C00500843,2202018.0,50,2018,20,2
C00500843,2072018.0,25,2018,07,2
C00500843,2102018.0,10,2018,10,2
C00500843,2192018.0,25,2018,19,2
C00500843,2272018.0,5,2018,27,2
C00500843,2272018.0,10,2018,27,2
C00500843,2282018.0,5,2018,28,2
C00500843,2012018.0,250,2018,01,2
C00500843,2132018.0,10,2018,13,2
C00500843,2132018.0,50,2018,13,2
C00500843,2152018.0,10,2018,15,2
C00500843,2012018.0,50,2018,01,2
C00500843,2222018.0,50,2018,22,2
C00500843,2272018.0,100,2018,27,2
C00500843,2222018.0,25,2018,22,2
C00500843,2152018.0,10,2018,15,2
C00500843,2282018.0,25,2018,28,2
C00500843,2222018.0,5,2018,22,2
C00500843,2142018.0,100,2018,14,2
C00500843,2232018.0,100,2018,23,2
C00500843,2072018.0,25,2018,07,2
C00500843,2132018.0,25,2018,13,2
C00500843,2222018.0,25,2018,22,2
C00500843,2202018.0,25,2018,20,2
C00500843,2232018.0,25,2018,23,2
C00500843,2272018.0,20,2018,27,2
C00500843,2232018.0,34,2018,23,2
C00500843,2222018.0,100,2018,22,2
C00500843,2122018.0,25,2018,12,2
C00500843,2282018.0,50,2018,28,2
C00500843,2272018.0,25,2018,27,2
C00500843,2202018.0,50,2018,20,2
C00500843,2072018.0,5,2018,07,2
C00500843,2212018.0,5,2018,21,2
C00500843,2202018.0,100,2018,20,2
C00500843,2102018.0,25,2018,10,2
C00500843,2062018.0,50,2018,06,2
C00500843,2272018.0,10,2018,27,2
C00500843,2282018.0,20,2018,28,2
C00500843,2272018.0,35,2018,27,2
C00500843,2282018.0,10,2018,28,2
C00500843,2022018.0,5,2018,02,2
C00500843,2172018.0,5,2018,17,2
C00500843,2152018.0,50,2018,15,2
C00500843,2072018.0,500,2018,07,2
C00500843,2282018.0,20,2018,28,2
C00500843,2062018.0,25,2018,06,2
C00500843,2012018.0,25,2018,01,2
C00500843,2102018.0,25,2018,10,2
C00500843,2052018.0,50,2018,05,2
C00500843,2062018.0,25,2018,06,2
C00500843,2082018.0,12,2018,08,2
C00500843,2052018.0,50,2018,05,2
C00500843,2262018.0,100,2018,26,2
C00500843,2232018.0,10,2018,23,2
C00500843,2202018.0,5,2018,20,2
C00500843,2282018.0,5,2018,28,2
C00500843,2072018.0,10,2018,07,2
C00500843,2222018.0,10,2018,22,2
C00500843,2272018.0,10,2018,27,2
C00500843,2072018.0,50,2018,07,2
C00500843,2032018.0,10,2018,03,2
C00500843,2262018.0,50,2018,26,2
C00500843,2062018.0,35,2018,06,2
C00500843,2152018.0,5,2018,15,2
C00500843,2222018.0,50,2018,22,2
C00500843,2282018.0,50,2018,28,2
C00500843,2072018.0,25,2018,07,2
C00500843,2092018.0,25,2018,09,2
C00500843,2162018.0,25,2018,16,2
C00500843,2082018.0,8,2018,08,2
C00500843,2282018.0,10,2018,28,2
C00500843,2022018.0,25,2018,02,2
C00500843,2072018.0,25,2018,07,2
C00500843,2052018.0,25,2018,05,2
C00500843,2222018.0,250,2018,22,2
C00500843,2122018.0,35,2018,12,2
C00500843,2152018.0,25,2018,15,2
C00500843,2012018.0,50,2018,01,2
C00500843,2162018.0,15,2018,16,2
C00500843,2152018.0,10,2018,15,2
C00500843,2052018.0,250,2018,05,2
C00500843,2112018.0,25,2018,11,2
C00500843,2222018.0,20,2018,22,2
C00500843,2052018.0,50,2018,05,2
C00500843,2062018.0,40,2018,06,2
C00500843,2282018.0,100,2018,28,2
C00500843,2052018.0,75,2018,05,2
C00500843,2132018.0,5,2018,13,2
C00500843,2282018.0,25,2018,28,2
C00500843,2232018.0,45,2018,23,2
C00500843,2152018.0,25,2018,15,2
C00500843,2132018.0,1000,2018,13,2
C00500843,2082018.0,12,2018,08,2
C00500843,2192018.0,50,2018,19,2
C00500843,2232018.0,50,2018,23,2
C00500843,2092018.0,25,2018,09,2
C00500843,2212018.0,50,2018,21,2
C00500843,2222018.0,10,2018,22,2
C00500843,2222018.0,25,2018,22,2
C00500843,2262018.0,10,2018,26,2
C00500843,2282018.0,10,2018,28,2
C00500843,2012018.0,7,2018,01,2
C00500843,2222018.0,10,2018,22,2
C00500843,2072018.0,50,2018,07,2
C00500843,2152018.0,25,2018,15,2
C00500843,2212018.0,50,2018,21,2
C00500843,2222018.0,25,2018,22,2
C00500843,2282018.0,50,2018,28,2
C00500843,2232018.0,25,2018,23,2
C00500843,2222018.0,50,2018,22,2
C00500843,2082018.0,50,2018,08,2
C00500843,2262018.0,50,2018,26,2
C00500843,2282018.0,1,2018,28,2
C00500843,2262018.0,250,2018,26,2
C00500843,2012018.0,10,2018,01,2
C00500843,2232018.0,5,2018,23,2
C00500843,2252018.0,10,2018,25,2
C00500843,2262018.0,10,2018,26,2
C00500843,2072018.0,25,2018,07,2
C00500843,2182018.0,25,2018,18,2
C00500843,2222018.0,10,2018,22,2
C00500843,2222018.0,5,2018,22,2
C00500843,2072018.0,86,2018,07,2
C00500843,2172018.0,30,2018,17,2
C00500843,2142018.0,35,2018,14,2
C00500843,2232018.0,10,2018,23,2
C00500843,2272018.0,10,2018,27,2
C00500843,2162018.0,50,2018,16,2
C00500843,2052018.0,50,2018,05,2
C00500843,2072018.0,5,2018,07,2
C00500843,2242018.0,5,2018,24,2
C00500843,2272018.0,20,2018,27,2
C00500843,2262018.0,100,2018,26,2
C00500843,2242018.0,45,2018,24,2
C00500843,2242018.0,10,2018,24,2
C00500843,2262018.0,10,2018,26,2
C00500843,2282018.0,10,2018,28,2
C00500843,2242018.0,10,2018,24,2
C00500843,2202018.0,50,2018,20,2
C00500843,2082018.0,58,2018,08,2
C00500843,2122018.0,250,2018,12,2
C00500843,2202018.0,100,2018,20,2
C00500843,2282018.0,5,2018,28,2
C00500843,2172018.0,10,2018,17,2
C00500843,2242018.0,5,2018,24,2
C00500843,2162018.0,6,2018,16,2
C00500843,2112018.0,25,2018,11,2
C00500843,2122018.0,25,2018,12,2
C00500843,2262018.0,15,2018,26,2
C00500843,2142018.0,5,2018,14,2
C00500843,2022018.0,50,2018,02,2
C00500843,2152018.0,10,2018,15,2
C00500843,2222018.0,25,2018,22,2
C00500843,2132018.0,100,2018,13,2
C00500843,2132018.0,100,2018,13,2
C00500843,2152018.0,50,2018,15,2
C00500843,2232018.0,100,2018,23,2
C00500843,2212018.0,10,2018,21,2
C00500843,2232018.0,2700,2018,23,2
C00500843,2072018.0,25,2018,07,2
C00500843,2222018.0,100,2018,22,2
C00500843,2052018.0,50,2018,05,2
C00500843,2272018.0,10,2018,27,2
C00500843,2222018.0,10,2018,22,2
C00500843,2072018.0,100,2018,07,2
C00500843,2022018.0,50,2018,02,2
C00500843,2052018.0,50,2018,05,2
C00500843,2072018.0,10,2018,07,2
C00500843,2262018.0,5,2018,26,2
C00500843,2042018.0,150,2018,04,2
C00500843,2232018.0,100,2018,23,2
C00500843,2232018.0,100,2018,23,2
C00500843,2152018.0,100,2018,15,2
C00500843,2012018.0,5,2018,01,2
C00500843,2202018.0,35,2018,20,2
C00500843,2142018.0,50,2018,14,2
C00500843,2282018.0,50,2018,28,2
C00500843,2202018.0,50,2018,20,2
C00500843,2152018.0,100,2018,15,2
C00500843,2062018.0,50,2018,06,2
C00500843,2272018.0,25,2018,27,2
C00500843,2222018.0,10,2018,22,2
C00500843,2152018.0,500,2018,15,2
C00500843,2082018.0,17,2018,08,2
C00500843,2212018.0,50,2018,21,2
C00500843,2052018.0,50,2018,05,2
C00500843,2072018.0,100,2018,07,2
C00500843,2202018.0,100,2018,20,2
C00500843,2122018.0,10,2018,12,2
C00500843,2152018.0,25,2018,15,2
C00500843,2272018.0,50,2018,27,2
C00500843,2282018.0,10,2018,28,2
C00500843,2242018.0,50,2018,24,2
C00500843,2202018.0,50,2018,20,2
C00500843,2162018.0,100,2018,16,2
C00500843,2232018.0,5,2018,23,2
C00500843,2072018.0,250,2018,07,2
C00500843,2012018.0,100,2018,01,2
C00500843,2062018.0,25,2018,06,2
C00500843,2122018.0,5,2018,12,2
C00500843,2232018.0,10,2018,23,2
C00500843,2162018.0,35,2018,16,2
C00500843,2232018.0,50,2018,23,2
C00500843,2232018.0,25,2018,23,2
C00500843,2272018.0,25,2018,27,2
C00500843,2222018.0,25,2018,22,2
C00500843,2072018.0,10,2018,07,2
C00500843,2072018.0,25,2018,07,2
C00500843,2202018.0,50,2018,20,2
C00500843,2032018.0,10,2018,03,2
C00500843,2232018.0,25,2018,23,2
C00500843,2282018.0,25,2018,28,2
C00500843,2152018.0,50,2018,15,2
C00500843,2132018.0,5,2018,13,2
C00500843,2222018.0,5,2018,22,2
C00500843,2182018.0,10,2018,18,2
C00500843,2232018.0,5,2018,23,2
C00500843,2282018.0,5,2018,28,2
C00500843,2072018.0,25,2018,07,2
C00500843,2212018.0,25,2018,21,2
C00500843,2202018.0,35,2018,20,2
C00500843,2202018.0,10,2018,20,2
C00500843,2192018.0,10,2018,19,2
C00500843,2162018.0,200,2018,16,2
C00500843,2092018.0,25,2018,09,2
C00500843,2042018.0,5,2018,04,2
C00500843,2132018.0,100,2018,13,2
C00500843,2232018.0,20,2018,23,2
C00500843,2202018.0,50,2018,20,2
C00500843,2262018.0,50,2018,26,2
C00500843,2272018.0,100,2018,27,2
C00500843,2202018.0,200,2018,20,2
C00500843,2072018.0,5,2018,07,2
C00500843,2232018.0,5,2018,23,2
C00500843,2282018.0,5,2018,28,2
C00500843,2012018.0,1,2018,01,2
C00500843,2222018.0,25,2018,22,2
C00500843,2282018.0,25,2018,28,2
C00500843,2282018.0,50,2018,28,2
C00500843,2072018.0,10,2018,07,2
C00500843,2012018.0,35,2018,01,2
C00500843,2032018.0,25,2018,03,2
C00500843,2092018.0,5,2018,09,2
C00500843,2232018.0,45,2018,23,2
C00500843,2052018.0,25,2018,05,2
C00500843,2272018.0,25,2018,27,2
C00500843,2282018.0,10,2018,28,2
C00500843,2272018.0,5,2018,27,2
C00500843,2182018.0,10,2018,18,2
C00500843,2282018.0,5,2018,28,2
C00500843,2132018.0,50,2018,13,2
C00500843,2162018.0,50,2018,16,2
C00500843,2182018.0,50,2018,18,2
C00500843,2092018.0,100,2018,09,2
C00500843,2202018.0,50,2018,20,2
C00500843,2232018.0,5,2018,23,2
C00500843,2262018.0,20,2018,26,2
C00500843,2152018.0,35,2018,15,2
C00500843,2222018.0,50,2018,22,2
C00500843,2222018.0,10,2018,22,2
C00500843,2062018.0,10,2018,06,2
C00500843,2062018.0,25,2018,06,2
C00500843,2082018.0,5,2018,08,2
C00500843,2082018.0,10,2018,08,2
C00500843,2222018.0,5,2018,22,2
C00500843,2232018.0,5,2018,23,2
C00500843,2062018.0,10,2018,06,2
C00500843,2092018.0,25,2018,09,2
C00500843,2072018.0,10,2018,07,2
C00500843,2262018.0,5,2018,26,2
C00500843,2252018.0,25,2018,25,2
C00500843,2272018.0,45,2018,27,2
C00500843,2262018.0,25,2018,26,2
C00500843,2052018.0,25,2018,05,2
C00500843,2092018.0,10,2018,09,2
C00500843,2202018.0,100,2018,20,2
C00500843,2012018.0,50,2018,01,2
C00500843,2092018.0,100,2018,09,2
C00500843,2202018.0,100,2018,20,2
C00500843,2122018.0,50,2018,12,2
C00500843,2112018.0,50,2018,11,2
C00500843,2252018.0,10,2018,25,2
C00500843,2122018.0,50,2018,12,2
C00500843,2122018.0,50,2018,12,2
C00500843,2222018.0,10,2018,22,2
C00500843,2082018.0,20,2018,08,2
C00500843,2172018.0,10,2018,17,2
C00500843,2212018.0,10,2018,21,2
C00500843,2122018.0,50,2018,12,2
C00500843,2072018.0,20,2018,07,2
C00500843,2282018.0,50,2018,28,2
C00500843,2022018.0,50,2018,02,2
C00500843,2072018.0,25,2018,07,2
C00500843,2032018.0,25,2018,03,2
C00500843,2282018.0,25,2018,28,2
C00500843,2212018.0,100,2018,21,2
C00500843,2052018.0,50,2018,05,2
C00500843,2202018.0,250,2018,20,2
C00500843,2082018.0,10,2018,08,2
C00500843,2202018.0,50,2018,20,2
C00500843,2282018.0,17,2018,28,2
C00500843,2012018.0,500,2018,01,2
C00500843,2202018.0,100,2018,20,2
C00500843,2232018.0,100,2018,23,2
C00500843,2272018.0,50,2018,27,2
C00500843,2152018.0,50,2018,15,2
C00500843,2082018.0,10,2018,08,2
C00500843,2202018.0,100,2018,20,2
C00500843,2232018.0,50,2018,23,2
C00500843,2102018.0,25,2018,10,2
C00500843,2232018.0,10,2018,23,2
C00500843,2022018.0,10,2018,02,2
C00500843,2122018.0,25,2018,12,2
C00500843,2122018.0,25,2018,12,2
C00500843,2142018.0,50,2018,14,2
C00500843,2152018.0,25,2018,15,2
C00500843,2232018.0,50,2018,23,2
C00500843,2052018.0,50,2018,05,2
C00500843,2272018.0,200,2018,27,2
C00500843,2272018.0,250,2018,27,2
C00500843,2052018.0,25,2018,05,2
C00500843,2222018.0,25,2018,22,2
C00500843,2122018.0,25,2018,12,2
C00500843,2162018.0,25,2018,16,2
C00500843,2152018.0,100,2018,15,2
C00500843,2232018.0,250,2018,23,2
C00500843,2262018.0,10,2018,26,2
C00500843,2282018.0,10,2018,28,2
C00500843,2282018.0,10,2018,28,2
C00500843,2052018.0,50,2018,05,2
C00500843,2162018.0,50,2018,16,2
C00500843,2212018.0,5,2018,21,2
C00500843,2222018.0,5,2018,22,2
C00500843,2272018.0,5,2018,27,2
C00500843,2272018.0,5,2018,27,2
C00500843,2282018.0,5,2018,28,2
C00500843,2152018.0,50,2018,15,2
C00500843,2152018.0,50,2018,15,2
C00500843,2202018.0,50,2018,20,2
C00500843,2202018.0,50,2018,20,2
C00500843,2052018.0,50,2018,05,2
C00500843,2162018.0,50,2018,16,2
C00500843,2272018.0,10,2018,27,2
C00500843,2012018.0,300,2018,01,2
C00500843,2232018.0,100,2018,23,2
C00500843,2212018.0,25,2018,21,2
C00500843,2232018.0,50,2018,23,2
C00500843,2142018.0,10,2018,14,2
C00500843,2242018.0,25,2018,24,2
C00500843,2242018.0,100,2018,24,2
C00500843,2282018.0,10,2018,28,2
C00500843,2282018.0,50,2018,28,2
C00500843,2232018.0,100,2018,23,2
C00500843,2272018.0,25,2018,27,2
C00500843,2282018.0,45,2018,28,2
C00500843,2222018.0,5,2018,22,2
C00500843,2282018.0,100,2018,28,2
C00500843,2282018.0,25,2018,28,2
C00500843,2282018.0,100,2018,28,2
C00500843,2122018.0,10,2018,12,2
C00500843,2122018.0,50,2018,12,2
C00500843,2122018.0,50,2018,12,2
C00500843,2032018.0,2,2018,03,2
C00500843,2102018.0,10,2018,10,2
C00500843,2112018.0,10,2018,11,2
C00500843,2042018.0,15,2018,04,2
C00500843,2202018.0,10,2018,20,2
C00500843,2232018.0,25,2018,23,2
C00500843,2272018.0,25,2018,27,2
C00500843,2082018.0,35,2018,08,2
C00500843,2122018.0,50,2018,12,2
C00500843,2132018.0,50,2018,13,2
C00500843,2112018.0,50,2018,11,2
C00500843,2232018.0,50,2018,23,2
C00500843,2282018.0,25,2018,28,2
C00500843,2282018.0,45,2018,28,2
C00500843,2122018.0,25,2018,12,2
C00500843,2152018.0,25,2018,15,2
C00500843,2222018.0,15,2018,22,2
C00500843,2262018.0,35,2018,26,2
C00500843,2072018.0,25,2018,07,2
C00500843,2282018.0,100,2018,28,2
C00500843,2082018.0,200,2018,08,2
C00500843,2122018.0,500,2018,12,2
C00500843,2282018.0,25,2018,28,2
C00500843,2062018.0,10,2018,06,2
C00500843,2082018.0,1,2018,08,2
C00500843,2122018.0,5,2018,12,2
C00500843,2172018.0,5,2018,17,2
C00500843,2282018.0,10,2018,28,2
C00500843,2202018.0,50,2018,20,2
C00500843,2282018.0,25,2018,28,2
C00500843,2132018.0,5,2018,13,2
C00500843,2142018.0,1,2018,14,2
C00500843,2272018.0,50,2018,27,2
C00500843,2012018.0,10,2018,01,2
C00500843,2242018.0,5,2018,24,2
C00500843,2162018.0,500,2018,16,2
C00500843,2012018.0,10,2018,01,2
C00500843,2232018.0,50,2018,23,2
C00500843,2242018.0,10,2018,24,2
C00500843,2212018.0,5,2018,21,2
C00500843,2142018.0,10,2018,14,2
C00500843,2222018.0,5,2018,22,2
C00500843,2272018.0,5,2018,27,2
C00500843,2272018.0,5,2018,27,2
C00500843,2242018.0,5,2018,24,2
C00500843,2052018.0,30,2018,05,2
C00500843,2232018.0,12,2018,23,2
C00500843,2122018.0,100,2018,12,2
C00500843,2092018.0,17,2018,09,2
C00500843,2232018.0,25,2018,23,2
C00500843,2052018.0,5,2018,05,2
C00500843,2122018.0,75,2018,12,2
C00500843,2112018.0,5,2018,11,2
C00500843,2262018.0,60,2018,26,2
C00500843,2072018.0,10,2018,07,2
C00500843,2272018.0,10,2018,27,2
C00500843,2072018.0,10,2018,07,2
C00500843,2222018.0,250,2018,22,2
C00500843,2112018.0,10,2018,11,2
C00500843,2232018.0,100,2018,23,2
C00500843,2162018.0,50,2018,16,2
C00500843,2062018.0,25,2018,06,2
C00500843,2272018.0,5,2018,27,2
C00500843,2272018.0,10,2018,27,2
C00500843,2072018.0,10,2018,07,2
C00500843,2072018.0,32,2018,07,2
C00500843,2222018.0,10,2018,22,2
C00500843,2282018.0,10,2018,28,2
C00500843,2192018.0,10,2018,19,2
C00500843,2122018.0,200,2018,12,2
C00500843,2012018.0,50,2018,01,2
C00500843,2262018.0,25,2018,26,2
C00500843,2282018.0,5,2018,28,2
C00500843,2282018.0,10,2018,28,2
C00500843,2212018.0,5,2018,21,2
C00500843,2072018.0,25,2018,07,2
C00500843,2112018.0,25,2018,11,2
C00500843,2022018.0,17,2018,02,2
C00500843,2072018.0,25,2018,07,2
C00500843,2272018.0,12,2018,27,2
C00500843,2282018.0,25,2018,28,2
C00500843,2092018.0,250,2018,09,2
C00500843,2152018.0,50,2018,15,2
C00500843,2022018.0,50,2018,02,2
C00500843,2042018.0,5,2018,04,2
C00500843,2182018.0,25,2018,18,2
C00500843,2272018.0,5,2018,27,2
C00500843,2142018.0,35,2018,14,2
C00500843,2262018.0,12,2018,26,2
C00500843,2042018.0,100,2018,04,2
C00500843,2072018.0,10,2018,07,2
C00500843,2102018.0,100,2018,10,2
C00500843,2132018.0,10,2018,13,2
C00500843,2232018.0,10,2018,23,2
C00500843,2182018.0,20,2018,18,2
C00500843,2152018.0,50,2018,15,2
C00500843,2052018.0,100,2018,05,2
C00500843,2162018.0,75,2018,16,2
C00500843,2242018.0,25,2018,24,2
C00500843,2282018.0,500,2018,28,2
C00500843,2162018.0,100,2018,16,2
C00500843,2232018.0,25,2018,23,2
C00500843,2052018.0,50,2018,05,2
C00500843,2102018.0,25,2018,10,2
C00500843,2152018.0,10,2018,15,2
C00500843,2152018.0,50,2018,15,2
C00500843,2162018.0,250,2018,16,2
C00500843,2282018.0,25,2018,28,2
C00500843,2062018.0,25,2018,06,2
C00500843,2062018.0,1,2018,06,2
C00500843,2022018.0,5,2018,02,2
C00500843,2072018.0,1,2018,07,2
C00500843,2082018.0,1,2018,08,2
C00500843,2212018.0,5,2018,21,2
C00500843,2222018.0,2,2018,22,2
C00500843,2072018.0,12,2018,07,2
C00500843,2262018.0,50,2018,26,2
C00500843,2212018.0,100,2018,21,2
C00500843,2152018.0,10,2018,15,2
C00500843,2252018.0,25,2018,25,2
C00500843,2162018.0,100,2018,16,2
C00500843,2232018.0,10,2018,23,2
C00500843,2092018.0,10,2018,09,2
C00500843,2162018.0,25,2018,16,2
C00500843,2202018.0,100,2018,20,2
C00500843,2192018.0,10,2018,19,2
C00500843,2142018.0,75,2018,14,2
C00500843,2092018.0,5,2018,09,2
C00500843,2142018.0,50,2018,14,2
C00500843,2222018.0,10,2018,22,2
C00500843,2232018.0,100,2018,23,2
C00500843,2232018.0,35,2018,23,2
C00500843,2162018.0,75,2018,16,2
C00500843,2132018.0,50,2018,13,2
C00500843,2142018.0,10,2018,14,2
C00500843,2202018.0,23,2018,20,2
C00500843,2232018.0,10,2018,23,2
C00500843,2072018.0,100,2018,07,2
C00500843,2202018.0,100,2018,20,2
C00500843,2062018.0,5,2018,06,2
C00500843,2132018.0,10,2018,13,2
C00500843,2212018.0,10,2018,21,2
C00500843,2232018.0,50,2018,23,2
C00500843,2212018.0,5,2018,21,2
C00500843,2122018.0,50,2018,12,2
C00500843,2202018.0,100,2018,20,2
C00500843,2122018.0,10,2018,12,2
C00500843,2172018.0,5,2018,17,2
C00500843,2232018.0,5,2018,23,2
C00500843,2232018.0,5,2018,23,2
C00500843,2262018.0,5,2018,26,2
C00500843,2262018.0,5,2018,26,2
C00500843,2282018.0,5,2018,28,2
C00500843,2202018.0,50,2018,20,2
C00500843,2282018.0,25,2018,28,2
C00500843,2282018.0,25,2018,28,2
C00500843,2122018.0,25,2018,12,2
C00500843,2012018.0,30,2018,01,2
C00500843,2062018.0,50,2018,06,2
C00500843,2082018.0,25,2018,08,2
C00500843,2172018.0,10,2018,17,2
C00500843,2282018.0,12,2018,28,2
C00500843,2122018.0,20,2018,12,2
C00500843,2112018.0,10,2018,11,2
C00500843,2142018.0,1,2018,14,2
C00500843,2222018.0,1,2018,22,2
C00500843,2262018.0,1,2018,26,2
C00500843,2272018.0,3,2018,27,2
C00500843,2022018.0,250,2018,02,2
C00500843,2222018.0,5,2018,22,2
C00500843,2282018.0,10,2018,28,2
C00500843,2092018.0,10,2018,09,2
C00500843,2072018.0,500,2018,07,2
C00500843,2122018.0,200,2018,12,2
C00500843,2052018.0,75,2018,05,2
C00500843,2082018.0,25,2018,08,2
C00500843,2272018.0,45,2018,27,2
C00500843,2232018.0,7,2018,23,2
C00500843,2272018.0,100,2018,27,2
C00500843,2282018.0,10,2018,28,2
C00500843,2222018.0,5,2018,22,2
C00500843,2272018.0,20,2018,27,2
C00500843,2282018.0,100,2018,28,2
C00500843,2132018.0,5,2018,13,2
C00500843,2222018.0,25,2018,22,2
C00500843,2132018.0,25,2018,13,2
C00500843,2122018.0,250,2018,12,2
C00500843,2262018.0,50,2018,26,2
C00500843,2232018.0,10,2018,23,2
C00500843,2122018.0,3,2018,12,2
C00500843,2252018.0,5,2018,25,2
C00500843,2262018.0,10,2018,26,2
C00500843,2282018.0,5,2018,28,2
C00500843,2282018.0,25,2018,28,2
C00500843,2272018.0,25,2018,27,2
C00500843,2272018.0,25,2018,27,2
C00500843,2232018.0,100,2018,23,2
C00500843,2262018.0,150,2018,26,2
C00500843,2232018.0,45,2018,23,2
C00500843,2072018.0,12,2018,07,2
C00500843,2072018.0,12,2018,07,2
C00500843,2242018.0,15,2018,24,2
C00500843,2282018.0,10,2018,28,2
C00500843,2012018.0,50,2018,01,2
C00500843,2262018.0,50,2018,26,2
C00500843,2202018.0,50,2018,20,2
C00500843,2222018.0,15,2018,22,2
C00500843,2062018.0,25,2018,06,2
C00500843,2232018.0,25,2018,23,2
C00500843,2232018.0,10,2018,23,2
C00500843,2262018.0,250,2018,26,2
C00500843,2012018.0,12,2018,01,2
C00500843,2082018.0,5,2018,08,2
C00500843,2272018.0,10,2018,27,2
C00500843,2222018.0,50,2018,22,2
C00500843,2272018.0,50,2018,27,2
C00500843,2082018.0,10,2018,08,2
C00500843,2222018.0,25,2018,22,2
C00500843,2212018.0,50,2018,21,2
C00500843,2122018.0,50,2018,12,2
C00500843,2232018.0,10,2018,23,2
C00500843,2092018.0,25,2018,09,2
C00500843,2172018.0,25,2018,17,2
C00500843,2052018.0,100,2018,05,2
C00500843,2202018.0,50,2018,20,2
C00500843,2092018.0,25,2018,09,2
C00500843,2132018.0,12,2018,13,2
C00500843,2232018.0,50,2018,23,2
C00500843,2152018.0,35,2018,15,2
C00500843,2232018.0,45,2018,23,2
C00500843,2202018.0,250,2018,20,2
C00500843,2192018.0,5,2018,19,2
C00500843,2232018.0,5,2018,23,2
C00500843,2282018.0,12,2018,28,2
C00500843,2162018.0,50,2018,16,2
C00500843,2202018.0,100,2018,20,2
C00500843,2022018.0,50,2018,02,2
C00500843,2212018.0,50,2018,21,2
C00500843,2222018.0,50,2018,22,2
C00500843,2082018.0,10,2018,08,2
C00500843,2262018.0,40,2018,26,2
C00500843,2162018.0,35,2018,16,2
C00500843,2052018.0,200,2018,05,2
C00500843,2152018.0,50,2018,15,2
C00500843,2232018.0,10,2018,23,2
C00500843,2232018.0,25,2018,23,2
C00500843,2232018.0,50,2018,23,2
C00500843,2262018.0,10,2018,26,2
C00500843,2062018.0,100,2018,06,2
C00500843,2232018.0,25,2018,23,2
C00500843,2282018.0,25,2018,28,2
C00500843,2272018.0,264,2018,27,2
C00500843,2182018.0,15,2018,18,2
C00500843,2012018.0,25,2018,01,2
C00500843,2282018.0,20,2018,28,2
C00500843,2022018.0,35,2018,02,2
C00500843,2122018.0,27,2018,12,2
C00500843,2272018.0,25,2018,27,2
C00500843,2202018.0,50,2018,20,2
C00500843,2172018.0,50,2018,17,2
C00500843,2072018.0,5,2018,07,2
C00500843,2122018.0,1,2018,12,2
C00500843,2122018.0,10,2018,12,2
C00500843,2212018.0,50,2018,21,2
C00500843,2072018.0,25,2018,07,2
C00500843,2152018.0,50,2018,15,2
C00500843,2052018.0,500,2018,05,2
C00500843,2162018.0,50,2018,16,2
C00500843,2132018.0,10,2018,13,2
C00500843,2252018.0,25,2018,25,2
C00500843,2252018.0,25,2018,25,2
C00500843,2012018.0,50,2018,01,2
C00500843,2072018.0,30,2018,07,2
C00500843,2232018.0,100,2018,23,2
C00500843,2052018.0,50,2018,05,2
C00500843,2172018.0,45,2018,17,2
C00500843,2012018.0,20,2018,01,2
C00500843,2212018.0,25,2018,21,2
C00500843,2272018.0,20,2018,27,2
C00500843,2152018.0,25,2018,15,2
C00500843,2202018.0,50,2018,20,2
C00500843,2092018.0,50,2018,09,2
C00500843,2202018.0,35,2018,20,2
C00500843,2282018.0,10,2018,28,2
C00500843,2282018.0,50,2018,28,2
C00500843,2262018.0,25,2018,26,2
C00500843,2052018.0,1000,2018,05,2
C00500843,2142018.0,25,2018,14,2
C00500843,2062018.0,50,2018,06,2
C00500843,2072018.0,25,2018,07,2
C00500843,2222018.0,25,2018,22,2
C00500843,2072018.0,200,2018,07,2
C00500843,2032018.0,25,2018,03,2
C00500843,2232018.0,50,2018,23,2
C00500843,2092018.0,1700,2018,09,2
C00500843,2082018.0,100,2018,08,2
C00500843,2172018.0,20,2018,17,2
C00500843,2092018.0,5,2018,09,2
C00500843,2172018.0,10,2018,17,2
C00500843,2132018.0,10,2018,13,2
C00500843,2202018.0,50,2018,20,2
C00500843,2042018.0,100,2018,04,2
C00500843,2252018.0,25,2018,25,2
C00500843,2202018.0,100,2018,20,2
C00500843,2242018.0,10,2018,24,2
C00500843,2052018.0,100,2018,05,2
C00500843,2262018.0,100,2018,26,2
C00500843,2232018.0,25,2018,23,2
C00500843,2232018.0,25,2018,23,2
C00500843,2282018.0,10,2018,28,2
C00500843,2242018.0,25,2018,24,2
C00500843,2112018.0,25,2018,11,2
C00500843,2022018.0,10,2018,02,2
C00500843,2282018.0,25,2018,28,2
C00500843,2072018.0,10,2018,07,2
C00500843,2232018.0,100,2018,23,2
C00500843,2232018.0,25,2018,23,2
C00500843,2172018.0,25,2018,17,2
C00500843,2092018.0,10,2018,09,2
C00500843,2142018.0,5,2018,14,2
C00500843,2232018.0,5,2018,23,2
C00500843,2282018.0,25,2018,28,2
C00500843,2282018.0,25,2018,28,2
C00500843,2262018.0,35,2018,26,2
C00500843,2022018.0,15,2018,02,2
C00500843,2232018.0,35,2018,23,2
C00500843,2232018.0,25,2018,23,2
C00500843,2162018.0,100,2018,16,2
C00500843,2082018.0,25,2018,08,2
C00500843,2282018.0,25,2018,28,2
C00500843,2132018.0,50,2018,13,2
C00500843,2202018.0,25,2018,20,2
C00500843,2052018.0,25,2018,05,2
C00500843,2012018.0,45,2018,01,2
C00500843,2212018.0,25,2018,21,2
C00500843,2232018.0,20,2018,23,2
C00500843,2062018.0,25,2018,06,2
C00500843,2232018.0,10,2018,23,2
C00500843,2032018.0,20,2018,03,2
C00500843,2272018.0,25,2018,27,2
C00500843,2232018.0,25,2018,23,2
C00500843,2092018.0,25,2018,09,2
C00500843,2262018.0,30,2018,26,2
C00500843,2092018.0,100,2018,09,2
C00500843,2232018.0,10,2018,23,2
C00500843,2242018.0,10,2018,24,2
C00500843,2162018.0,100,2018,16,2
C00500843,2062018.0,10,2018,06,2
C00500843,2222018.0,4,2018,22,2
C00500843,2072018.0,25,2018,07,2
C00500843,2212018.0,25,2018,21,2
C00500843,2282018.0,25,2018,28,2
C00500843,2212018.0,100,2018,21,2
C00500843,2282018.0,50,2018,28,2
C00500843,2062018.0,10,2018,06,2
C00500843,2082018.0,25,2018,08,2
C00500843,2282018.0,5,2018,28,2
C00500843,2082018.0,25,2018,08,2
C00500843,2092018.0,35,2018,09,2
C00500843,2272018.0,25,2018,27,2
C00500843,2132018.0,25,2018,13,2
C00500843,2222018.0,10,2018,22,2
C00500843,2132018.0,10,2018,13,2
C00500843,2272018.0,27,2018,27,2
C00500843,2262018.0,27,2018,26,2
C00500843,2082018.0,50,2018,08,2
C00500843,2182018.0,1,2018,18,2
C00500843,2202018.0,1,2018,20,2
C00500843,2162018.0,50,2018,16,2
C00500843,2232018.0,50,2018,23,2
C00500843,2092018.0,25,2018,09,2
C00500843,2142018.0,5,2018,14,2
C00500843,2092018.0,25,2018,09,2
C00500843,2072018.0,10,2018,07,2
C00500843,2172018.0,25,2018,17,2
C00500843,2282018.0,45,2018,28,2
C00500843,2122018.0,50,2018,12,2
C00500843,2242018.0,3,2018,24,2
C00500843,2282018.0,10,2018,28,2
C00500843,2162018.0,50,2018,16,2
C00500843,2092018.0,20,2018,09,2
C00500843,2092018.0,50,2018,09,2
C00500843,2102018.0,12,2018,10,2
C00500843,2272018.0,10,2018,27,2
C00500843,2222018.0,10,2018,22,2
C00500843,2072018.0,25,2018,07,2
C00500843,2222018.0,10,2018,22,2
C00500843,2272018.0,45,2018,27,2
C00500843,2232018.0,10,2018,23,2
C00500843,2182018.0,1,2018,18,2
C00500843,2112018.0,50,2018,11,2
C00500843,2052018.0,100,2018,05,2
C00500843,2222018.0,50,2018,22,2
C00500843,2222018.0,5,2018,22,2
C00500843,2272018.0,5,2018,27,2
C00500843,2012018.0,250,2018,01,2
C00500843,2202018.0,25,2018,20,2
C00500843,2012018.0,50,2018,01,2
C00500843,2162018.0,25,2018,16,2
C00500843,2222018.0,10,2018,22,2
C00500843,2222018.0,10,2018,22,2
C00500843,2072018.0,10,2018,07,2
C00500843,2222018.0,5,2018,22,2
C00500843,2272018.0,45,2018,27,2
C00500843,2162018.0,25,2018,16,2
C00500843,2162018.0,50,2018,16,2
C00500843,2062018.0,25,2018,06,2
C00500843,2072018.0,10,2018,07,2
C00500843,2062018.0,5,2018,06,2
C00500843,2232018.0,5,2018,23,2
C00500843,2252018.0,5,2018,25,2
C00500843,2282018.0,5,2018,28,2
C00500843,2162018.0,35,2018,16,2
C00500843,2152018.0,100,2018,15,2
C00500843,2022018.0,25,2018,02,2
C00500843,2132018.0,10,2018,13,2
C00500843,2082018.0,50,2018,08,2
C00500843,2012018.0,5,2018,01,2
C00500843,2222018.0,5,2018,22,2
C00500843,2132018.0,50,2018,13,2
C00500843,2072018.0,25,2018,07,2
C00500843,2092018.0,10,2018,09,2
C00500843,2122018.0,5,2018,12,2
C00500843,2282018.0,10,2018,28,2
C00500843,2232018.0,50,2018,23,2
C00500843,2282018.0,5,2018,28,2
C00500843,2272018.0,10,2018,27,2
C00500843,2282018.0,10,2018,28,2
C00500843,2212018.0,25,2018,21,2
C00500843,2082018.0,200,2018,08,2
C00500843,2282018.0,45,2018,28,2
C00500843,2202018.0,50,2018,20,2
C00500843,2132018.0,10,2018,13,2
C00500843,2222018.0,10,2018,22,2
C00500843,2282018.0,10,2018,28,2
C00500843,2122018.0,100,2018,12,2
C00500843,2022018.0,25,2018,02,2
C00500843,2082018.0,100,2018,08,2
C00500843,2282018.0,20,2018,28,2
C00500843,2092018.0,50,2018,09,2
C00500843,2222018.0,20,2018,22,2
C00500843,2252018.0,100,2018,25,2
C00500843,2082018.0,25,2018,08,2
C00500843,2022018.0,100,2018,02,2
C00500843,2072018.0,50,2018,07,2
C00500843,2132018.0,50,2018,13,2
C00500843,2122018.0,50,2018,12,2
C00500843,2232018.0,50,2018,23,2
C00500843,2082018.0,50,2018,08,2
C00500843,2202018.0,100,2018,20,2
C00500843,2262018.0,50,2018,26,2
C00500843,2212018.0,200,2018,21,2
C00500843,2222018.0,25,2018,22,2
C00500843,2202018.0,200,2018,20,2
C00500843,2282018.0,10,2018,28,2
C00500843,2122018.0,50,2018,12,2
C00500843,2232018.0,100,2018,23,2
C00500843,2072018.0,5,2018,07,2
C00500843,2212018.0,1,2018,21,2
C00500843,2162018.0,10,2018,16,2
C00500843,2222018.0,100,2018,22,2
C00500843,2122018.0,50,2018,12,2
C00500843,2262018.0,100,2018,26,2
C00500843,2212018.0,25,2018,21,2
C00500843,2212018.0,25,2018,21,2
C00500843,2202018.0,100,2018,20,2
C00500843,2092018.0,10,2018,09,2
C00500843,2252018.0,25,2018,25,2
C00500843,2022018.0,50,2018,02,2
C00500843,2212018.0,5,2018,21,2
C00500843,2272018.0,5,2018,27,2
C00500843,2272018.0,5,2018,27,2
C00500843,2272018.0,50,2018,27,2
C00500843,2042018.0,45,2018,04,2
C00500843,2232018.0,25,2018,23,2
C00500843,2232018.0,12,2018,23,2
C00500843,2272018.0,25,2018,27,2
C00500843,2272018.0,25,2018,27,2
C00500843,2232018.0,5,2018,23,2
C00500843,2132018.0,3,2018,13,2
C00500843,2282018.0,25,2018,28,2
C00500843,2072018.0,25,2018,07,2
C00500843,2212018.0,10,2018,21,2
C00500843,2092018.0,5,2018,09,2
C00500843,2222018.0,5,2018,22,2
C00500843,2282018.0,50,2018,28,2
C00500843,2282018.0,50,2018,28,2
C00500843,2072018.0,10,2018,07,2
C00500843,2232018.0,25,2018,23,2
C00500843,2162018.0,100,2018,16,2
C00500843,2052018.0,25,2018,05,2
C00500843,2012018.0,15,2018,01,2
C00500843,2262018.0,25,2018,26,2
C00500843,2082018.0,10,2018,08,2
C00500843,2062018.0,20,2018,06,2
C00500843,2172018.0,10,2018,17,2
C00500843,2102018.0,25,2018,10,2
C00500843,2172018.0,25,2018,17,2
C00500843,2282018.0,25,2018,28,2
C00500843,2072018.0,100,2018,07,2
C00500843,2282018.0,10,2018,28,2
C00500843,2072018.0,25,2018,07,2
C00500843,2162018.0,50,2018,16,2
C00500843,2262018.0,20,2018,26,2
C00500843,2142018.0,25,2018,14,2
C00500843,2242018.0,5,2018,24,2
C00500843,2232018.0,20,2018,23,2
C00500843,2052018.0,400,2018,05,2
C00500843,2272018.0,300,2018,27,2
C00500843,2142018.0,50,2018,14,2
C00500843,2222018.0,10,2018,22,2
C00500843,2082018.0,25,2018,08,2
C00500843,2012018.0,5,2018,01,2
C00500843,2062018.0,50,2018,06,2
C00500843,2272018.0,5,2018,27,2
C00500843,2232018.0,25,2018,23,2
C00500843,2272018.0,1000,2018,27,2
C00500843,2262018.0,10,2018,26,2
C00500843,2272018.0,100,2018,27,2
C00500843,2282018.0,37,2018,28,2
C00500843,2142018.0,50,2018,14,2
C00500843,2132018.0,25,2018,13,2
C00500843,2172018.0,10,2018,17,2
C00500843,2222018.0,27,2018,22,2
C00500843,2232018.0,250,2018,23,2
C00500843,2282018.0,10,2018,28,2
C00500843,2092018.0,12,2018,09,2
C00500843,2162018.0,2,2018,16,2
C00500843,2142018.0,250,2018,14,2
C00500843,2012018.0,10,2018,01,2
C00500843,2122018.0,35,2018,12,2
C00500843,2232018.0,50,2018,23,2
C00500843,2272018.0,12,2018,27,2
C00500843,2272018.0,25,2018,27,2
C00500843,2262018.0,30,2018,26,2
C00500843,2282018.0,100,2018,28,2
C00500843,2212018.0,100,2018,21,2
C00500843,2012018.0,10,2018,01,2
C00500843,2232018.0,45,2018,23,2
C00500843,2072018.0,5,2018,07,2
C00500843,2052018.0,50,2018,05,2
C00500843,2072018.0,26,2018,07,2
C00500843,2122018.0,50,2018,12,2
C00500843,2212018.0,25,2018,21,2
C00500843,2132018.0,10,2018,13,2
C00500843,2232018.0,20,2018,23,2
C00500843,2262018.0,25,2018,26,2
C00500843,2272018.0,20,2018,27,2
C00500843,2282018.0,10,2018,28,2
C00500843,2222018.0,50,2018,22,2
C00500843,2082018.0,10,2018,08,2
C00500843,2282018.0,25,2018,28,2
C00500843,2282018.0,25,2018,28,2
C00500843,2152018.0,100,2018,15,2
C00500843,2202018.0,100,2018,20,2
C00500843,2242018.0,100,2018,24,2
C00500843,2152018.0,20,2018,15,2
C00500843,2062018.0,20,2018,06,2
C00500843,2232018.0,50,2018,23,2
C00500843,2282018.0,10,2018,28,2
C00500843,2052018.0,25,2018,05,2
C00500843,2202018.0,200,2018,20,2
C00500843,2222018.0,10,2018,22,2
C00500843,2272018.0,20,2018,27,2
C00500843,2092018.0,100,2018,09,2
C00500843,2272018.0,50,2018,27,2
C00500843,2122018.0,10,2018,12,2
C00500843,2252018.0,10,2018,25,2
C00500843,2162018.0,250,2018,16,2
C00500843,2182018.0,25,2018,18,2
C00500843,2092018.0,25,2018,09,2
C00500843,2082018.0,100,2018,08,2
C00500843,2102018.0,42,2018,10,2
C00500843,2222018.0,5,2018,22,2
C00500843,2042018.0,10,2018,04,2
C00500843,2132018.0,25,2018,13,2
C00500843,2232018.0,50,2018,23,2
C00500843,2142018.0,15,2018,14,2
C00500843,2232018.0,25,2018,23,2
C00500843,2282018.0,50,2018,28,2
C00500843,2132018.0,40,2018,13,2
C00500843,2232018.0,10,2018,23,2
C00500843,2282018.0,2,2018,28,2
C00500843,2232018.0,25,2018,23,2
C00500843,2092018.0,35,2018,09,2
C00500843,2202018.0,100,2018,20,2
C00500843,2222018.0,10,2018,22,2
C00500843,2012018.0,30,2018,01,2
C00500843,2052018.0,10,2018,05,2
C00500843,2202018.0,10,2018,20,2
C00500843,2102018.0,50,2018,10,2
C00500843,2272018.0,25,2018,27,2
C00500843,2142018.0,35,2018,14,2
C00500843,2082018.0,50,2018,08,2
C00500843,2282018.0,25,2018,28,2
C00500843,2272018.0,45,2018,27,2
C00500843,2282018.0,45,2018,28,2
C00500843,2202018.0,35,2018,20,2
C00500843,2282018.0,10,2018,28,2
C00500843,2282018.0,10,2018,28,2
C00500843,2122018.0,50,2018,12,2
C00500843,2232018.0,5,2018,23,2
C00500843,2232018.0,10,2018,23,2
C00500843,2242018.0,10,2018,24,2
C00500843,2052018.0,100,2018,05,2
C00500843,2152018.0,10,2018,15,2
C00500843,2082018.0,10,2018,08,2
C00500843,2092018.0,25,2018,09,2
C00500843,2222018.0,10,2018,22,2
C00500843,2282018.0,25,2018,28,2
C00500843,2272018.0,50,2018,27,2
C00500843,2082018.0,25,2018,08,2
C00500843,2062018.0,5,2018,06,2
C00500843,2072018.0,5,2018,07,2
C00500843,2062018.0,10,2018,06,2
C00500843,2202018.0,35,2018,20,2
C00500843,2012018.0,10,2018,01,2
C00500843,2062018.0,10,2018,06,2
C00500843,2202018.0,35,2018,20,2
C00500843,2262018.0,100,2018,26,2
C00500843,2052018.0,1000,2018,05,2
C00500843,2152018.0,10,2018,15,2
C00500843,2142018.0,100,2018,14,2
C00500843,2282018.0,50,2018,28,2
C00500843,2082018.0,25,2018,08,2
C00500843,2062018.0,25,2018,06,2
C00500843,2282018.0,10,2018,28,2
C00500843,2122018.0,50,2018,12,2
C00500843,2202018.0,50,2018,20,2
C00500843,2062018.0,10,2018,06,2
C00500843,2192018.0,25,2018,19,2
C00500843,2042018.0,25,2018,04,2
C00500843,2202018.0,50,2018,20,2
C00500843,2122018.0,25,2018,12,2
C00500843,2062018.0,5,2018,06,2
C00500843,2062018.0,25,2018,06,2
C00500843,2232018.0,75,2018,23,2
C00500843,2232018.0,25,2018,23,2
C00500843,2062018.0,25,2018,06,2
C00500843,2062018.0,25,2018,06,2
C00500843,2022018.0,50,2018,02,2
C00500843,2282018.0,25,2018,28,2
C00500843,2072018.0,10,2018,07,2
C00500843,2202018.0,4,2018,20,2
C00500843,2232018.0,25,2018,23,2
C00500843,2142018.0,10,2018,14,2
C00500843,2282018.0,10,2018,28,2
C00500843,2202018.0,150,2018,20,2
C00500843,2212018.0,25,2018,21,2
C00500843,2202018.0,35,2018,20,2
C00500843,2092018.0,50,2018,09,2
C00500843,2012018.0,35,2018,01,2
C00500843,2012018.0,5,2018,01,2
C00500843,2232018.0,20,2018,23,2
C00500843,2072018.0,50,2018,07,2
C00500843,2092018.0,5,2018,09,2
C00500843,2272018.0,100,2018,27,2
C00500843,2022018.0,35,2018,02,2
C00500843,2012018.0,25,2018,01,2
C00500843,2232018.0,25,2018,23,2
C00500843,2202018.0,20,2018,20,2
C00500843,2212018.0,25,2018,21,2
C00500843,2202018.0,100,2018,20,2
C00500843,2102018.0,25,2018,10,2
C00500843,2232018.0,500,2018,23,2
C00500843,2282018.0,50,2018,28,2
C00500843,2132018.0,25,2018,13,2
C00500843,2202018.0,50,2018,20,2
C00500843,2232018.0,50,2018,23,2
C00500843,2282018.0,50,2018,28,2
C00500843,2262018.0,25,2018,26,2
C00500843,2072018.0,50,2018,07,2
C00500843,2122018.0,25,2018,12,2
C00500843,2052018.0,50,2018,05,2
C00500843,2142018.0,5,2018,14,2
C00500843,2162018.0,50,2018,16,2
C00500843,2262018.0,50,2018,26,2
C00500843,2072018.0,50,2018,07,2
C00500843,2012018.0,100,2018,01,2
C00500843,2202018.0,100,2018,20,2
C00500843,2202018.0,100,2018,20,2
C00500843,2022018.0,50,2018,02,2
C00500843,2102018.0,10,2018,10,2
C00500843,2242018.0,10,2018,24,2
C00500843,2262018.0,10,2018,26,2
C00500843,2282018.0,10,2018,28,2
C00500843,2152018.0,50,2018,15,2
C00500843,2072018.0,25,2018,07,2
C00500843,2092018.0,100,2018,09,2
C00500843,2232018.0,100,2018,23,2
C00500843,2282018.0,9,2018,28,2
C00500843,2072018.0,10,2018,07,2
C00500843,2072018.0,212,2018,07,2
C00500843,2232018.0,50,2018,23,2
C00500843,2142018.0,36,2018,14,2
C00500843,2282018.0,25,2018,28,2
C00500843,2062018.0,50,2018,06,2
C00500843,2202018.0,25,2018,20,2
C00500843,2232018.0,10,2018,23,2
C00500843,2282018.0,25,2018,28,2
C00500843,2232018.0,25,2018,23,2
C00500843,2062018.0,100,2018,06,2
C00500843,2132018.0,5,2018,13,2
C00500843,2032018.0,4,2018,03,2
C00500843,2122018.0,100,2018,12,2
C00500843,2202018.0,50,2018,20,2
C00500843,2122018.0,25,2018,12,2
C00500843,2222018.0,2700,2018,22,2
C00500843,2092018.0,10,2018,09,2
C00500843,2162018.0,5,2018,16,2
C00500843,2272018.0,10,2018,27,2
C00500843,2272018.0,5,2018,27,2
C00500843,2092018.0,50,2018,09,2
C00500843,2072018.0,25,2018,07,2
C00500843,2212018.0,10,2018,21,2
C00500843,2212018.0,100,2018,21,2
C00500843,2232018.0,100,2018,23,2
C00500843,2252018.0,10,2018,25,2
C00500843,2232018.0,100,2018,23,2
C00500843,2152018.0,10,2018,15,2
C00500843,2222018.0,5,2018,22,2
C00500843,2152018.0,50,2018,15,2
C00500843,2232018.0,5,2018,23,2
C00500843,2232018.0,5,2018,23,2
C00500843,2262018.0,50,2018,26,2
C00500843,2142018.0,50,2018,14,2
C00500843,2062018.0,20,2018,06,2
C00500843,2162018.0,25,2018,16,2
C00500843,2282018.0,5,2018,28,2
C00500843,2022018.0,300,2018,02,2
C00500843,2082018.0,25,2018,08,2
C00500843,2202018.0,35,2018,20,2
C00500843,2132018.0,100,2018,13,2
C00500843,2282018.0,10,2018,28,2
C00500843,2092018.0,25,2018,09,2
C00500843,2272018.0,25,2018,27,2
C00500843,2262018.0,200,2018,26,2
C00500843,2232018.0,50,2018,23,2
C00500843,2052018.0,50,2018,05,2
C00500843,2212018.0,10,2018,21,2
C00500843,2072018.0,10,2018,07,2
C00500843,2232018.0,100,2018,23,2
C00500843,2212018.0,5,2018,21,2
C00500843,2262018.0,10,2018,26,2
C00500843,2272018.0,5,2018,27,2
C00500843,2272018.0,20,2018,27,2
C00500843,2282018.0,25,2018,28,2
C00500843,2282018.0,100,2018,28,2
C00500843,2052018.0,120,2018,05,2
C00500843,2282018.0,25,2018,28,2
C00500843,2232018.0,45,2018,23,2
C00500843,2272018.0,25,2018,27,2
C00500843,2142018.0,25,2018,14,2
C00500843,2212018.0,25,2018,21,2
C00500843,2272018.0,10,2018,27,2
C00500843,2282018.0,10,2018,28,2
C00500843,2172018.0,25,2018,17,2
C00500843,2212018.0,25,2018,21,2
C00500843,2252018.0,25,2018,25,2
C00500843,2062018.0,3,2018,06,2
C00500843,2122018.0,100,2018,12,2
C00500843,2102018.0,25,2018,10,2
C00500843,2262018.0,100,2018,26,2
C00500843,2012018.0,5,2018,01,2
C00500843,2232018.0,20,2018,23,2
C00500843,2282018.0,10,2018,28,2
C00500843,2152018.0,50,2018,15,2
C00500843,2272018.0,45,2018,27,2
C00500843,2262018.0,25,2018,26,2
C00500843,2132018.0,5,2018,13,2
C00500843,2132018.0,25,2018,13,2
C00500843,2202018.0,500,2018,20,2
C00500843,2132018.0,50,2018,13,2
C00500843,2072018.0,100,2018,07,2
C00500843,2092018.0,100,2018,09,2
C00500843,2062018.0,100,2018,06,2
C00500843,2202018.0,50,2018,20,2
C00500843,2232018.0,50,2018,23,2
C00500843,2122018.0,35,2018,12,2
C00500843,2132018.0,25,2018,13,2
C00500843,2102018.0,50,2018,10,2
C00500843,2212018.0,25,2018,21,2
C00500843,2072018.0,100,2018,07,2
C00500843,2252018.0,25,2018,25,2
C00500843,2272018.0,25,2018,27,2
C00500843,2052018.0,150,2018,05,2
C00500843,2232018.0,5,2018,23,2
C00500843,2282018.0,10,2018,28,2
C00500843,2242018.0,100,2018,24,2
C00500843,2012018.0,25,2018,01,2
C00500843,2022018.0,25,2018,02,2
C00500843,2022018.0,25,2018,02,2
C00500843,2222018.0,5,2018,22,2
C00500843,2172018.0,5,2018,17,2
C00500843,2282018.0,45,2018,28,2
C00500843,2252018.0,100,2018,25,2
C00500843,2042018.0,1,2018,04,2
C00500843,2032018.0,1,2018,03,2
C00500843,2282018.0,20,2018,28,2
C00500843,2082018.0,10,2018,08,2
C00500843,2272018.0,10,2018,27,2
C00500843,2132018.0,27,2018,13,2
C00500843,2062018.0,20,2018,06,2
C00500843,2262018.0,50,2018,26,2
C00500843,2052018.0,25,2018,05,2
C00500843,2192018.0,25,2018,19,2
C00500843,2232018.0,10,2018,23,2
C00500843,2282018.0,5,2018,28,2
C00500843,2062018.0,25,2018,06,2
C00500843,2212018.0,25,2018,21,2
C00500843,2142018.0,5,2018,14,2
C00500843,2222018.0,5,2018,22,2
C00500843,2222018.0,5,2018,22,2
C00500843,2102018.0,10,2018,10,2
C00500843,2062018.0,25,2018,06,2
C00500843,2122018.0,100,2018,12,2
C00500843,2092018.0,100,2018,09,2
C00500843,2012018.0,250,2018,01,2
C00500843,2122018.0,100,2018,12,2
C00500843,2112018.0,5,2018,11,2
C00500843,2242018.0,10,2018,24,2
C00500843,2282018.0,10,2018,28,2
C00500843,2012018.0,45,2018,01,2
C00500843,2152018.0,50,2018,15,2
C00500843,2132018.0,5,2018,13,2
C00500843,2282018.0,17,2018,28,2
C00500843,2012018.0,75,2018,01,2
C00500843,2202018.0,400,2018,20,2
C00500843,2072018.0,15,2018,07,2
C00500843,2202018.0,10,2018,20,2
C00500843,2072018.0,62,2018,07,2
C00500843,2122018.0,50,2018,12,2
C00500843,2132018.0,10,2018,13,2
C00500843,2082018.0,25,2018,08,2
C00500843,2282018.0,5,2018,28,2
C00500843,2282018.0,10,2018,28,2
C00500843,2282018.0,2,2018,28,2
C00500843,2282018.0,5,2018,28,2
C00500843,2232018.0,25,2018,23,2
C00500843,2272018.0,50,2018,27,2
C00500843,2202018.0,50,2018,20,2
C00500843,2232018.0,20,2018,23,2
C00500843,2272018.0,45,2018,27,2
C00500843,2152018.0,75,2018,15,2
C00500843,2272018.0,25,2018,27,2
C00500843,2012018.0,200,2018,01,2
C00500843,2032018.0,10,2018,03,2
C00500843,2072018.0,10,2018,07,2
C00500843,2072018.0,12,2018,07,2
C00500843,2202018.0,100,2018,20,2
C00500843,2132018.0,10,2018,13,2
C00500843,2022018.0,50,2018,02,2
C00500843,2212018.0,5,2018,21,2
C00500843,2232018.0,5,2018,23,2
C00500843,2062018.0,30,2018,06,2
C00500843,2222018.0,30,2018,22,2
C00500843,2232018.0,10,2018,23,2
C00500843,2282018.0,20,2018,28,2
C00500843,2232018.0,35,2018,23,2
C00500843,2132018.0,50,2018,13,2
C00500843,2232018.0,50,2018,23,2
C00500843,2232018.0,50,2018,23,2
C00500843,2192018.0,5,2018,19,2
C00500843,2162018.0,50,2018,16,2
C00500843,2082018.0,100,2018,08,2
C00500843,2122018.0,10,2018,12,2
C00500843,2212018.0,10,2018,21,2
C00500843,2072018.0,100,2018,07,2
C00500843,2272018.0,50,2018,27,2
C00500843,2192018.0,100,2018,19,2
C00500843,2072018.0,25,2018,07,2
C00500843,2162018.0,50,2018,16,2
C00500843,2212018.0,10,2018,21,2
C00500843,2012018.0,50,2018,01,2
C00500843,2132018.0,25,2018,13,2
C00500843,2062018.0,10,2018,06,2
C00500843,2122018.0,35,2018,12,2
C00500843,2142018.0,100,2018,14,2
C00500843,2222018.0,5,2018,22,2
C00500843,2162018.0,35,2018,16,2
C00500843,2202018.0,50,2018,20,2
C00500843,2162018.0,100,2018,16,2
C00500843,2282018.0,25,2018,28,2
C00500843,2072018.0,8,2018,07,2
C00500843,2282018.0,10,2018,28,2
C00500843,2172018.0,10,2018,17,2
C00500843,2222018.0,100,2018,22,2
C00500843,2222018.0,12,2018,22,2
C00500843,2262018.0,45,2018,26,2
C00500843,2132018.0,5,2018,13,2
C00500843,2212018.0,5,2018,21,2
C00500843,2092018.0,100,2018,09,2
C00500843,2212018.0,25,2018,21,2
C00500843,2222018.0,10,2018,22,2
C00500843,2202018.0,100,2018,20,2
C00500843,2012018.0,25,2018,01,2
C00500843,2222018.0,10,2018,22,2
C00500843,2162018.0,25,2018,16,2
C00500843,2202018.0,35,2018,20,2
C00500843,2022018.0,25,2018,02,2
C00500843,2262018.0,10,2018,26,2
C00500843,2042018.0,20,2018,04,2
C00500843,2222018.0,5,2018,22,2
C00500843,2202018.0,35,2018,20,2
C00500843,2172018.0,5,2018,17,2
C00500843,2162018.0,50,2018,16,2
C00500843,2152018.0,50,2018,15,2
C00500843,2152018.0,36,2018,15,2
C00500843,2262018.0,100,2018,26,2
C00500843,2202018.0,15,2018,20,2
C00500843,2012018.0,40,2018,01,2
C00500843,2262018.0,40,2018,26,2
C00500843,2232018.0,50,2018,23,2
C00500843,2092018.0,35,2018,09,2
C00500843,2212018.0,20,2018,21,2
C00500843,2272018.0,27,2018,27,2
C00500843,2052018.0,500,2018,05,2
C00500843,2082018.0,25,2018,08,2
C00500843,2232018.0,25,2018,23,2
C00500843,2052018.0,5,2018,05,2
C00500843,2282018.0,10,2018,28,2
C00500843,2262018.0,500,2018,26,2
C00500843,2252018.0,50,2018,25,2
C00500843,2192018.0,25,2018,19,2
C00500843,2142018.0,150,2018,14,2
C00500843,2262018.0,50,2018,26,2
C00500843,2162018.0,50,2018,16,2
C00500843,2152018.0,20,2018,15,2
C00500843,2072018.0,25,2018,07,2
C00500843,2282018.0,20,2018,28,2
C00500843,2242018.0,25,2018,24,2
C00500843,2012018.0,100,2018,01,2
C00500843,2282018.0,5,2018,28,2
C00500843,2272018.0,25,2018,27,2
C00500843,2272018.0,25,2018,27,2
C00500843,2262018.0,100,2018,26,2
C00500843,2122018.0,200,2018,12,2
C00500843,2152018.0,50,2018,15,2
C00500843,2232018.0,10,2018,23,2
C00500843,2212018.0,5,2018,21,2
C00500843,2272018.0,5,2018,27,2
C00500843,2232018.0,10,2018,23,2
C00500843,2242018.0,15,2018,24,2
C00500843,2202018.0,500,2018,20,2
C00500843,2072018.0,25,2018,07,2
C00500843,2062018.0,25,2018,06,2
C00500843,2262018.0,100,2018,26,2
C00500843,2102018.0,25,2018,10,2
C00500843,2022018.0,5,2018,02,2
C00500843,2072018.0,5,2018,07,2
C00500843,2222018.0,5,2018,22,2
C00500843,2212018.0,5,2018,21,2
C00500843,2022018.0,50,2018,02,2
C00500843,2232018.0,10,2018,23,2
C00500843,2262018.0,50,2018,26,2
C00500843,2072018.0,250,2018,07,2
C00500843,2072018.0,25,2018,07,2
C00500843,2092018.0,100,2018,09,2
C00500843,2162018.0,100,2018,16,2
C00500843,2042018.0,10,2018,04,2
C00500843,2012018.0,60,2018,01,2
C00500843,2162018.0,50,2018,16,2
C00500843,2222018.0,8,2018,22,2
C00500843,2222018.0,15,2018,22,2
C00500843,2242018.0,10,2018,24,2
C00500843,2282018.0,10,2018,28,2
C00500843,2122018.0,100,2018,12,2
C00500843,2132018.0,10,2018,13,2
C00500843,2252018.0,25,2018,25,2
C00500843,2072018.0,25,2018,07,2
C00500843,2222018.0,25,2018,22,2
C00500843,2222018.0,10,2018,22,2
C00500843,2122018.0,35,2018,12,2
C00500843,2082018.0,250,2018,08,2
C00500843,2132018.0,25,2018,13,2
C00500843,2272018.0,50,2018,27,2
C00500843,2222018.0,100,2018,22,2
C00500843,2122018.0,35,2018,12,2
C00500843,2282018.0,25,2018,28,2
C00500843,2132018.0,25,2018,13,2
C00500843,2112018.0,25,2018,11,2
C00500843,2132018.0,25,2018,13,2
C00500843,2022018.0,50,2018,02,2
C00500843,2212018.0,250,2018,21,2
C00500843,2232018.0,50,2018,23,2
C00500843,2152018.0,35,2018,15,2
C00500843,2062018.0,10,2018,06,2
C00500843,2232018.0,250,2018,23,2
C00500843,2232018.0,5,2018,23,2
C00500843,2022018.0,50,2018,02,2
C00500843,2272018.0,50,2018,27,2
C00500843,2162018.0,75,2018,16,2
C00500843,2212018.0,100,2018,21,2
C00500843,2232018.0,25,2018,23,2
C00500843,2152018.0,100,2018,15,2
C00500843,2242018.0,25,2018,24,2
C00500843,2022018.0,20,2018,02,2
C00500843,2222018.0,10,2018,22,2
C00500843,2212018.0,5,2018,21,2
C00500843,2282018.0,5,2018,28,2
C00500843,2222018.0,5,2018,22,2
C00500843,2212018.0,5,2018,21,2
C00500843,2072018.0,20,2018,07,2
C00500843,2072018.0,10,2018,07,2
C00500843,2092018.0,25,2018,09,2
C00500843,2222018.0,5,2018,22,2
C00500843,2282018.0,25,2018,28,2
C00500843,2242018.0,50,2018,24,2
C00500843,2222018.0,5,2018,22,2
C00500843,2272018.0,20,2018,27,2
C00500843,2232018.0,50,2018,23,2
C00500843,2152018.0,100,2018,15,2
C00500843,2022018.0,30,2018,02,2
C00500843,2262018.0,100,2018,26,2
C00500843,2222018.0,25,2018,22,2
C00500843,2282018.0,50,2018,28,2
C00500843,2122018.0,25,2018,12,2
C00500843,2262018.0,200,2018,26,2
C00500843,2062018.0,5,2018,06,2
C00500843,2282018.0,5,2018,28,2
C00500843,2242018.0,5,2018,24,2
C00500843,2142018.0,35,2018,14,2
C00500843,2052018.0,100,2018,05,2
C00500843,2072018.0,10,2018,07,2
C00500843,2162018.0,25,2018,16,2
C00500843,2272018.0,10,2018,27,2
C00500843,2202018.0,10,2018,20,2
C00500843,2272018.0,10,2018,27,2
C00500843,2202018.0,100,2018,20,2
C00500843,2142018.0,5,2018,14,2
C00500843,2142018.0,25,2018,14,2
C00500843,2192018.0,10,2018,19,2
C00500843,2242018.0,5,2018,24,2
C00500843,2282018.0,5,2018,28,2
C00500843,2152018.0,2700,2018,15,2
C00500843,2282018.0,3,2018,28,2
C00500843,2222018.0,10,2018,22,2
C00500843,2172018.0,100,2018,17,2
C00500843,2272018.0,100,2018,27,2
C00500843,2072018.0,26,2018,07,2
C00500843,2242018.0,100,2018,24,2
C00500843,2062018.0,25,2018,06,2
C00500843,2212018.0,5,2018,21,2
C00500843,2222018.0,3,2018,22,2
C00500843,2282018.0,5,2018,28,2
C00500843,2282018.0,1,2018,28,2
C00500843,2252018.0,5,2018,25,2
C00500843,2012018.0,5,2018,01,2
C00500843,2032018.0,5,2018,03,2
C00500843,2142018.0,5,2018,14,2
C00500843,2232018.0,5,2018,23,2
C00500843,2152018.0,100,2018,15,2
C00500843,2112018.0,25,2018,11,2
C00500843,2062018.0,50,2018,06,2
C00500843,2222018.0,25,2018,22,2
C00500843,2272018.0,45,2018,27,2
C00500843,2092018.0,10,2018,09,2
C00500843,2202018.0,50,2018,20,2
C00500843,2122018.0,25,2018,12,2
C00500843,2152018.0,100,2018,15,2
C00500843,2282018.0,25,2018,28,2
C00500843,2122018.0,50,2018,12,2
C00500843,2162018.0,100,2018,16,2
C00500843,2122018.0,35,2018,12,2
C00500843,2152018.0,10,2018,15,2
C00500843,2012018.0,35,2018,01,2
C00500843,2202018.0,35,2018,20,2
C00500843,2282018.0,100,2018,28,2
C00500843,2012018.0,35,2018,01,2
C00500843,2232018.0,25,2018,23,2
C00500843,2232018.0,25,2018,23,2
C00500843,2222018.0,10,2018,22,2
C00500843,2062018.0,25,2018,06,2
C00500843,2012018.0,50,2018,01,2
C00500843,2192018.0,25,2018,19,2
C00500843,2282018.0,25,2018,28,2
C00500843,2152018.0,50,2018,15,2
C00500843,2072018.0,25,2018,07,2
C00500843,2152018.0,50,2018,15,2
C00500843,2242018.0,5,2018,24,2
C00500843,2272018.0,100,2018,27,2
C00500843,2022018.0,75,2018,02,2
C00500843,2052018.0,1000,2018,05,2
C00500843,2132018.0,25,2018,13,2
C00500843,2272018.0,50,2018,27,2
C00500843,2202018.0,75,2018,20,2
C00500843,2132018.0,20,2018,13,2
C00500843,2012018.0,5,2018,01,2
C00500843,2052018.0,100,2018,05,2
C00500843,2092018.0,50,2018,09,2
C00500843,2152018.0,100,2018,15,2
C00500843,2202018.0,200,2018,20,2
C00500843,2262018.0,250,2018,26,2
C00500843,2202018.0,100,2018,20,2
C00500843,2122018.0,250,2018,12,2
C00500843,2282018.0,1,2018,28,2
C00500843,2122018.0,6,2018,12,2
C00500843,2162018.0,100,2018,16,2
C00500843,2162018.0,35,2018,16,2
C00500843,2132018.0,5,2018,13,2
C00500843,2212018.0,5,2018,21,2
C00500843,2182018.0,50,2018,18,2
C00500843,2232018.0,100,2018,23,2
C00500843,2272018.0,10,2018,27,2
C00500843,2282018.0,50,2018,28,2
C00500843,2162018.0,100,2018,16,2
C00500843,2062018.0,50,2018,06,2
C00500843,2172018.0,10,2018,17,2
C00500843,2222018.0,5,2018,22,2
C00500843,2192018.0,25,2018,19,2
C00500843,2282018.0,250,2018,28,2
C00500843,2052018.0,10,2018,05,2
C00500843,2282018.0,25,2018,28,2
C00500843,2222018.0,50,2018,22,2
C00500843,2062018.0,50,2018,06,2
C00500843,2152018.0,180,2018,15,2
C00500843,2282018.0,5,2018,28,2
C00500843,2122018.0,100,2018,12,2
C00500843,2122018.0,100,2018,12,2
C00500843,2222018.0,100,2018,22,2
C00500843,2282018.0,100,2018,28,2
C00500843,2152018.0,250,2018,15,2
C00500843,2282018.0,50,2018,28,2
C00500843,2052018.0,50,2018,05,2
C00500843,2172018.0,50,2018,17,2
C00500843,2222018.0,25,2018,22,2
C00500843,2052018.0,5,2018,05,2
C00500843,2232018.0,25,2018,23,2
C00500843,2202018.0,50,2018,20,2
C00500843,2102018.0,25,2018,10,2
C00500843,2142018.0,5,2018,14,2
C00500843,2222018.0,8,2018,22,2
C00500843,2262018.0,100,2018,26,2
C00500843,2062018.0,10,2018,06,2
C00500843,2142018.0,5,2018,14,2
C00500843,2082018.0,12,2018,08,2
C00500843,2202018.0,40,2018,20,2
C00500843,2152018.0,100,2018,15,2
C00500843,2052018.0,50,2018,05,2
C00500843,2272018.0,50,2018,27,2
C00500843,2262018.0,100,2018,26,2
C00500843,2012018.0,100,2018,01,2
C00500843,2082018.0,50,2018,08,2
C00500843,2022018.0,25,2018,02,2
C00500843,2152018.0,5,2018,15,2
C00500843,2222018.0,5,2018,22,2
C00500843,2282018.0,10,2018,28,2
C00500843,2092018.0,10,2018,09,2
C00500843,2122018.0,50,2018,12,2
C00500843,2272018.0,10,2018,27,2
C00500843,2242018.0,10,2018,24,2
C00500843,2022018.0,25,2018,02,2
C00500843,2232018.0,500,2018,23,2
C00500843,2152018.0,25,2018,15,2
C00500843,2222018.0,10,2018,22,2
C00500843,2112018.0,25,2018,11,2
C00500843,2132018.0,10,2018,13,2
C00500843,2282018.0,10,2018,28,2
C00500843,2042018.0,5,2018,04,2
C00500843,2252018.0,10,2018,25,2
C00500843,2022018.0,50,2018,02,2
C00500843,2162018.0,50,2018,16,2
C00500843,2032018.0,1,2018,03,2
C00500843,2152018.0,10,2018,15,2
C00500843,2072018.0,36,2018,07,2
C00500843,2182018.0,23,2018,18,2
C00500843,2212018.0,50,2018,21,2
C00500843,2222018.0,15,2018,22,2
C00500843,2222018.0,10,2018,22,2
C00500843,2282018.0,10,2018,28,2
C00500843,2252018.0,10,2018,25,2
C00500843,2242018.0,10,2018,24,2
C00500843,2272018.0,10,2018,27,2
C00500843,2052018.0,100,2018,05,2
C00500843,2092018.0,35,2018,09,2
C00500843,2232018.0,45,2018,23,2
C00500843,2272018.0,45,2018,27,2
C00500843,2132018.0,10,2018,13,2
C00500843,2282018.0,10,2018,28,2
C00500843,2162018.0,50,2018,16,2
C00500843,2062018.0,25,2018,06,2
C00500843,2202018.0,50,2018,20,2
C00500843,2202018.0,35,2018,20,2
C00500843,2202018.0,250,2018,20,2
C00500843,2012018.0,18,2018,01,2
C00500843,2072018.0,50,2018,07,2
C00500843,2282018.0,25,2018,28,2
C00500843,2132018.0,200,2018,13,2
C00500843,2182018.0,25,2018,18,2
C00500843,2222018.0,5,2018,22,2
C00500843,2282018.0,50,2018,28,2
C00500843,2142018.0,10,2018,14,2
C00500843,2222018.0,10,2018,22,2
C00500843,2232018.0,10,2018,23,2
C00500843,2272018.0,10,2018,27,2
C00500843,2262018.0,10,2018,26,2
C00500843,2202018.0,35,2018,20,2
C00500843,2282018.0,25,2018,28,2
C00500843,2152018.0,100,2018,15,2
C00500843,2142018.0,5,2018,14,2
C00500843,2152018.0,4,2018,15,2
C00500843,2202018.0,10,2018,20,2
C00500843,2212018.0,5,2018,21,2
C00500843,2242018.0,3,2018,24,2
C00500843,2272018.0,5,2018,27,2
C00500843,2282018.0,3,2018,28,2
C00500843,2082018.0,10,2018,08,2
C00500843,2132018.0,10,2018,13,2
C00500843,2282018.0,5,2018,28,2
C00500843,2282018.0,25,2018,28,2
C00500843,2122018.0,25,2018,12,2
C00500843,2202018.0,50,2018,20,2
C00500843,2062018.0,10,2018,06,2
C00500843,2062018.0,10,2018,06,2
C00500843,2072018.0,50,2018,07,2
C00500843,2152018.0,100,2018,15,2
C00500843,2112018.0,50,2018,11,2
C00500843,2122018.0,25,2018,12,2
C00500843,2232018.0,5,2018,23,2
C00500843,2282018.0,10,2018,28,2
C00500843,2062018.0,20,2018,06,2
C00500843,2202018.0,200,2018,20,2
C00500843,2262018.0,50,2018,26,2
C00500843,2132018.0,250,2018,13,2
C00500843,2132018.0,5,2018,13,2
C00500843,2012018.0,45,2018,01,2
C00500843,2142018.0,10,2018,14,2
C00500843,2172018.0,10,2018,17,2
C00500843,2062018.0,10,2018,06,2
C00500843,2282018.0,10,2018,28,2
C00500843,2232018.0,50,2018,23,2
C00500843,2222018.0,5,2018,22,2
C00500843,2282018.0,5,2018,28,2
C00500843,2132018.0,2,2018,13,2
C00500843,2142018.0,1,2018,14,2
C00500843,2232018.0,5,2018,23,2
C00500843,2272018.0,2,2018,27,2
C00500843,2012018.0,15,2018,01,2
C00500843,2202018.0,100,2018,20,2
C00500843,2202018.0,1000,2018,20,2
C00500843,2162018.0,10,2018,16,2
C00500843,2212018.0,5,2018,21,2
C00500843,2242018.0,10,2018,24,2
C00500843,2282018.0,10,2018,28,2
C00500843,2152018.0,2700,2018,15,2
C00500843,2052018.0,5,2018,05,2
C00500843,2032018.0,50,2018,03,2
C00500843,2062018.0,10,2018,06,2
C00500843,2282018.0,30,2018,28,2
C00500843,2282018.0,25,2018,28,2
C00500843,2222018.0,15,2018,22,2
C00500843,2072018.0,25,2018,07,2
C00500843,2272018.0,25,2018,27,2
C00500843,2152018.0,50,2018,15,2
C00500843,2242018.0,20,2018,24,2
C00500843,2282018.0,20,2018,28,2
C00500843,2282018.0,10,2018,28,2
C00500843,2082018.0,25,2018,08,2
C00500843,2132018.0,10,2018,13,2
C00500843,2012018.0,30,2018,01,2
C00500843,2202018.0,21,2018,20,2
C00500843,2262018.0,25,2018,26,2
C00500843,2082018.0,10,2018,08,2
C00500843,2262018.0,25,2018,26,2
C00500843,2072018.0,10,2018,07,2
C00500843,2282018.0,5,2018,28,2
C00500843,2202018.0,50,2018,20,2
C00500843,2022018.0,10,2018,02,2
C00500843,2062018.0,25,2018,06,2
C00500843,2112018.0,25,2018,11,2
C00500843,2132018.0,35,2018,13,2
C00500843,2092018.0,10,2018,09,2
C00500843,2262018.0,10,2018,26,2
C00500843,2282018.0,10,2018,28,2
C00500843,2282018.0,2,2018,28,2
C00500843,2032018.0,2,2018,03,2
C00500843,2072018.0,5,2018,07,2
C00500843,2072018.0,5,2018,07,2
C00500843,2272018.0,50,2018,27,2
C00500843,2142018.0,50,2018,14,2
C00500843,2282018.0,50,2018,28,2
C00500843,2272018.0,20,2018,27,2
C00500843,2152018.0,50,2018,15,2
C00500843,2072018.0,10,2018,07,2
C00500843,2232018.0,20,2018,23,2
C00500843,2122018.0,50,2018,12,2
C00500843,2202018.0,35,2018,20,2
C00500843,2122018.0,100,2018,12,2
C00500843,2202018.0,20,2018,20,2
C00500843,2062018.0,25,2018,06,2
C00500843,2262018.0,17,2018,26,2
C00500843,2272018.0,5,2018,27,2
C00500843,2272018.0,17,2018,27,2
C00500843,2282018.0,1,2018,28,2
C00500843,2232018.0,50,2018,23,2
C00500843,2022018.0,50,2018,02,2
C00500843,2282018.0,20,2018,28,2
C00500843,2062018.0,10,2018,06,2
C00500843,2102018.0,10,2018,10,2
C00500843,2222018.0,5,2018,22,2
C00500843,2202018.0,25,2018,20,2
C00500843,2282018.0,25,2018,28,2
C00500843,2092018.0,35,2018,09,2
C00500843,2282018.0,5,2018,28,2
C00500843,2282018.0,10,2018,28,2
C00500843,2222018.0,25,2018,22,2
C00500843,2012018.0,45,2018,01,2
C00500843,2232018.0,50,2018,23,2
C00500843,2272018.0,10,2018,27,2
C00500843,2152018.0,25,2018,15,2
C00500843,2152018.0,100,2018,15,2
C00500843,2272018.0,25,2018,27,2
C00500843,2022018.0,5,2018,02,2
C00500843,2212018.0,5,2018,21,2
C00500843,2222018.0,5,2018,22,2
C00500843,2282018.0,5,2018,28,2
C00500843,2122018.0,10,2018,12,2
C00500843,2232018.0,45,2018,23,2
C00500843,2202018.0,50,2018,20,2
C00500843,2052018.0,35,2018,05,2
C00500843,2262018.0,35,2018,26,2
C00500843,2222018.0,100,2018,22,2
C00500843,2232018.0,10,2018,23,2
C00500843,2052018.0,40,2018,05,2
C00500843,2222018.0,10,2018,22,2
C00500843,2272018.0,45,2018,27,2
C00500843,2282018.0,25,2018,28,2
C00500843,2272018.0,25,2018,27,2
C00500843,2232018.0,5,2018,23,2
C00500843,2012018.0,50,2018,01,2
C00500843,2282018.0,25,2018,28,2
C00500843,2012018.0,30,2018,01,2
C00500843,2172018.0,25,2018,17,2
C00500843,2202018.0,50,2018,20,2
C00500843,2122018.0,40,2018,12,2
C00500843,2282018.0,25,2018,28,2
C00500843,2062018.0,10,2018,06,2
C00500843,2142018.0,10,2018,14,2
C00500843,2122018.0,50,2018,12,2
C00500843,2122018.0,50,2018,12,2
C00500843,2192018.0,25,2018,19,2
C00500843,2222018.0,50,2018,22,2
C00500843,2272018.0,50,2018,27,2
C00500843,2162018.0,500,2018,16,2
C00500843,2122018.0,100,2018,12,2
C00500843,2222018.0,25,2018,22,2
C00500843,2282018.0,20,2018,28,2
C00500843,2222018.0,50,2018,22,2
C00500843,2102018.0,50,2018,10,2
C00500843,2082018.0,10,2018,08,2
C00500843,2152018.0,25,2018,15,2
C00500843,2202018.0,5,2018,20,2
C00500843,2212018.0,10,2018,21,2
C00500843,2282018.0,20,2018,28,2
C00500843,2232018.0,25,2018,23,2
C00500843,2222018.0,10,2018,22,2
C00500843,2012018.0,10,2018,01,2
C00500843,2232018.0,10,2018,23,2
C00500843,2282018.0,27,2018,28,2
C00500843,2222018.0,100,2018,22,2
C00500843,2262018.0,45,2018,26,2
C00500843,2272018.0,100,2018,27,2
C00500843,2092018.0,10,2018,09,2
C00500843,2262018.0,25,2018,26,2
C00500843,2072018.0,10,2018,07,2
C00500843,2252018.0,25,2018,25,2
C00500843,2262018.0,50,2018,26,2
C00500843,2082018.0,5,2018,08,2
C00500843,2272018.0,17,2018,27,2
C00500843,2212018.0,10,2018,21,2
C00500843,2132018.0,250,2018,13,2
C00500843,2082018.0,10,2018,08,2
C00500843,2182018.0,20,2018,18,2
C00500843,2042018.0,10,2018,04,2
C00500843,2062018.0,50,2018,06,2
C00500843,2142018.0,10,2018,14,2
C00500843,2122018.0,50,2018,12,2
C00500843,2092018.0,25,2018,09,2
C00500843,2242018.0,15,2018,24,2
C00500843,2262018.0,50,2018,26,2
C00500843,2052018.0,50,2018,05,2
C00500843,2072018.0,25,2018,07,2
C00500843,2062018.0,25,2018,06,2
C00500843,2272018.0,25,2018,27,2
C00500843,2282018.0,10,2018,28,2
C00500843,2202018.0,200,2018,20,2
C00500843,2272018.0,10,2018,27,2
C00500843,2232018.0,5,2018,23,2
C00500843,2122018.0,25,2018,12,2
C00500843,2282018.0,12,2018,28,2
C00500843,2132018.0,20,2018,13,2
C00500843,2072018.0,10,2018,07,2
C00500843,2122018.0,50,2018,12,2
C00500843,2062018.0,25,2018,06,2
C00500843,2202018.0,35,2018,20,2
C00500843,2242018.0,5,2018,24,2
C00500843,2232018.0,5,2018,23,2
C00500843,2012018.0,50,2018,01,2
C00500843,2132018.0,3,2018,13,2
C00500843,2232018.0,45,2018,23,2
C00500843,2052018.0,500,2018,05,2
C00500843,2142018.0,50,2018,14,2
C00500843,2242018.0,25,2018,24,2
C00500843,2272018.0,10,2018,27,2
C00500843,2282018.0,25,2018,28,2
C00500843,2202018.0,50,2018,20,2
C00500843,2162018.0,100,2018,16,2
C00500843,2022018.0,100,2018,02,2
C00500843,2202018.0,100,2018,20,2
C00500843,2062018.0,10,2018,06,2
C00500843,2262018.0,100,2018,26,2
C00500843,2152018.0,100,2018,15,2
C00500843,2252018.0,5,2018,25,2
C00500843,2222018.0,5,2018,22,2
C00500843,2282018.0,15,2018,28,2
C00500843,2282018.0,25,2018,28,2
C00500843,2272018.0,5,2018,27,2
C00500843,2012018.0,100,2018,01,2
C00500843,2202018.0,50,2018,20,2
C00500843,2232018.0,10,2018,23,2
C00500843,2282018.0,20,2018,28,2
C00500843,2242018.0,10,2018,24,2
C00500843,2232018.0,50,2018,23,2
C00500843,2022018.0,35,2018,02,2
C00500843,2222018.0,35,2018,22,2
C00500843,2272018.0,5,2018,27,2
C00500843,2202018.0,25,2018,20,2
C00500843,2132018.0,150,2018,13,2
C00500843,2202018.0,35,2018,20,2
C00500843,2222018.0,25,2018,22,2
C00500843,2282018.0,5,2018,28,2
C00500843,2122018.0,3,2018,12,2
C00500843,2152018.0,10,2018,15,2
C00500843,2122018.0,50,2018,12,2
C00500843,2082018.0,20,2018,08,2
C00500843,2182018.0,25,2018,18,2
C00500843,2232018.0,45,2018,23,2
C00500843,2022018.0,35,2018,02,2
C00500843,2122018.0,50,2018,12,2
C00500843,2212018.0,25,2018,21,2
C00500843,2282018.0,40,2018,28,2
C00500843,2232018.0,10,2018,23,2
C00500843,2072018.0,10,2018,07,2
C00500843,2282018.0,5,2018,28,2
C00500843,2232018.0,10,2018,23,2
C00500843,2242018.0,5,2018,24,2
C00500843,2272018.0,50,2018,27,2
C00500843,2202018.0,100,2018,20,2
C00500843,2222018.0,50,2018,22,2
C00500843,2222018.0,50,2018,22,2
C00500843,2032018.0,50,2018,03,2
C00500843,2232018.0,10,2018,23,2
C00500843,2072018.0,1,2018,07,2
C00500843,2222018.0,50,2018,22,2
C00500843,2232018.0,10,2018,23,2
C00500843,2152018.0,25,2018,15,2
C00500843,2132018.0,75,2018,13,2
C00500843,2282018.0,10,2018,28,2
C00500843,2222018.0,100,2018,22,2
C00500843,2042018.0,100,2018,04,2
C00500843,2122018.0,50,2018,12,2
C00500843,2262018.0,45,2018,26,2
C00500843,2112018.0,35,2018,11,2
C00500843,2282018.0,45,2018,28,2
C00500843,2222018.0,100,2018,22,2
C00500843,2082018.0,50,2018,08,2
C00500843,2272018.0,10,2018,27,2
C00500843,2282018.0,5,2018,28,2
C00500843,2042018.0,5,2018,04,2
C00500843,2232018.0,5,2018,23,2
C00500843,2202018.0,100,2018,20,2
C00500843,2162018.0,100,2018,16,2
C00500843,2282018.0,25,2018,28,2
C00500843,2212018.0,3,2018,21,2
C00500843,2062018.0,20,2018,06,2
C00500843,2272018.0,200,2018,27,2
C00500843,2162018.0,20,2018,16,2
C00500843,2212018.0,50,2018,21,2
C00500843,2162018.0,20,2018,16,2
C00500843,2232018.0,100,2018,23,2
C00500843,2282018.0,45,2018,28,2
C00500843,2062018.0,10,2018,06,2
C00500843,2202018.0,40,2018,20,2
C00500843,2102018.0,10,2018,10,2
C00500843,2062018.0,25,2018,06,2
C00500843,2192018.0,10,2018,19,2
C00500843,2272018.0,25,2018,27,2
C00500843,2282018.0,10,2018,28,2
C00500843,2242018.0,5,2018,24,2
C00500843,2192018.0,10,2018,19,2
C00500843,2012018.0,25,2018,01,2
C00500843,2202018.0,50,2018,20,2
C00500843,2082018.0,25,2018,08,2
C00500843,2212018.0,5,2018,21,2
C00500843,2192018.0,25,2018,19,2
C00500843,2222018.0,10,2018,22,2
C00500843,2222018.0,50,2018,22,2
C00500843,2012018.0,50,2018,01,2
C00500843,2092018.0,50,2018,09,2
C00500843,2222018.0,10,2018,22,2
C00500843,2282018.0,50,2018,28,2
C00500843,2202018.0,50,2018,20,2
C00500843,2282018.0,5,2018,28,2
C00500843,2202018.0,10,2018,20,2
C00500843,2282018.0,5,2018,28,2
C00500843,2032018.0,10,2018,03,2
C00500843,2222018.0,54,2018,22,2
C00500843,2252018.0,6,2018,25,2
C00500843,2072018.0,1,2018,07,2
C00500843,2212018.0,25,2018,21,2
C00500843,2152018.0,3,2018,15,2
C00500843,2152018.0,5,2018,15,2
C00500843,2092018.0,25,2018,09,2
C00500843,2062018.0,5,2018,06,2
C00500843,2142018.0,7,2018,14,2
C00500843,2222018.0,10,2018,22,2
C00500843,2072018.0,50,2018,07,2
C00500843,2262018.0,50,2018,26,2
C00500843,2282018.0,25,2018,28,2
C00500843,2252018.0,50,2018,25,2
C00500843,2222018.0,25,2018,22,2
C00500843,2022018.0,25,2018,02,2
C00500843,2182018.0,10,2018,18,2
C00500843,2192018.0,5,2018,19,2
C00500843,2282018.0,10,2018,28,2
C00500843,2152018.0,25,2018,15,2
C00500843,2052018.0,25,2018,05,2
C00500843,2262018.0,25,2018,26,2
C00500843,2282018.0,50,2018,28,2
C00500843,2072018.0,10,2018,07,2
C00500843,2212018.0,5,2018,21,2
C00500843,2222018.0,5,2018,22,2
C00500843,2282018.0,3,2018,28,2
C00500843,2282018.0,25,2018,28,2
C00500843,2022018.0,250,2018,02,2
C00500843,2202018.0,250,2018,20,2
C00500843,2262018.0,50,2018,26,2
C00500843,2202018.0,200,2018,20,2
C00500843,2202018.0,100,2018,20,2
C00500843,2062018.0,10,2018,06,2
C00500843,2222018.0,100,2018,22,2
C00500843,2272018.0,100,2018,27,2
C00500843,2232018.0,50,2018,23,2
C00500843,2202018.0,50,2018,20,2
C00500843,2282018.0,50,2018,28,2
C00500843,2092018.0,25,2018,09,2
C00500843,2192018.0,25,2018,19,2
C00500843,2142018.0,50,2018,14,2
C00500843,2152018.0,25,2018,15,2
C00500843,2212018.0,25,2018,21,2
C00500843,2232018.0,10,2018,23,2
C00500843,2162018.0,500,2018,16,2
C00500843,2022018.0,50,2018,02,2
C00500843,2122018.0,50,2018,12,2
C00500843,2232018.0,100,2018,23,2
C00500843,2092018.0,25,2018,09,2
C00500843,2112018.0,25,2018,11,2
C00500843,2282018.0,25,2018,28,2
C00500843,2232018.0,100,2018,23,2
C00500843,2012018.0,50,2018,01,2
C00500843,2042018.0,100,2018,04,2
C00500843,2022018.0,5,2018,02,2
C00500843,2262018.0,35,2018,26,2
C00500843,2072018.0,25,2018,07,2
C00500843,2222018.0,10,2018,22,2
C00500843,2222018.0,25,2018,22,2
C00500843,2162018.0,50,2018,16,2
C00500843,2202018.0,50,2018,20,2
C00500843,2012018.0,75,2018,01,2
C00500843,2202018.0,100,2018,20,2
C00500843,2262018.0,25,2018,26,2
C00500843,2072018.0,25,2018,07,2
C00500843,2222018.0,10,2018,22,2
C00500843,2272018.0,45,2018,27,2
C00500843,2212018.0,25,2018,21,2
C00500843,2272018.0,100,2018,27,2
C00500843,2222018.0,3,2018,22,2
C00500843,2092018.0,25,2018,09,2
C00500843,2222018.0,10,2018,22,2
C00500843,2162018.0,150,2018,16,2
C00500843,2162018.0,10,2018,16,2
C00500843,2162018.0,10,2018,16,2
C00500843,2092018.0,25,2018,09,2
C00500843,2282018.0,500,2018,28,2
C00500843,2082018.0,100,2018,08,2
C00500843,2162018.0,100,2018,16,2
C00500843,2142018.0,100,2018,14,2
C00500843,2222018.0,100,2018,22,2
C00500843,2232018.0,25,2018,23,2
C00500843,2222018.0,5,2018,22,2
C00500843,2022018.0,25,2018,02,2
C00500843,2282018.0,25,2018,28,2
C00500843,2282018.0,27,2018,28,2
C00500843,2032018.0,25,2018,03,2
C00500843,2212018.0,25,2018,21,2
C00500843,2022018.0,30,2018,02,2
C00500843,2232018.0,25,2018,23,2
C00500843,2202018.0,200,2018,20,2
C00500843,2022018.0,10,2018,02,2
C00500843,2062018.0,30,2018,06,2
C00500843,2152018.0,10,2018,15,2
C00500843,2202018.0,50,2018,20,2
C00500843,2172018.0,500,2018,17,2
C00500843,2202018.0,35,2018,20,2
C00500843,2282018.0,50,2018,28,2
C00500843,2142018.0,25,2018,14,2
C00500843,2282018.0,25,2018,28,2
C00500843,2272018.0,80,2018,27,2
C00500843,2232018.0,50,2018,23,2
C00500843,2042018.0,10,2018,04,2
C00500843,2282018.0,10,2018,28,2
C00500843,2202018.0,40,2018,20,2
C00500843,2272018.0,100,2018,27,2
C00500843,2222018.0,50,2018,22,2
C00500843,2232018.0,10,2018,23,2
C00500843,2282018.0,5,2018,28,2
C00500843,2062018.0,25,2018,06,2
C00500843,2162018.0,250,2018,16,2
C00500843,2242018.0,50,2018,24,2
C00500843,2242018.0,25,2018,24,2
C00500843,2162018.0,10,2018,16,2
C00500843,2172018.0,15,2018,17,2
C00500843,2052018.0,10,2018,05,2
C00500843,2072018.0,5,2018,07,2
C00500843,2242018.0,10,2018,24,2
C00500843,2052018.0,10,2018,05,2
C00500843,2232018.0,25,2018,23,2
C00500843,2102018.0,10,2018,10,2
C00500843,2152018.0,50,2018,15,2
C00500843,2222018.0,5,2018,22,2
C00500843,2202018.0,120,2018,20,2
C00500843,2262018.0,100,2018,26,2
C00500843,2132018.0,50,2018,13,2
C00500843,2162018.0,50,2018,16,2
C00500843,2122018.0,20,2018,12,2
C00500843,2152018.0,50,2018,15,2
C00500843,2122018.0,3,2018,12,2
C00500843,2222018.0,25,2018,22,2
C00500843,2202018.0,200,2018,20,2
C00500843,2122018.0,75,2018,12,2
C00500843,2122018.0,30,2018,12,2
C00500843,2232018.0,50,2018,23,2
C00500843,2122018.0,25,2018,12,2
C00500843,2232018.0,10,2018,23,2
C00500843,2282018.0,10,2018,28,2
C00500843,2062018.0,25,2018,06,2
C00500843,2202018.0,50,2018,20,2
C00500843,2282018.0,25,2018,28,2
C00500843,2232018.0,45,2018,23,2
C00500843,2082018.0,50,2018,08,2
C00500843,2042018.0,50,2018,04,2
C00500843,2132018.0,25,2018,13,2
C00500843,2172018.0,5,2018,17,2
C00500843,2082018.0,50,2018,08,2
C00500843,2282018.0,10,2018,28,2
C00500843,2272018.0,100,2018,27,2
C00500843,2232018.0,25,2018,23,2
C00500843,2062018.0,5,2018,06,2
C00500843,2072018.0,36,2018,07,2
C00500843,2082018.0,25,2018,08,2
C00500843,2012018.0,35,2018,01,2
C00500843,2052018.0,250,2018,05,2
C00500843,2272018.0,100,2018,27,2
C00500843,2092018.0,30,2018,09,2
C00500843,2012018.0,25,2018,01,2
C00500843,2232018.0,10,2018,23,2
C00500843,2212018.0,25,2018,21,2
C00500843,2222018.0,10,2018,22,2
C00500843,2162018.0,3,2018,16,2
C00500843,2282018.0,20,2018,28,2
C00500843,2232018.0,25,2018,23,2
C00500843,2222018.0,3,2018,22,2
C00500843,2272018.0,3,2018,27,2
C00500843,2242018.0,25,2018,24,2
C00500843,2232018.0,20,2018,23,2
C00500843,2192018.0,10,2018,19,2
C00500843,2152018.0,50,2018,15,2
C00500843,2082018.0,12,2018,08,2
C00500843,2172018.0,25,2018,17,2
C00500843,2142018.0,10,2018,14,2
C00500843,2072018.0,10,2018,07,2
C00500843,2072018.0,15,2018,07,2
C00500843,2282018.0,10,2018,28,2
C00500843,2222018.0,10,2018,22,2
C00500843,2272018.0,7,2018,27,2
C00500843,2272018.0,25,2018,27,2
C00500843,2122018.0,25,2018,12,2
C00500843,2232018.0,25,2018,23,2
C00500843,2262018.0,25,2018,26,2
C00500843,2072018.0,250,2018,07,2
C00500843,2072018.0,30,2018,07,2
C00500843,2152018.0,25,2018,15,2
C00500843,2072018.0,13,2018,07,2
C00500843,2202018.0,200,2018,20,2
C00500843,2012018.0,25,2018,01,2
C00500843,2182018.0,1,2018,18,2
C00500843,2222018.0,10,2018,22,2
C00500843,2282018.0,25,2018,28,2
C00500843,2272018.0,25,2018,27,2
C00500843,2062018.0,25,2018,06,2
C00500843,2202018.0,100,2018,20,2
C00500843,2282018.0,19,2018,28,2
C00500843,2132018.0,10,2018,13,2
C00500843,2032018.0,10,2018,03,2
C00500843,2202018.0,250,2018,20,2
C00500843,2012018.0,35,2018,01,2
C00500843,2232018.0,25,2018,23,2
C00500843,2082018.0,905,2018,08,2
C00500843,2132018.0,2,2018,13,2
C00500843,2072018.0,20,2018,07,2
C00500843,2072018.0,3,2018,07,2
C00500843,2182018.0,50,2018,18,2
C00500843,2182018.0,10,2018,18,2
C00500843,2182018.0,10,2018,18,2
C00500843,2082018.0,50,2018,08,2
C00500843,2042018.0,50,2018,04,2
C00500843,2112018.0,200,2018,11,2
C00500843,2062018.0,100,2018,06,2
C00500843,2042018.0,25,2018,04,2
C00500843,2082018.0,300,2018,08,2
C00500843,2182018.0,1,2018,18,2
C00500843,2182018.0,10,2018,18,2
C00500843,2182018.0,2,2018,18,2
C00548289,2112018.0,250,2018,11,2
C00548289,2122018.0,100,2018,12,2
C00548289,2122018.0,35,2018,12,2
C00548289,2282018.0,500,2018,28,2
C00548289,2282018.0,1000,2018,28,2
C00548289,2282018.0,1000,2018,28,2
C00548289,2282018.0,500,2018,28,2
C00548289,2082018.0,2700,2018,08,2
C00548289,2082018.0,-2700,2018,08,2
C00548289,2262018.0,-2300,2018,26,2
C00548289,2012018.0,100,2018,01,2
C00548289,2262018.0,2300,2018,26,2
C00548289,2142018.0,500,2018,14,2
C00548289,2142018.0,2700,2018,14,2
C00548289,2072018.0,5400,2018,07,2
C00548289,2092018.0,50,2018,09,2
C00548289,2082018.0,100,2018,08,2
C00548289,2102018.0,100,2018,10,2
C00548289,2202018.0,100,2018,20,2
C00548289,2202018.0,100,2018,20,2
C00548289,2202018.0,250,2018,20,2
C00548289,2212018.0,1000,2018,21,2
C00548289,2082018.0,-2700,2018,08,2
C00548289,2082018.0,2700,2018,08,2
C00548289,2052018.0,500,2018,05,2
C00548289,2052018.0,250,2018,05,2
C00548289,2052018.0,500,2018,05,2
C00548289,2062018.0,2700,2018,06,2
C00548289,2062018.0,1000,2018,06,2
C00548289,2212018.0,1000,2018,21,2
C00548289,2212018.0,500,2018,21,2
C00548289,2122018.0,2700,2018,12,2
C00548289,2132018.0,500,2018,13,2
C00548289,2132018.0,2700,2018,13,2
C00548289,2062018.0,2700,2018,06,2
C00548289,2062018.0,100,2018,06,2
C00548289,2142018.0,500,2018,14,2
C00548289,2072018.0,50,2018,07,2
C00548289,2092018.0,25,2018,09,2
C00548289,2122018.0,50,2018,12,2
C00548289,2112018.0,100,2018,11,2
C00548289,2142018.0,25,2018,14,2
C00548289,2172018.0,50,2018,17,2
C00548289,2132018.0,500,2018,13,2
C00548289,2212018.0,2700,2018,21,2
C00548289,2212018.0,250,2018,21,2
C00548289,2212018.0,2000,2018,21,2
C00548289,2272018.0,500,2018,27,2
C00548289,2212018.0,1000,2018,21,2
C00548289,2022018.0,100,2018,02,2
C00548289,2262018.0,300,2018,26,2
C00548289,2022018.0,25,2018,02,2
C00548289,2032018.0,100,2018,03,2
C00548289,2232018.0,500,2018,23,2
C00548289,2262018.0,500,2018,26,2
C00548289,2262018.0,40,2018,26,2
C00548289,2262018.0,100,2018,26,2
C00548289,2262018.0,200,2018,26,2
C00548289,2262018.0,1000,2018,26,2
C00548289,2162018.0,1000,2018,16,2
C00548289,2142018.0,1000,2018,14,2
C00548289,2172018.0,20,2018,17,2
C00548289,2172018.0,100,2018,17,2
C00548289,2152018.0,2700,2018,15,2
C00548289,2202018.0,100,2018,20,2
C00548289,2222018.0,200,2018,22,2
C00548289,2262018.0,50,2018,26,2
C00548289,2272018.0,1700,2018,27,2
C00548289,2072018.0,2700,2018,07,2
C00548289,2012018.0,50,2018,01,2
C00548289,2072018.0,500,2018,07,2
C00548289,2072018.0,1000,2018,07,2
C00548289,2072018.0,5400,2018,07,2
C00548289,2072018.0,5000,2018,07,2
C00548289,2262018.0,-2700,2018,26,2
C00548289,2262018.0,2700,2018,26,2
C00548289,2092018.0,100,2018,09,2
C00548289,2092018.0,50,2018,09,2
C00461046,2082018.0,250,2018,08,2
C00461046,2052018.0,300,2018,05,2
C00461046,2052018.0,500,2018,05,2
C00461046,2082018.0,100,2018,08,2
C00461046,2052018.0,100,2018,05,2
C00461046,2052018.0,2700,2018,05,2
C00461046,2222018.0,500,2018,22,2
C00461046,2152018.0,50,2018,15,2
C00461046,2242018.0,2700,2018,24,2
C00461046,2052018.0,250,2018,05,2
C00461046,2232018.0,250,2018,23,2
C00461046,2052018.0,1000,2018,05,2
C00461046,2222018.0,35,2018,22,2
C00461046,2012018.0,500,2018,01,2
C00461046,2202018.0,50,2018,20,2
C00461046,2082018.0,76,2018,08,2
C00461046,2012018.0,100,2018,01,2
C00461046,2082018.0,30,2018,08,2
C00461046,2012018.0,250,2018,01,2
C00461046,2052018.0,1000,2018,05,2
C00461046,2022018.0,500,2018,02,2
C00461046,2052018.0,2700,2018,05,2
C00461046,2012018.0,300,2018,01,2
C00461046,2262018.0,25,2018,26,2
C00461046,2052018.0,2300,2018,05,2
C00461046,2232018.0,500,2018,23,2
C00461046,2012018.0,500,2018,01,2
C00461046,2052018.0,500,2018,05,2
C00461046,2052018.0,1000,2018,05,2
C00461046,2012018.0,50,2018,01,2
C00461046,2082018.0,1000,2018,08,2
C00461046,2052018.0,2700,2018,05,2
C00461046,2052018.0,25,2018,05,2
C00461046,2072018.0,100,2018,07,2
C00461046,2052018.0,500,2018,05,2
C00461046,2012018.0,200,2018,01,2
C00461046,2012018.0,105,2018,01,2
C00461046,2152018.0,50,2018,15,2
C00461046,2052018.0,100,2018,05,2
C00461046,2212018.0,2500,2018,21,2
C00461046,2052018.0,150,2018,05,2
C00461046,2082018.0,75,2018,08,2
C00461046,2262018.0,50,2018,26,2
C00461046,2052018.0,1000,2018,05,2
C00461046,2242018.0,2700,2018,24,2
C00461046,2012018.0,25,2018,01,2
C00461046,2202018.0,250,2018,20,2
C00461046,2012018.0,250,2018,01,2
C00461046,2052018.0,100,2018,05,2
C00461046,2052018.0,500,2018,05,2
C00461046,2082018.0,300,2018,08,2
C00461046,2072018.0,106,2018,07,2
C00461046,2232018.0,500,2018,23,2
C00461046,2012018.0,60,2018,01,2
C00461046,2082018.0,300,2018,08,2
C00461046,2152018.0,150,2018,15,2
C00461046,2012018.0,150,2018,01,2
C00461046,2152018.0,30,2018,15,2
C00461046,2052018.0,500,2018,05,2
C00461046,2012018.0,225,2018,01,2
C00461046,2052018.0,15,2018,05,2
C00461046,2072018.0,85,2018,07,2
C00461046,2282018.0,500,2018,28,2
C00461046,2072018.0,100,2018,07,2
C00461046,2052018.0,700,2018,05,2
C00461046,2012018.0,200,2018,01,2
C00461046,2152018.0,1000,2018,15,2
C00461046,2082018.0,200,2018,08,2
C00461046,2122018.0,200,2018,12,2
C00461046,2052018.0,2500,2018,05,2
C00461046,2052018.0,15,2018,05,2
C00461046,2052018.0,2500,2018,05,2
C00461046,2222018.0,311,2018,22,2
C00461046,2232018.0,1000,2018,23,2
C00461046,2052018.0,20,2018,05,2
C00461046,2072018.0,100,2018,07,2
C00461046,2082018.0,100,2018,08,2
C00461046,2082018.0,200,2018,08,2
C00461046,2232018.0,1000,2018,23,2
C00461046,2012018.0,102,2018,01,2
C00461046,2012018.0,50,2018,01,2
C00461046,2072018.0,500,2018,07,2
C00461046,2222018.0,50,2018,22,2
C00461046,2222018.0,70,2018,22,2
C00461046,2232018.0,2500,2018,23,2
C00461046,2052018.0,100,2018,05,2
C00461046,2262018.0,50,2018,26,2
C00461046,2052018.0,25,2018,05,2
C00461046,2052018.0,2500,2018,05,2
C00461046,2232018.0,1000,2018,23,2
C00461046,2082018.0,1000,2018,08,2
C00461046,2012018.0,153,2018,01,2
C00461046,2082018.0,2700,2018,08,2
C00461046,2152018.0,35,2018,15,2
C00461046,2052018.0,15,2018,05,2
C00461046,2082018.0,200,2018,08,2
C00461046,2072018.0,200,2018,07,2
C00461046,2122018.0,200,2018,12,2
C00461046,2222018.0,1624,2018,22,2
C00461046,2082018.0,500,2018,08,2
C00461046,2052018.0,400,2018,05,2
C00461046,2012018.0,35,2018,01,2
C00461046,2152018.0,300,2018,15,2
C00461046,2082018.0,50,2018,08,2
C00461046,2052018.0,250,2018,05,2
C00461046,2012018.0,25,2018,01,2
C00461046,2012018.0,250,2018,01,2
C00461046,2082018.0,2700,2018,08,2
C00461046,2082018.0,100,2018,08,2
C00461046,2152018.0,25,2018,15,2
C00461046,2202018.0,200,2018,20,2
C00461046,2052018.0,1000,2018,05,2
C00461046,2232018.0,500,2018,23,2
C00461046,2052018.0,25,2018,05,2
C00461046,2052018.0,1000,2018,05,2
C00461046,2152018.0,100,2018,15,2
C00461046,2222018.0,100,2018,22,2
C00461046,2012018.0,400,2018,01,2
C00461046,2122018.0,250,2018,12,2
C00461046,2232018.0,1000,2018,23,2
C00461046,2052018.0,100,2018,05,2
C00461046,2052018.0,50,2018,05,2
C00461046,2082018.0,50,2018,08,2
C00461046,2012018.0,300,2018,01,2
C00461046,2082018.0,50,2018,08,2
C00461046,2052018.0,200,2018,05,2
C00461046,2152018.0,251,2018,15,2
C00458398,2102018.0,200,2018,10,2
C00458398,2282018.0,50,2018,28,2
C00458398,2282018.0,25,2018,28,2
C00458398,2112018.0,25,2018,11,2
C00458398,2162018.0,50,2018,16,2
C00458398,2222018.0,1250,2018,22,2
C00458398,2212018.0,25,2018,21,2
C00458398,2192018.0,25,2018,19,2
C00458398,2212018.0,25,2018,21,2
C00458398,2212018.0,15,2018,21,2
C00458398,2282018.0,20,2018,28,2
C00458398,2282018.0,50,2018,28,2
C00458398,2282018.0,50,2018,28,2
C00458398,2212018.0,50,2018,21,2
C00458398,2212018.0,12,2018,21,2
C00458398,2102018.0,200,2018,10,2
C00458398,2112018.0,20,2018,11,2
C00458398,2172018.0,25,2018,17,2
C00458398,2242018.0,10,2018,24,2
C00458398,2262018.0,35,2018,26,2
C00458398,2102018.0,250,2018,10,2
C00458398,2252018.0,15,2018,25,2
C00458398,2282018.0,25,2018,28,2
C00458398,2052018.0,25,2018,05,2
C00458398,2232018.0,50,2018,23,2
C00458398,2262018.0,50,2018,26,2
C00458398,2192018.0,10,2018,19,2
C00458398,2252018.0,15,2018,25,2
C00458398,2102018.0,25,2018,10,2
C00458398,2122018.0,25,2018,12,2
C00458398,2192018.0,25,2018,19,2
C00458398,2162018.0,25,2018,16,2
C00458398,2012018.0,25,2018,01,2
C00458398,2162018.0,25,2018,16,2
C00458398,2182018.0,20,2018,18,2
C00458398,2112018.0,12,2018,11,2
C00458398,2212018.0,25,2018,21,2
C00458398,2282018.0,25,2018,28,2
C00458398,2102018.0,100,2018,10,2
C00458398,2162018.0,250,2018,16,2
C00458398,2122018.0,25,2018,12,2
C00458398,2192018.0,25,2018,19,2
C00458398,2232018.0,25,2018,23,2
C00458398,2272018.0,25,2018,27,2
C00458398,2102018.0,100,2018,10,2
C00458398,2062018.0,10,2018,06,2
C00458398,2182018.0,25,2018,18,2
C00458398,2182018.0,5,2018,18,2
C00458398,2162018.0,50,2018,16,2
C00458398,2252018.0,25,2018,25,2
C00458398,2012018.0,25,2018,01,2
C00458398,2252018.0,25,2018,25,2
C00458398,2112018.0,12,2018,11,2
C00458398,2042018.0,9,2018,04,2
C00411330,2272018.0,25,2018,27,2
C00411330,2222018.0,500,2018,22,2
C00411330,2072018.0,10,2018,07,2
C00411330,2052018.0,25,2018,05,2
C00411330,2072018.0,50,2018,07,2
C00411330,2272018.0,25,2018,27,2
C00411330,2272018.0,25,2018,27,2
C00411330,2282018.0,25,2018,28,2
C00411330,2272018.0,50,2018,27,2
C00411330,2152018.0,35,2018,15,2
C00411330,2172018.0,33,2018,17,2
C00411330,2282018.0,27,2018,28,2
C00411330,2282018.0,27,2018,28,2
C00411330,2212018.0,25,2018,21,2
C00411330,2042018.0,25,2018,04,2
C00411330,2282018.0,13,2018,28,2
C00411330,2182018.0,33,2018,18,2
C00411330,2182018.0,9,2018,18,2
C00411330,2222018.0,27,2018,22,2
C00411330,2232018.0,10,2018,23,2
C00411330,2052018.0,100,2018,05,2
C00411330,2282018.0,50,2018,28,2
C00411330,2282018.0,25,2018,28,2
C00411330,2272018.0,50,2018,27,2
C00411330,2282018.0,50,2018,28,2
C00411330,2272018.0,50,2018,27,2
C00411330,2282018.0,25,2018,28,2
C00411330,2202018.0,5,2018,20,2
C00411330,2172018.0,33,2018,17,2
C00411330,2072018.0,50,2018,07,2
C00411330,2082018.0,27,2018,08,2
C00411330,2202018.0,25,2018,20,2
C00411330,2282018.0,10,2018,28,2
C00411330,2282018.0,50,2018,28,2
C00411330,2072018.0,27,2018,07,2
C00411330,2282018.0,100,2018,28,2
C00411330,2092018.0,27,2018,09,2
C00411330,2172018.0,16,2018,17,2
C00411330,2012018.0,25,2018,01,2
C00411330,2052018.0,25,2018,05,2
C00411330,2152018.0,27,2018,15,2
C00411330,2062018.0,5,2018,06,2
C00411330,2282018.0,13,2018,28,2
C00411330,2272018.0,125,2018,27,2
C00411330,2212018.0,50,2018,21,2
C00411330,2112018.0,50,2018,11,2
C00411330,2172018.0,33,2018,17,2
C00411330,2272018.0,40,2018,27,2
C00411330,2272018.0,50,2018,27,2
C00411330,2222018.0,50,2018,22,2
C00411330,2282018.0,27,2018,28,2
C00411330,2282018.0,50,2018,28,2
C00411330,2282018.0,250,2018,28,2
C00411330,2202018.0,5,2018,20,2
C00411330,2272018.0,13,2018,27,2
C00411330,2272018.0,13,2018,27,2
C00411330,2282018.0,10,2018,28,2
C00411330,2202018.0,50,2018,20,2
C00411330,2282018.0,50,2018,28,2
C00411330,2212018.0,10,2018,21,2
C00411330,2282018.0,27,2018,28,2
C00411330,2182018.0,27,2018,18,2
C00411330,2282018.0,27,2018,28,2
C00411330,2272018.0,13,2018,27,2
C00411330,2082018.0,50,2018,08,2
C00411330,2272018.0,25,2018,27,2
C00411330,2272018.0,50,2018,27,2
C00411330,2152018.0,30,2018,15,2
C00411330,2172018.0,33,2018,17,2
C00411330,2272018.0,50,2018,27,2
C00411330,2282018.0,27,2018,28,2
C00411330,2172018.0,3,2018,17,2
C00411330,2272018.0,1,2018,27,2
C00411330,2072018.0,27,2018,07,2
C00411330,2202018.0,13,2018,20,2
C00411330,2282018.0,10,2018,28,2
C00411330,2202018.0,13,2018,20,2
C00411330,2072018.0,27,2018,07,2
C00411330,2172018.0,16,2018,17,2
C00411330,2112018.0,25,2018,11,2
C00411330,2102018.0,27,2018,10,2
C00411330,2152018.0,27,2018,15,2
C00411330,2182018.0,9,2018,18,2
C00411330,2272018.0,25,2018,27,2
C00411330,2282018.0,27,2018,28,2
C00411330,2272018.0,25,2018,27,2
C00411330,2172018.0,50,2018,17,2
C00411330,2112018.0,10,2018,11,2
C00411330,2212018.0,5,2018,21,2
C00411330,2282018.0,50,2018,28,2
C00411330,2172018.0,3,2018,17,2
C00411330,2172018.0,33,2018,17,2
C00411330,2122018.0,50,2018,12,2
C00411330,2152018.0,100,2018,15,2
C00411330,2282018.0,10,2018,28,2
C00411330,2282018.0,50,2018,28,2
C00411330,2172018.0,9,2018,17,2
C00411330,2272018.0,13,2018,27,2
C00411330,2272018.0,50,2018,27,2
C00411330,2082018.0,100,2018,08,2
C00411330,2282018.0,4,2018,28,2
C00411330,2272018.0,25,2018,27,2
C00411330,2022018.0,10,2018,02,2
C00411330,2282018.0,25,2018,28,2
C00411330,2182018.0,16,2018,18,2
C00411330,2182018.0,41,2018,18,2
C00411330,2272018.0,87,2018,27,2
C00411330,2172018.0,10,2018,17,2
C00411330,2022018.0,25,2018,02,2
C00411330,2202018.0,5,2018,20,2
C00411330,2212018.0,25,2018,21,2
C00411330,2212018.0,50,2018,21,2
C00411330,2282018.0,20,2018,28,2
C00411330,2282018.0,10,2018,28,2
C00411330,2212018.0,54,2018,21,2
C00411330,2282018.0,10,2018,28,2
C00411330,2272018.0,13,2018,27,2
C00411330,2022018.0,10,2018,02,2
C00411330,2282018.0,10,2018,28,2
C00411330,2012018.0,40,2018,01,2
C00411330,2282018.0,175,2018,28,2
C00411330,2192018.0,33,2018,19,2
C00411330,2182018.0,9,2018,18,2
C00411330,2272018.0,125,2018,27,2
C00411330,2082018.0,10,2018,08,2
C00411330,2202018.0,25,2018,20,2
C00411330,2202018.0,250,2018,20,2
C00411330,2172018.0,33,2018,17,2
C00411330,2012018.0,100,2018,01,2
C00411330,2082018.0,50,2018,08,2
C00411330,2272018.0,25,2018,27,2
C00411330,2092018.0,50,2018,09,2
C00411330,2272018.0,25,2018,27,2
C00411330,2282018.0,27,2018,28,2
C00411330,2272018.0,25,2018,27,2
C00411330,2132018.0,27,2018,13,2
C00411330,2172018.0,33,2018,17,2
C00411330,2272018.0,13,2018,27,2
C00411330,2192018.0,50,2018,19,2
C00411330,2282018.0,10,2018,28,2
C00411330,2282018.0,10,2018,28,2
C00411330,2272018.0,50,2018,27,2
C00411330,2272018.0,125,2018,27,2
C00411330,2052018.0,6,2018,05,2
C00411330,2202018.0,13,2018,20,2
C00411330,2282018.0,15,2018,28,2
C00411330,2052018.0,25,2018,05,2
C00411330,2152018.0,27,2018,15,2
C00411330,2282018.0,27,2018,28,2
C00411330,2072018.0,27,2018,07,2
C00411330,2072018.0,27,2018,07,2
C00411330,2202018.0,25,2018,20,2
C00411330,2262018.0,27,2018,26,2
C00411330,2282018.0,13,2018,28,2
C00411330,2082018.0,27,2018,08,2
C00411330,2282018.0,50,2018,28,2
C00411330,2282018.0,27,2018,28,2
C00411330,2172018.0,83,2018,17,2
C00411330,2282018.0,50,2018,28,2
C00411330,2082018.0,27,2018,08,2
C00411330,2202018.0,25,2018,20,2
C00411330,2152018.0,27,2018,15,2
C00411330,2202018.0,50,2018,20,2
C00411330,2212018.0,25,2018,21,2
C00411330,2182018.0,33,2018,18,2
C00411330,2172018.0,33,2018,17,2
C00411330,2192018.0,25,2018,19,2
C00411330,2272018.0,25,2018,27,2
C00411330,2272018.0,13,2018,27,2
C00411330,2272018.0,50,2018,27,2
C00411330,2242018.0,6,2018,24,2
C00411330,2232018.0,27,2018,23,2
C00411330,2082018.0,100,2018,08,2
C00411330,2172018.0,16,2018,17,2
C00411330,2282018.0,10,2018,28,2
C00411330,2282018.0,50,2018,28,2
C00411330,2202018.0,50,2018,20,2
C00411330,2282018.0,200,2018,28,2
C00411330,2172018.0,10,2018,17,2
C00411330,2232018.0,5,2018,23,2
C00411330,2072018.0,3,2018,07,2
C00411330,2272018.0,13,2018,27,2
C00411330,2212018.0,27,2018,21,2
C00411330,2262018.0,13,2018,26,2
C00411330,2152018.0,50,2018,15,2
C00411330,2072018.0,100,2018,07,2
C00411330,2282018.0,10,2018,28,2
C00411330,2202018.0,100,2018,20,2
C00411330,2272018.0,100,2018,27,2
C00411330,2272018.0,13,2018,27,2
C00411330,2282018.0,10,2018,28,2
C00411330,2282018.0,6,2018,28,2
C00411330,2172018.0,16,2018,17,2
C00411330,2172018.0,27,2018,17,2
C00411330,2272018.0,250,2018,27,2
C00411330,2252018.0,5,2018,25,2
C00411330,2282018.0,10,2018,28,2
C00411330,2282018.0,27,2018,28,2
C00411330,2272018.0,13,2018,27,2
C00411330,2182018.0,16,2018,18,2
C00411330,2212018.0,13,2018,21,2
C00411330,2272018.0,25,2018,27,2
C00411330,2282018.0,27,2018,28,2
C00411330,2072018.0,10,2018,07,2
C00411330,2112018.0,10,2018,11,2
C00411330,2172018.0,6,2018,17,2
C00411330,2202018.0,9,2018,20,2
C00411330,2202018.0,16,2018,20,2
C00411330,2272018.0,25,2018,27,2
C00411330,2272018.0,25,2018,27,2
C00411330,2082018.0,250,2018,08,2
C00411330,2062018.0,10,2018,06,2
C00411330,2062018.0,50,2018,06,2
C00411330,2212018.0,50,2018,21,2
C00411330,2112018.0,25,2018,11,2
C00411330,2172018.0,100,2018,17,2
C00411330,2072018.0,10,2018,07,2
C00411330,2112018.0,25,2018,11,2
C00411330,2272018.0,13,2018,27,2
C00411330,2132018.0,25,2018,13,2
C00411330,2072018.0,10,2018,07,2
C00411330,2222018.0,100,2018,22,2
C00411330,2282018.0,125,2018,28,2
C00411330,2102018.0,27,2018,10,2
C00411330,2282018.0,10,2018,28,2
C00411330,2112018.0,5,2018,11,2
C00411330,2172018.0,16,2018,17,2
C00411330,2272018.0,25,2018,27,2
C00411330,2272018.0,25,2018,27,2
C00411330,2202018.0,25,2018,20,2
C00411330,2202018.0,25,2018,20,2
C00411330,2272018.0,50,2018,27,2
C00411330,2202018.0,25,2018,20,2
C00411330,2182018.0,50,2018,18,2
C00411330,2282018.0,25,2018,28,2
C00411330,2072018.0,175,2018,07,2
C00411330,2062018.0,25,2018,06,2
C00411330,2282018.0,50,2018,28,2
C00411330,2172018.0,16,2018,17,2
C00411330,2282018.0,100,2018,28,2
C00411330,2182018.0,16,2018,18,2
C00411330,2082018.0,200,2018,08,2
C00411330,2222018.0,27,2018,22,2
C00411330,2172018.0,83,2018,17,2
C00411330,2012018.0,100,2018,01,2
C00411330,2272018.0,50,2018,27,2
C00411330,2172018.0,16,2018,17,2
C00411330,2282018.0,25,2018,28,2
C00411330,2072018.0,27,2018,07,2
C00411330,2282018.0,50,2018,28,2
C00411330,2092018.0,10,2018,09,2
C00411330,2022018.0,27,2018,02,2
C00411330,2042018.0,250,2018,04,2
C00411330,2282018.0,25,2018,28,2
C00411330,2172018.0,16,2018,17,2
C00411330,2172018.0,27,2018,17,2
C00411330,2272018.0,50,2018,27,2
C00411330,2072018.0,50,2018,07,2
C00411330,2202018.0,25,2018,20,2
C00411330,2202018.0,16,2018,20,2
C00411330,2212018.0,27,2018,21,2
C00411330,2282018.0,27,2018,28,2
C00411330,2242018.0,20,2018,24,2
C00411330,2152018.0,300,2018,15,2
C00411330,2282018.0,13,2018,28,2
C00411330,2072018.0,100,2018,07,2
C00411330,2272018.0,100,2018,27,2
C00411330,2272018.0,250,2018,27,2
C00411330,2202018.0,25,2018,20,2
C00411330,2082018.0,100,2018,08,2
C00411330,2272018.0,25,2018,27,2
C00411330,2082018.0,27,2018,08,2
C00411330,2272018.0,10,2018,27,2
C00411330,2172018.0,30,2018,17,2
C00411330,2272018.0,17,2018,27,2
C00411330,2272018.0,50,2018,27,2
C00411330,2272018.0,50,2018,27,2
C00411330,2272018.0,100,2018,27,2
C00411330,2282018.0,5,2018,28,2
C00411330,2272018.0,13,2018,27,2
C00411330,2282018.0,100,2018,28,2
C00411330,2172018.0,166,2018,17,2
C00411330,2172018.0,100,2018,17,2
C00411330,2282018.0,27,2018,28,2
C00411330,2232018.0,10,2018,23,2
C00411330,2102018.0,100,2018,10,2
C00411330,2272018.0,125,2018,27,2
C00411330,2012018.0,27,2018,01,2
C00411330,2212018.0,50,2018,21,2
C00411330,2272018.0,50,2018,27,2
C00411330,2072018.0,10,2018,07,2
C00411330,2072018.0,27,2018,07,2
C00411330,2222018.0,5,2018,22,2
C00411330,2182018.0,33,2018,18,2
C00411330,2082018.0,27,2018,08,2
C00411330,2112018.0,10,2018,11,2
C00411330,2232018.0,25,2018,23,2
C00411330,2202018.0,5,2018,20,2
C00411330,2272018.0,5,2018,27,2
C00411330,2172018.0,16,2018,17,2
C00411330,2282018.0,100,2018,28,2
C00411330,2202018.0,125,2018,20,2
C00411330,2282018.0,100,2018,28,2
C00411330,2152018.0,27,2018,15,2
C00411330,2102018.0,50,2018,10,2
C00411330,2202018.0,50,2018,20,2
C00411330,2202018.0,10,2018,20,2
C00411330,2262018.0,25,2018,26,2
C00411330,2072018.0,50,2018,07,2
C00411330,2282018.0,100,2018,28,2
C00411330,2012018.0,25,2018,01,2
C00411330,2282018.0,10,2018,28,2
C00411330,2202018.0,13,2018,20,2
C00411330,2272018.0,50,2018,27,2
C00411330,2282018.0,27,2018,28,2
C00411330,2182018.0,33,2018,18,2
C00411330,2282018.0,50,2018,28,2
C00411330,2222018.0,10,2018,22,2
C00411330,2072018.0,10,2018,07,2
C00411330,2272018.0,12,2018,27,2
C00411330,2272018.0,50,2018,27,2
C00411330,2012018.0,50,2018,01,2
C00411330,2082018.0,100,2018,08,2
C00411330,2272018.0,50,2018,27,2
C00411330,2272018.0,50,2018,27,2
C00411330,2272018.0,25,2018,27,2
C00411330,2272018.0,50,2018,27,2
C00411330,2182018.0,16,2018,18,2
C00411330,2172018.0,33,2018,17,2
C00411330,2082018.0,50,2018,08,2
C00411330,2242018.0,27,2018,24,2
C00411330,2102018.0,50,2018,10,2
C00411330,2272018.0,25,2018,27,2
C00411330,2082018.0,10,2018,08,2
C00411330,2282018.0,50,2018,28,2
C00411330,2072018.0,10,2018,07,2
C00411330,2172018.0,3,2018,17,2
C00411330,2072018.0,10,2018,07,2
C00411330,2282018.0,10,2018,28,2
C00411330,2212018.0,5,2018,21,2
C00411330,2222018.0,12,2018,22,2
C00411330,2172018.0,16,2018,17,2
C00411330,2282018.0,27,2018,28,2
C00411330,2272018.0,50,2018,27,2
C00411330,2282018.0,27,2018,28,2
C00411330,2172018.0,66,2018,17,2
C00411330,2272018.0,50,2018,27,2
C00411330,2052018.0,25,2018,05,2
C00411330,2282018.0,5,2018,28,2
C00411330,2192018.0,13,2018,19,2
C00411330,2062018.0,10,2018,06,2
C00411330,2112018.0,10,2018,11,2
C00411330,2212018.0,5,2018,21,2
C00411330,2272018.0,125,2018,27,2
C00411330,2192018.0,33,2018,19,2
C00411330,2192018.0,100,2018,19,2
C00411330,2122018.0,50,2018,12,2
C00411330,2272018.0,125,2018,27,2
C00411330,2072018.0,10,2018,07,2
C00411330,2282018.0,50,2018,28,2
C00411330,2272018.0,50,2018,27,2
C00411330,2202018.0,13,2018,20,2
C00411330,2192018.0,9,2018,19,2
C00411330,2012018.0,10,2018,01,2
C00411330,2202018.0,13,2018,20,2
C00411330,2272018.0,250,2018,27,2
C00411330,2272018.0,5,2018,27,2
C00411330,2272018.0,50,2018,27,2
C00411330,2272018.0,13,2018,27,2
C00411330,2282018.0,27,2018,28,2
C00411330,2272018.0,50,2018,27,2
C00411330,2072018.0,27,2018,07,2
C00411330,2082018.0,27,2018,08,2
C00411330,2282018.0,13,2018,28,2
C00411330,2282018.0,10,2018,28,2
C00411330,2072018.0,250,2018,07,2
C00411330,2272018.0,25,2018,27,2
C00411330,2202018.0,16,2018,20,2
C00411330,2062018.0,5,2018,06,2
C00411330,2082018.0,27,2018,08,2
C00411330,2152018.0,10,2018,15,2
C00411330,2082018.0,100,2018,08,2
C00411330,2182018.0,66,2018,18,2
C00411330,2272018.0,50,2018,27,2
C00411330,2282018.0,50,2018,28,2
C00411330,2282018.0,3,2018,28,2
C00411330,2282018.0,3,2018,28,2
C00411330,2072018.0,27,2018,07,2
C00411330,2202018.0,13,2018,20,2
C00411330,2202018.0,25,2018,20,2
C00411330,2222018.0,6,2018,22,2
C00411330,2172018.0,9,2018,17,2
C00411330,2222018.0,27,2018,22,2
C00411330,2282018.0,100,2018,28,2
C00411330,2272018.0,125,2018,27,2
C00411330,2172018.0,66,2018,17,2
C00411330,2282018.0,50,2018,28,2
C00411330,2172018.0,27,2018,17,2
C00411330,2272018.0,100,2018,27,2
C00411330,2092018.0,50,2018,09,2
C00411330,2282018.0,15,2018,28,2
C00411330,2272018.0,50,2018,27,2
C00411330,2072018.0,50,2018,07,2
C00411330,2282018.0,50,2018,28,2
C00411330,2112018.0,27,2018,11,2
C00411330,2232018.0,6,2018,23,2
C00411330,2282018.0,27,2018,28,2
C00411330,2272018.0,25,2018,27,2
C00411330,2052018.0,10,2018,05,2
C00411330,2212018.0,10,2018,21,2
C00411330,2202018.0,5,2018,20,2
C00411330,2272018.0,50,2018,27,2
C00411330,2282018.0,25,2018,28,2
C00411330,2112018.0,10,2018,11,2
C00411330,2282018.0,27,2018,28,2
C00411330,2282018.0,10,2018,28,2
C00411330,2282018.0,27,2018,28,2
C00411330,2082018.0,10,2018,08,2
C00411330,2272018.0,50,2018,27,2
C00411330,2272018.0,50,2018,27,2
C00411330,2282018.0,10,2018,28,2
C00411330,2082018.0,25,2018,08,2
C00411330,2272018.0,15,2018,27,2
C00411330,2082018.0,10,2018,08,2
C00411330,2172018.0,16,2018,17,2
C00411330,2282018.0,6,2018,28,2
C00411330,2272018.0,25,2018,27,2
C00411330,2182018.0,33,2018,18,2
C00411330,2272018.0,100,2018,27,2
C00411330,2202018.0,5,2018,20,2
C00411330,2272018.0,20,2018,27,2
C00411330,2092018.0,50,2018,09,2
C00411330,2182018.0,16,2018,18,2
C00411330,2082018.0,50,2018,08,2
C00411330,2272018.0,50,2018,27,2
C00411330,2282018.0,125,2018,28,2
C00411330,2152018.0,100,2018,15,2
C00411330,2282018.0,25,2018,28,2
C00411330,2012018.0,10,2018,01,2
C00411330,2012018.0,5,2018,01,2
C00411330,2272018.0,25,2018,27,2
C00411330,2072018.0,333,2018,07,2
C00411330,2082018.0,6,2018,08,2
C00411330,2282018.0,100,2018,28,2
C00411330,2282018.0,15,2018,28,2
C00411330,2282018.0,250,2018,28,2
C00411330,2282018.0,25,2018,28,2
C00411330,2182018.0,10,2018,18,2
C00411330,2272018.0,100,2018,27,2
C00411330,2272018.0,50,2018,27,2
C00411330,2172018.0,26,2018,17,2
C00411330,2202018.0,50,2018,20,2
C00411330,2172018.0,83,2018,17,2
C00411330,2212018.0,27,2018,21,2
C00411330,2082018.0,100,2018,08,2
C00411330,2102018.0,10,2018,10,2
C00411330,2062018.0,33,2018,06,2
C00411330,2272018.0,50,2018,27,2
C00411330,2272018.0,50,2018,27,2
C00411330,2272018.0,25,2018,27,2
C00411330,2012018.0,50,2018,01,2
C00411330,2172018.0,16,2018,17,2
C00411330,2172018.0,50,2018,17,2
C00411330,2212018.0,15,2018,21,2
C00411330,2072018.0,27,2018,07,2
C00411330,2202018.0,250,2018,20,2
C00411330,2212018.0,125,2018,21,2
C00411330,2212018.0,125,2018,21,2
C00411330,2282018.0,10,2018,28,2
C00411330,2272018.0,25,2018,27,2
C00411330,2072018.0,50,2018,07,2
C00411330,2172018.0,3,2018,17,2
C00411330,2282018.0,13,2018,28,2
C00411330,2282018.0,27,2018,28,2
C00411330,2282018.0,27,2018,28,2
C00411330,2272018.0,5,2018,27,2
C00411330,2272018.0,25,2018,27,2
C00411330,2282018.0,10,2018,28,2
C00411330,2272018.0,25,2018,27,2
C00411330,2052018.0,10,2018,05,2
C00411330,2072018.0,27,2018,07,2
C00411330,2272018.0,25,2018,27,2
C00411330,2012018.0,250,2018,01,2
C00411330,2272018.0,125,2018,27,2
C00411330,2282018.0,10,2018,28,2
C00411330,2072018.0,4,2018,07,2
C00411330,2152018.0,100,2018,15,2
C00411330,2182018.0,50,2018,18,2
C00411330,2082018.0,30,2018,08,2
C00411330,2052018.0,6,2018,05,2
C00411330,2282018.0,10,2018,28,2
C00411330,2272018.0,25,2018,27,2
C00411330,2082018.0,27,2018,08,2
C00411330,2172018.0,3,2018,17,2
C00411330,2112018.0,27,2018,11,2
C00411330,2082018.0,27,2018,08,2
C00411330,2272018.0,25,2018,27,2
C00411330,2082018.0,50,2018,08,2
C00411330,2082018.0,100,2018,08,2
C00411330,2272018.0,13,2018,27,2
C00411330,2272018.0,13,2018,27,2
C00411330,2282018.0,27,2018,28,2
C00411330,2082018.0,27,2018,08,2
C00411330,2272018.0,13,2018,27,2
C00411330,2272018.0,25,2018,27,2
C00411330,2052018.0,10,2018,05,2
C00411330,2192018.0,12,2018,19,2
C00411330,2282018.0,50,2018,28,2
C00411330,2272018.0,13,2018,27,2
C00411330,2282018.0,10,2018,28,2
C00411330,2072018.0,10,2018,07,2
C00411330,2242018.0,33,2018,24,2
C00411330,2272018.0,50,2018,27,2
C00411330,2282018.0,50,2018,28,2
C00411330,2272018.0,13,2018,27,2
C00411330,2272018.0,87,2018,27,2
C00411330,2012018.0,10,2018,01,2
C00411330,2052018.0,10,2018,05,2
C00411330,2202018.0,6,2018,20,2
C00411330,2272018.0,50,2018,27,2
C00411330,2282018.0,25,2018,28,2
C00411330,2182018.0,27,2018,18,2
C00411330,2162018.0,10,2018,16,2
C00411330,2102018.0,10,2018,10,2
C00411330,2202018.0,27,2018,20,2
C00411330,2282018.0,27,2018,28,2
C00411330,2202018.0,33,2018,20,2
C00411330,2022018.0,100,2018,02,2
C00411330,2012018.0,50,2018,01,2
C00411330,2172018.0,16,2018,17,2
C00411330,2202018.0,50,2018,20,2
C00411330,2202018.0,100,2018,20,2
C00411330,2072018.0,10,2018,07,2
C00411330,2282018.0,27,2018,28,2
C00411330,2242018.0,5,2018,24,2
C00411330,2282018.0,100,2018,28,2
C00411330,2272018.0,25,2018,27,2
C00411330,2262018.0,27,2018,26,2
C00411330,2282018.0,25,2018,28,2
C00411330,2272018.0,25,2018,27,2
C00411330,2272018.0,13,2018,27,2
C00411330,2082018.0,27,2018,08,2
C00411330,2272018.0,50,2018,27,2
C00411330,2282018.0,6,2018,28,2
C00411330,2132018.0,27,2018,13,2
C00411330,2202018.0,50,2018,20,2
C00411330,2282018.0,6,2018,28,2
C00411330,2172018.0,33,2018,17,2
C00411330,2272018.0,90,2018,27,2
C00411330,2272018.0,50,2018,27,2
C00411330,2282018.0,250,2018,28,2
C00411330,2012018.0,50,2018,01,2
C00411330,2072018.0,50,2018,07,2
C00411330,2232018.0,13,2018,23,2
C00411330,2282018.0,150,2018,28,2
C00411330,2282018.0,50,2018,28,2
C00411330,2072018.0,100,2018,07,2
C00411330,2272018.0,50,2018,27,2
C00411330,2282018.0,125,2018,28,2
C00411330,2112018.0,27,2018,11,2
C00411330,2282018.0,100,2018,28,2
C00411330,2052018.0,27,2018,05,2
C00411330,2072018.0,50,2018,07,2
C00411330,2272018.0,25,2018,27,2
C00411330,2172018.0,11,2018,17,2
C00411330,2012018.0,50,2018,01,2
C00411330,2052018.0,10,2018,05,2
C00411330,2282018.0,27,2018,28,2
C00411330,2152018.0,100,2018,15,2
C00411330,2122018.0,27,2018,12,2
C00411330,2082018.0,250,2018,08,2
C00411330,2062018.0,6,2018,06,2
C00411330,2282018.0,6,2018,28,2
C00411330,2122018.0,27,2018,12,2
C00411330,2072018.0,50,2018,07,2
C00411330,2072018.0,50,2018,07,2
C00411330,2272018.0,13,2018,27,2
C00411330,2282018.0,27,2018,28,2
C00411330,2282018.0,50,2018,28,2
C00411330,2272018.0,125,2018,27,2
C00411330,2182018.0,33,2018,18,2
C00411330,2272018.0,50,2018,27,2
C00411330,2202018.0,4,2018,20,2
C00411330,2172018.0,66,2018,17,2
C00411330,2132018.0,27,2018,13,2
C00411330,2082018.0,27,2018,08,2
C00411330,2192018.0,33,2018,19,2
C00411330,2072018.0,25,2018,07,2
C00411330,2272018.0,250,2018,27,2
C00411330,2182018.0,100,2018,18,2
C00411330,2272018.0,1,2018,27,2
C00411330,2052018.0,27,2018,05,2
C00411330,2012018.0,27,2018,01,2
C00411330,2282018.0,5,2018,28,2
C00411330,2172018.0,33,2018,17,2
C00411330,2072018.0,27,2018,07,2
C00411330,2272018.0,25,2018,27,2
C00411330,2272018.0,13,2018,27,2
C00411330,2202018.0,10,2018,20,2
C00411330,2282018.0,10,2018,28,2
C00411330,2272018.0,125,2018,27,2
C00411330,2272018.0,50,2018,27,2
C00411330,2282018.0,25,2018,28,2
C00411330,2282018.0,25,2018,28,2
C00411330,2072018.0,50,2018,07,2
C00411330,2272018.0,25,2018,27,2
C00411330,2052018.0,6,2018,05,2
C00411330,2272018.0,50,2018,27,2
C00411330,2082018.0,10,2018,08,2
C00411330,2282018.0,25,2018,28,2
C00411330,2272018.0,25,2018,27,2
C00411330,2182018.0,3,2018,18,2
C00411330,2282018.0,50,2018,28,2
C00411330,2112018.0,27,2018,11,2
C00411330,2272018.0,25,2018,27,2
C00411330,2172018.0,9,2018,17,2
C00411330,2132018.0,100,2018,13,2
C00411330,2212018.0,13,2018,21,2
C00411330,2202018.0,13,2018,20,2
C00411330,2202018.0,50,2018,20,2
C00411330,2082018.0,27,2018,08,2
C00411330,2282018.0,27,2018,28,2
C00411330,2282018.0,27,2018,28,2
C00411330,2072018.0,50,2018,07,2
C00411330,2072018.0,27,2018,07,2
C00411330,2282018.0,25,2018,28,2
C00411330,2272018.0,35,2018,27,2
C00411330,2012018.0,20,2018,01,2
C00411330,2022018.0,40,2018,02,2
C00411330,2152018.0,100,2018,15,2
C00411330,2272018.0,76,2018,27,2
C00411330,2172018.0,42,2018,17,2
C00411330,2282018.0,17,2018,28,2
C00411330,2112018.0,27,2018,11,2
C00411330,2012018.0,75,2018,01,2
C00411330,2012018.0,70,2018,01,2
C00411330,2272018.0,25,2018,27,2
C00411330,2282018.0,27,2018,28,2
C00411330,2272018.0,5,2018,27,2
C00411330,2282018.0,50,2018,28,2
C00411330,2272018.0,50,2018,27,2
C00411330,2272018.0,125,2018,27,2
C00411330,2272018.0,200,2018,27,2
C00411330,2212018.0,5,2018,21,2
C00411330,2192018.0,35,2018,19,2
C00411330,2282018.0,50,2018,28,2
C00411330,2272018.0,125,2018,27,2
C00411330,2282018.0,27,2018,28,2
C00411330,2282018.0,27,2018,28,2
C00411330,2092018.0,27,2018,09,2
C00411330,2202018.0,10,2018,20,2
C00411330,2172018.0,9,2018,17,2
C00411330,2272018.0,13,2018,27,2
C00411330,2082018.0,27,2018,08,2
C00411330,2222018.0,5,2018,22,2
C00411330,2052018.0,10,2018,05,2
C00411330,2052018.0,27,2018,05,2
C00411330,2182018.0,33,2018,18,2
C00411330,2272018.0,25,2018,27,2
C00411330,2282018.0,10,2018,28,2
C00411330,2282018.0,25,2018,28,2
C00411330,2212018.0,15,2018,21,2
C00411330,2082018.0,200,2018,08,2
C00411330,2192018.0,16,2018,19,2
C00411330,2282018.0,25,2018,28,2
C00411330,2172018.0,16,2018,17,2
C00411330,2172018.0,10,2018,17,2
C00411330,2212018.0,10,2018,21,2
C00411330,2092018.0,10,2018,09,2
C00411330,2272018.0,50,2018,27,2
C00411330,2272018.0,125,2018,27,2
C00411330,2182018.0,33,2018,18,2
C00411330,2242018.0,25,2018,24,2
C00411330,2222018.0,6,2018,22,2
C00411330,2092018.0,27,2018,09,2
C00411330,2272018.0,50,2018,27,2
C00411330,2182018.0,27,2018,18,2
C00411330,2242018.0,10,2018,24,2
C00411330,2282018.0,50,2018,28,2
C00411330,2182018.0,20,2018,18,2
C00411330,2272018.0,50,2018,27,2
C00411330,2202018.0,9,2018,20,2
C00411330,2172018.0,33,2018,17,2
C00411330,2282018.0,25,2018,28,2
C00411330,2282018.0,6,2018,28,2
C00411330,2022018.0,6,2018,02,2
C00411330,2192018.0,9,2018,19,2
C00411330,2192018.0,10,2018,19,2
C00411330,2172018.0,3,2018,17,2
C00411330,2202018.0,50,2018,20,2
C00411330,2272018.0,87,2018,27,2
C00411330,2172018.0,16,2018,17,2
C00411330,2092018.0,27,2018,09,2
C00411330,2012018.0,25,2018,01,2
C00411330,2252018.0,50,2018,25,2
C00411330,2282018.0,25,2018,28,2
C00411330,2082018.0,27,2018,08,2
C00411330,2182018.0,16,2018,18,2
C00411330,2152018.0,25,2018,15,2
C00411330,2072018.0,50,2018,07,2
C00411330,2232018.0,20,2018,23,2
C00411330,2272018.0,1,2018,27,2
C00411330,2202018.0,83,2018,20,2
C00411330,2202018.0,66,2018,20,2
C00411330,2272018.0,75,2018,27,2
C00411330,2122018.0,10,2018,12,2
C00411330,2162018.0,27,2018,16,2
C00411330,2072018.0,10,2018,07,2
C00411330,2172018.0,9,2018,17,2
C00411330,2152018.0,50,2018,15,2
C00411330,2202018.0,5,2018,20,2
C00411330,2182018.0,9,2018,18,2
C00411330,2072018.0,10,2018,07,2
C00411330,2072018.0,50,2018,07,2
C00411330,2202018.0,25,2018,20,2
C00411330,2232018.0,40,2018,23,2
C00411330,2272018.0,87,2018,27,2
C00411330,2282018.0,10,2018,28,2
C00411330,2272018.0,250,2018,27,2
C00411330,2172018.0,16,2018,17,2
C00411330,2242018.0,100,2018,24,2
C00411330,2052018.0,27,2018,05,2
C00411330,2272018.0,25,2018,27,2
C00411330,2282018.0,50,2018,28,2
C00411330,2172018.0,33,2018,17,2
C00411330,2282018.0,20,2018,28,2
C00411330,2112018.0,27,2018,11,2
C00411330,2282018.0,100,2018,28,2
C00411330,2272018.0,25,2018,27,2
C00411330,2172018.0,16,2018,17,2
C00411330,2272018.0,125,2018,27,2
C00411330,2222018.0,5,2018,22,2
C00411330,2272018.0,87,2018,27,2
C00411330,2272018.0,25,2018,27,2
C00411330,2272018.0,25,2018,27,2
C00411330,2072018.0,27,2018,07,2
C00411330,2272018.0,25,2018,27,2
C00411330,2282018.0,6,2018,28,2
C00411330,2272018.0,20,2018,27,2
C00411330,2272018.0,250,2018,27,2
C00411330,2282018.0,50,2018,28,2
C00411330,2212018.0,50,2018,21,2
C00411330,2272018.0,250,2018,27,2
C00411330,2072018.0,10,2018,07,2
C00411330,2272018.0,50,2018,27,2
C00411330,2282018.0,27,2018,28,2
C00411330,2082018.0,50,2018,08,2
C00411330,2232018.0,10,2018,23,2
C00411330,2052018.0,10,2018,05,2
C00411330,2012018.0,25,2018,01,2
C00411330,2272018.0,25,2018,27,2
C00411330,2072018.0,27,2018,07,2
C00411330,2272018.0,50,2018,27,2
C00411330,2102018.0,20,2018,10,2
C00411330,2282018.0,125,2018,28,2
C00411330,2082018.0,27,2018,08,2
C00411330,2272018.0,25,2018,27,2
C00411330,2282018.0,50,2018,28,2
C00411330,2112018.0,20,2018,11,2
C00411330,2092018.0,27,2018,09,2
C00411330,2182018.0,9,2018,18,2
C00411330,2282018.0,27,2018,28,2
C00411330,2012018.0,10,2018,01,2
C00411330,2172018.0,100,2018,17,2
C00411330,2172018.0,66,2018,17,2
C00411330,2242018.0,13,2018,24,2
C00411330,2152018.0,100,2018,15,2
C00411330,2222018.0,25,2018,22,2
C00411330,2232018.0,25,2018,23,2
C00411330,2282018.0,5,2018,28,2
C00411330,2152018.0,27,2018,15,2
C00411330,2162018.0,1000,2018,16,2
C00411330,2212018.0,50,2018,21,2
C00411330,2082018.0,27,2018,08,2
C00411330,2272018.0,50,2018,27,2
C00411330,2132018.0,27,2018,13,2
C00411330,2282018.0,50,2018,28,2
C00411330,2252018.0,66,2018,25,2
C00411330,2072018.0,27,2018,07,2
C00411330,2092018.0,27,2018,09,2
C00411330,2272018.0,25,2018,27,2
C00411330,2272018.0,250,2018,27,2
C00411330,2082018.0,27,2018,08,2
C00411330,2102018.0,27,2018,10,2
C00411330,2282018.0,27,2018,28,2
C00411330,2282018.0,27,2018,28,2
C00411330,2072018.0,27,2018,07,2
C00411330,2172018.0,16,2018,17,2
C00411330,2282018.0,25,2018,28,2
C00411330,2172018.0,20,2018,17,2
C00411330,2182018.0,33,2018,18,2
C00411330,2172018.0,100,2018,17,2
C00411330,2272018.0,25,2018,27,2
C00411330,2202018.0,13,2018,20,2
C00411330,2272018.0,13,2018,27,2
C00411330,2282018.0,27,2018,28,2
C00411330,2172018.0,16,2018,17,2
C00411330,2182018.0,16,2018,18,2
C00411330,2012018.0,5,2018,01,2
C00411330,2082018.0,100,2018,08,2
C00411330,2012018.0,10,2018,01,2
C00411330,2222018.0,5,2018,22,2
C00411330,2112018.0,15,2018,11,2
C00411330,2272018.0,50,2018,27,2
C00411330,2072018.0,50,2018,07,2
C00411330,2212018.0,15,2018,21,2
C00411330,2012018.0,5,2018,01,2
C00411330,2272018.0,250,2018,27,2
C00411330,2052018.0,20,2018,05,2
C00411330,2272018.0,25,2018,27,2
C00411330,2172018.0,25,2018,17,2
C00411330,2282018.0,10,2018,28,2
C00411330,2202018.0,13,2018,20,2
C00411330,2202018.0,13,2018,20,2
C00411330,2272018.0,50,2018,27,2
C00411330,2052018.0,100,2018,05,2
C00411330,2272018.0,5,2018,27,2
C00411330,2272018.0,25,2018,27,2
C00411330,2282018.0,13,2018,28,2
C00411330,2272018.0,25,2018,27,2
C00411330,2272018.0,50,2018,27,2
C00411330,2172018.0,9,2018,17,2
C00411330,2202018.0,13,2018,20,2
C00411330,2282018.0,25,2018,28,2
C00411330,2072018.0,10,2018,07,2
C00411330,2042018.0,25,2018,04,2
C00411330,2202018.0,25,2018,20,2
C00411330,2152018.0,250,2018,15,2
C00411330,2272018.0,100,2018,27,2
C00411330,2072018.0,10,2018,07,2
C00411330,2222018.0,10,2018,22,2
C00411330,2052018.0,25,2018,05,2
C00411330,2092018.0,27,2018,09,2
C00411330,2202018.0,27,2018,20,2
C00411330,2182018.0,33,2018,18,2
C00411330,2072018.0,27,2018,07,2
C00411330,2202018.0,13,2018,20,2
C00411330,2282018.0,6,2018,28,2
C00411330,2152018.0,17,2018,15,2
C00411330,2282018.0,10,2018,28,2
C00411330,2272018.0,13,2018,27,2
C00411330,2202018.0,50,2018,20,2
C00411330,2202018.0,27,2018,20,2
C00411330,2052018.0,27,2018,05,2
C00411330,2272018.0,50,2018,27,2
C00411330,2202018.0,9,2018,20,2
C00411330,2202018.0,50,2018,20,2
C00411330,2192018.0,33,2018,19,2
C00411330,2272018.0,250,2018,27,2
C00411330,2202018.0,16,2018,20,2
C00411330,2202018.0,13,2018,20,2
C00411330,2182018.0,33,2018,18,2
C00411330,2172018.0,100,2018,17,2
C00411330,2172018.0,100,2018,17,2
C00411330,2272018.0,250,2018,27,2
C00411330,2172018.0,33,2018,17,2
C00411330,2072018.0,100,2018,07,2
C00411330,2202018.0,25,2018,20,2
C00411330,2282018.0,10,2018,28,2
C00411330,2272018.0,5,2018,27,2
C00411330,2272018.0,25,2018,27,2
C00411330,2052018.0,250,2018,05,2
C00411330,2272018.0,20,2018,27,2
C00411330,2282018.0,10,2018,28,2
C00411330,2052018.0,27,2018,05,2
C00411330,2202018.0,25,2018,20,2
C00411330,2282018.0,50,2018,28,2
C00411330,2172018.0,2000,2018,17,2
C00411330,2202018.0,25,2018,20,2
C00411330,2202018.0,25,2018,20,2
C00411330,2272018.0,25,2018,27,2
C00411330,2282018.0,50,2018,28,2
C00411330,2272018.0,50,2018,27,2
C00411330,2272018.0,10,2018,27,2
C00411330,2282018.0,50,2018,28,2
C00411330,2272018.0,100,2018,27,2
C00411330,2212018.0,250,2018,21,2
C00411330,2072018.0,27,2018,07,2
C00411330,2072018.0,27,2018,07,2
C00411330,2202018.0,13,2018,20,2
C00411330,2172018.0,20,2018,17,2
C00411330,2282018.0,100,2018,28,2
C00411330,2082018.0,10,2018,08,2
C00411330,2282018.0,5,2018,28,2
C00411330,2272018.0,50,2018,27,2
C00411330,2172018.0,3,2018,17,2
C00411330,2272018.0,1,2018,27,2
C00411330,2012018.0,100,2018,01,2
C00411330,2182018.0,3,2018,18,2
C00411330,2182018.0,5,2018,18,2
C00411330,2182018.0,1,2018,18,2
C00411330,2282018.0,5,2018,28,2
C00411330,2272018.0,25,2018,27,2
C00411330,2282018.0,27,2018,28,2
C00411330,2212018.0,5,2018,21,2
C00411330,2152018.0,27,2018,15,2
C00411330,2172018.0,83,2018,17,2
C00411330,2172018.0,250,2018,17,2
C00411330,2262018.0,50,2018,26,2
C00411330,2272018.0,50,2018,27,2
C00411330,2202018.0,25,2018,20,2
C00411330,2202018.0,33,2018,20,2
C00411330,2202018.0,5,2018,20,2
C00411330,2282018.0,10,2018,28,2
C00411330,2282018.0,10,2018,28,2
C00411330,2262018.0,50,2018,26,2
C00411330,2012018.0,10,2018,01,2
C00411330,2182018.0,16,2018,18,2
C00411330,2012018.0,6,2018,01,2
C00411330,2282018.0,27,2018,28,2
C00411330,2172018.0,3,2018,17,2
C00411330,2282018.0,5,2018,28,2
C00411330,2282018.0,50,2018,28,2
C00411330,2272018.0,50,2018,27,2
C00411330,2272018.0,25,2018,27,2
C00411330,2012018.0,10,2018,01,2
C00411330,2202018.0,13,2018,20,2
C00411330,2082018.0,100,2018,08,2
C00411330,2272018.0,250,2018,27,2
C00411330,2072018.0,27,2018,07,2
C00411330,2192018.0,9,2018,19,2
C00411330,2092018.0,27,2018,09,2
C00411330,2192018.0,10,2018,19,2
C00411330,2272018.0,50,2018,27,2
C00411330,2232018.0,25,2018,23,2
C00411330,2132018.0,27,2018,13,2
C00411330,2272018.0,27,2018,27,2
C00411330,2262018.0,83,2018,26,2
C00411330,2282018.0,100,2018,28,2
C00411330,2012018.0,27,2018,01,2
C00411330,2242018.0,13,2018,24,2
C00411330,2272018.0,13,2018,27,2
C00411330,2082018.0,27,2018,08,2
C00411330,2172018.0,27,2018,17,2
C00411330,2102018.0,100,2018,10,2
C00411330,2172018.0,58,2018,17,2
C00411330,2092018.0,27,2018,09,2
C00411330,2212018.0,27,2018,21,2
C00411330,2272018.0,250,2018,27,2
C00411330,2172018.0,16,2018,17,2
C00411330,2172018.0,50,2018,17,2
C00411330,2282018.0,25,2018,28,2
C00411330,2222018.0,27,2018,22,2
C00411330,2112018.0,10,2018,11,2
C00411330,2282018.0,25,2018,28,2
C00411330,2052018.0,27,2018,05,2
C00411330,2082018.0,27,2018,08,2
C00411330,2272018.0,25,2018,27,2
C00411330,2172018.0,100,2018,17,2
C00411330,2052018.0,25,2018,05,2
C00411330,2012018.0,10,2018,01,2
C00411330,2282018.0,10,2018,28,2
C00411330,2182018.0,27,2018,18,2
C00411330,2282018.0,250,2018,28,2
C00411330,2272018.0,13,2018,27,2
C00411330,2272018.0,13,2018,27,2
C00411330,2082018.0,10,2018,08,2
C00411330,2272018.0,50,2018,27,2
C00411330,2082018.0,5,2018,08,2
C00411330,2072018.0,10,2018,07,2
C00411330,2242018.0,5,2018,24,2
C00411330,2132018.0,10,2018,13,2
C00411330,2012018.0,6,2018,01,2
C00411330,2172018.0,9,2018,17,2
C00411330,2272018.0,13,2018,27,2
C00411330,2152018.0,100,2018,15,2
C00411330,2072018.0,10,2018,07,2
C00411330,2272018.0,100,2018,27,2
C00411330,2272018.0,10,2018,27,2
C00411330,2112018.0,27,2018,11,2
C00411330,2282018.0,100,2018,28,2
C00411330,2212018.0,50,2018,21,2
C00411330,2052018.0,25,2018,05,2
C00411330,2282018.0,50,2018,28,2
C00411330,2022018.0,25,2018,02,2
C00411330,2282018.0,100,2018,28,2
C00411330,2282018.0,10,2018,28,2
C00411330,2272018.0,13,2018,27,2
C00411330,2272018.0,50,2018,27,2
C00411330,2282018.0,100,2018,28,2
C00411330,2012018.0,20,2018,01,2
C00411330,2272018.0,100,2018,27,2
C00411330,2182018.0,16,2018,18,2
C00411330,2112018.0,27,2018,11,2
C00411330,2272018.0,25,2018,27,2
C00411330,2072018.0,10,2018,07,2
C00411330,2202018.0,13,2018,20,2
C00411330,2052018.0,25,2018,05,2
C00411330,2272018.0,5,2018,27,2
C00411330,2202018.0,5,2018,20,2
C00411330,2072018.0,100,2018,07,2
C00411330,2212018.0,15,2018,21,2
C00411330,2052018.0,10,2018,05,2
C00411330,2172018.0,33,2018,17,2
C00411330,2272018.0,50,2018,27,2
C00411330,2112018.0,27,2018,11,2
C00411330,2252018.0,20,2018,25,2
C00411330,2282018.0,25,2018,28,2
C00411330,2272018.0,25,2018,27,2
C00411330,2202018.0,50,2018,20,2
C00411330,2202018.0,50,2018,20,2
C00411330,2182018.0,27,2018,18,2
C00411330,2282018.0,25,2018,28,2
C00411330,2162018.0,25,2018,16,2
C00411330,2082018.0,27,2018,08,2
C00411330,2202018.0,50,2018,20,2
C00411330,2072018.0,100,2018,07,2
C00411330,2272018.0,250,2018,27,2
C00411330,2272018.0,50,2018,27,2
C00411330,2202018.0,125,2018,20,2
C00411330,2232018.0,6,2018,23,2
C00411330,2272018.0,62,2018,27,2
C00411330,2272018.0,100,2018,27,2
C00411330,2142018.0,50,2018,14,2
C00411330,2272018.0,50,2018,27,2
C00411330,2272018.0,13,2018,27,2
C00411330,2272018.0,50,2018,27,2
C00411330,2282018.0,10,2018,28,2
C00411330,2122018.0,20,2018,12,2
C00411330,2182018.0,9,2018,18,2
C00411330,2072018.0,27,2018,07,2
C00411330,2202018.0,50,2018,20,2
C00411330,2272018.0,50,2018,27,2
C00411330,2232018.0,10,2018,23,2
C00411330,2282018.0,5,2018,28,2
C00411330,2172018.0,83,2018,17,2
C00411330,2182018.0,6,2018,18,2
C00411330,2272018.0,10,2018,27,2
C00411330,2082018.0,27,2018,08,2
C00411330,2272018.0,50,2018,27,2
C00411330,2282018.0,50,2018,28,2
C00411330,2052018.0,6,2018,05,2
C00411330,2072018.0,50,2018,07,2
C00411330,2272018.0,125,2018,27,2
C00411330,2272018.0,13,2018,27,2
C00411330,2272018.0,25,2018,27,2
C00411330,2202018.0,10,2018,20,2
C00411330,2072018.0,27,2018,07,2
C00411330,2132018.0,27,2018,13,2
C00411330,2172018.0,25,2018,17,2
C00411330,2202018.0,250,2018,20,2
C00411330,2082018.0,10,2018,08,2
C00411330,2282018.0,50,2018,28,2
C00411330,2212018.0,13,2018,21,2
C00411330,2202018.0,250,2018,20,2
C00411330,2202018.0,50,2018,20,2
C00411330,2172018.0,9,2018,17,2
C00411330,2062018.0,10,2018,06,2
C00411330,2182018.0,27,2018,18,2
C00411330,2072018.0,10,2018,07,2
C00411330,2132018.0,10,2018,13,2
C00411330,2182018.0,3,2018,18,2
C00411330,2272018.0,6,2018,27,2
C00411330,2202018.0,13,2018,20,2
C00411330,2272018.0,50,2018,27,2
C00411330,2172018.0,33,2018,17,2
C00411330,2192018.0,9,2018,19,2
C00411330,2042018.0,27,2018,04,2
C00411330,2282018.0,6,2018,28,2
C00411330,2272018.0,15,2018,27,2
C00411330,2282018.0,6,2018,28,2
C00411330,2172018.0,16,2018,17,2
C00411330,2072018.0,27,2018,07,2
C00411330,2272018.0,50,2018,27,2
C00411330,2142018.0,27,2018,14,2
C00411330,2172018.0,75,2018,17,2
C00411330,2282018.0,30,2018,28,2
C00411330,2272018.0,50,2018,27,2
C00411330,2272018.0,13,2018,27,2
C00411330,2272018.0,25,2018,27,2
C00411330,2282018.0,50,2018,28,2
C00411330,2202018.0,10,2018,20,2
C00411330,2272018.0,25,2018,27,2
C00411330,2272018.0,0,2018,27,2
C00411330,2172018.0,83,2018,17,2
C00411330,2182018.0,16,2018,18,2
C00411330,2272018.0,50,2018,27,2
C00411330,2072018.0,27,2018,07,2
C00411330,2052018.0,6,2018,05,2
C00411330,2282018.0,10,2018,28,2
C00411330,2282018.0,30,2018,28,2
C00411330,2082018.0,10,2018,08,2
C00411330,2082018.0,10,2018,08,2
C00411330,2062018.0,5,2018,06,2
C00411330,2272018.0,13,2018,27,2
C00411330,2202018.0,13,2018,20,2
C00411330,2272018.0,250,2018,27,2
C00411330,2062018.0,6,2018,06,2
C00411330,2272018.0,25,2018,27,2
C00411330,2272018.0,125,2018,27,2
C00411330,2172018.0,16,2018,17,2
C00411330,2072018.0,100,2018,07,2
C00411330,2082018.0,50,2018,08,2
C00411330,2232018.0,10,2018,23,2
C00411330,2172018.0,16,2018,17,2
C00411330,2282018.0,27,2018,28,2
C00411330,2202018.0,10,2018,20,2
C00411330,2272018.0,250,2018,27,2
C00411330,2282018.0,10,2018,28,2
C00411330,2072018.0,27,2018,07,2
C00411330,2072018.0,25,2018,07,2
C00411330,2212018.0,5,2018,21,2
C00411330,2092018.0,10,2018,09,2
C00411330,2282018.0,27,2018,28,2
C00411330,2272018.0,20,2018,27,2
C00411330,2172018.0,3,2018,17,2
C00411330,2202018.0,5,2018,20,2
C00411330,2202018.0,3,2018,20,2
C00411330,2202018.0,2,2018,20,2
C00411330,2282018.0,5,2018,28,2
C00411330,2272018.0,5,2018,27,2
C00411330,2282018.0,10,2018,28,2
C00411330,2172018.0,16,2018,17,2
C00411330,2272018.0,13,2018,27,2
C00411330,2242018.0,25,2018,24,2
C00411330,2282018.0,27,2018,28,2
C00411330,2282018.0,75,2018,28,2
C00411330,2042018.0,500,2018,04,2
C00411330,2112018.0,100,2018,11,2
C00411330,2112018.0,100,2018,11,2
C00411330,2222018.0,300,2018,22,2
C00411330,2252018.0,100,2018,25,2
C00411330,2252018.0,100,2018,25,2
C00411330,2252018.0,16,2018,25,2
C00574889,2242018.0,50,2018,24,2
C00574889,2212018.0,2000,2018,21,2
C00574889,2212018.0,100,2018,21,2
C00574889,2272018.0,200,2018,27,2
C00574889,2272018.0,50,2018,27,2
C00574889,2242018.0,2000,2018,24,2
C00574889,2212018.0,100,2018,21,2
C00574889,2122018.0,50,2018,12,2
C00574889,2212018.0,100,2018,21,2
C00574889,2272018.0,250,2018,27,2
C00574889,2272018.0,100,2018,27,2
C00574889,2032018.0,18,2018,03,2
C00574889,2282018.0,50,2018,28,2
C00574889,2272018.0,100,2018,27,2
C00574889,2212018.0,40,2018,21,2
C00574889,2212018.0,100,2018,21,2
C00574889,2212018.0,35,2018,21,2
C00574889,2082018.0,25,2018,08,2
C00574889,2212018.0,100,2018,21,2
C00574889,2212018.0,50,2018,21,2
C00574889,2062018.0,25,2018,06,2
C00574889,2282018.0,500,2018,28,2
C00574889,2032018.0,50,2018,03,2
C00574889,2212018.0,150,2018,21,2
C00574889,2082018.0,25,2018,08,2
C00574889,2192018.0,25,2018,19,2
C00574889,2282018.0,25,2018,28,2
C00574889,2282018.0,25,2018,28,2
C00574889,2082018.0,10,2018,08,2
C00574889,2012018.0,5,2018,01,2
C00574889,2032018.0,5,2018,03,2
C00574889,2212018.0,250,2018,21,2
C00574889,2232018.0,17,2018,23,2
C00574889,2212018.0,50,2018,21,2
C00574889,2252018.0,10,2018,25,2
C00574889,2282018.0,10,2018,28,2
C00574889,2272018.0,100,2018,27,2
C00574889,2272018.0,100,2018,27,2
C00574889,2272018.0,50,2018,27,2
C00574889,2272018.0,250,2018,27,2
C00574889,2212018.0,100,2018,21,2
C00574889,2272018.0,50,2018,27,2
C00574889,2272018.0,50,2018,27,2
C00574889,2012018.0,20,2018,01,2
C00574889,2132018.0,25,2018,13,2
C00574889,2172018.0,25,2018,17,2
C00574889,2282018.0,10,2018,28,2
C00574889,2212018.0,100,2018,21,2
C00574889,2272018.0,100,2018,27,2
C00574889,2012018.0,14,2018,01,2
C00574889,2032018.0,10,2018,03,2
C00574889,2272018.0,100,2018,27,2
C00574889,2082018.0,50,2018,08,2
C00574889,2162018.0,100,2018,16,2
C00574889,2282018.0,25,2018,28,2
C00574889,2272018.0,250,2018,27,2
C00574889,2112018.0,20,2018,11,2
C00574889,2232018.0,50,2018,23,2
C00574889,2212018.0,10,2018,21,2
C00574889,2242018.0,15,2018,24,2
C00574889,2212018.0,100,2018,21,2
C00574889,2272018.0,35,2018,27,2
C00574889,2272018.0,100,2018,27,2
C00574889,2212018.0,50,2018,21,2
C00574889,2212018.0,150,2018,21,2
C00574889,2152018.0,2000,2018,15,2
C00574889,2272018.0,100,2018,27,2
C00574889,2212018.0,70,2018,21,2
C00574889,2272018.0,100,2018,27,2
C00574889,2272018.0,100,2018,27,2
C00574889,2282018.0,20,2018,28,2
C00574889,2032018.0,25,2018,03,2
C00574889,2212018.0,250,2018,21,2
C00574889,2082018.0,100,2018,08,2
C00574889,2282018.0,100,2018,28,2
C00574889,2272018.0,200,2018,27,2
C00574889,2272018.0,35,2018,27,2
C00574889,2272018.0,300,2018,27,2
C00574889,2212018.0,50,2018,21,2
C00574889,2272018.0,50,2018,27,2
C00574889,2272018.0,250,2018,27,2
C00574889,2062018.0,100,2018,06,2
C00574889,2162018.0,25,2018,16,2
C00574889,2282018.0,25,2018,28,2
C00574889,2282018.0,10,2018,28,2
C00574889,2212018.0,100,2018,21,2
C00574889,2212018.0,100,2018,21,2
C00574889,2212018.0,100,2018,21,2
C00574889,2272018.0,35,2018,27,2
C00574889,2092018.0,500,2018,09,2
C00574889,2272018.0,35,2018,27,2
C00574889,2252018.0,25,2018,25,2
C00574889,2272018.0,50,2018,27,2
C00574889,2152018.0,100,2018,15,2
C00574889,2132018.0,25,2018,13,2
C00574889,2212018.0,500,2018,21,2
C00574889,2072018.0,2000,2018,07,2
C00574889,2272018.0,250,2018,27,2
C00574889,2272018.0,100,2018,27,2
C00574889,2112018.0,10,2018,11,2
C00574889,2282018.0,10,2018,28,2
C00574889,2282018.0,10,2018,28,2
C00574889,2282018.0,50,2018,28,2
C00574889,2272018.0,200,2018,27,2
C00574889,2022018.0,10,2018,02,2
C00574889,2242018.0,10,2018,24,2
C00574889,2262018.0,12,2018,26,2
C00574889,2212018.0,35,2018,21,2
C00574889,2152018.0,25,2018,15,2
C00574889,2192018.0,10,2018,19,2
C00574889,2232018.0,1000,2018,23,2
C00574889,2272018.0,100,2018,27,2
C00574889,2212018.0,200,2018,21,2
C00574889,2272018.0,100,2018,27,2
C00574889,2072018.0,35,2018,07,2
C00574889,2032018.0,200,2018,03,2
C00574889,2212018.0,45,2018,21,2
C00574889,2272018.0,200,2018,27,2
C00574889,2282018.0,100,2018,28,2
C00574889,2272018.0,250,2018,27,2
C00574889,2272018.0,100,2018,27,2
C00574889,2152018.0,10,2018,15,2
C00574889,2142018.0,5,2018,14,2
C00574889,2282018.0,5,2018,28,2
C00574889,2272018.0,10,2018,27,2
C00574889,2232018.0,10,2018,23,2
C00574889,2072018.0,250,2018,07,2
C00574889,2132018.0,250,2018,13,2
C00574889,2272018.0,12,2018,27,2
C00574889,2272018.0,200,2018,27,2
C00574889,2272018.0,100,2018,27,2
C00574889,2272018.0,100,2018,27,2
C00574889,2212018.0,35,2018,21,2
C00574889,2272018.0,50,2018,27,2
C00574889,2212018.0,250,2018,21,2
C00574889,2272018.0,100,2018,27,2
C00574889,2272018.0,250,2018,27,2
C00574889,2082018.0,500,2018,08,2
C00574889,2212018.0,200,2018,21,2
C00574889,2162018.0,10,2018,16,2
C00574889,2242018.0,50,2018,24,2
C00574889,2282018.0,10,2018,28,2
C00574889,2122018.0,12,2018,12,2
C00574889,2272018.0,100,2018,27,2
C00574889,2092018.0,10,2018,09,2
C00574889,2062018.0,25,2018,06,2
C00574889,2212018.0,10,2018,21,2
C00574889,2082018.0,10,2018,08,2
C00574889,2212018.0,50,2018,21,2
C00574889,2272018.0,100,2018,27,2
C00574889,2272018.0,250,2018,27,2
C00574889,2272018.0,100,2018,27,2
C00574889,2132018.0,2700,2018,13,2
C00574889,2132018.0,2300,2018,13,2
C00574889,2032018.0,25,2018,03,2
C00574889,2272018.0,100,2018,27,2
C00574889,2212018.0,50,2018,21,2
C00574889,2022018.0,10,2018,02,2
C00574889,2282018.0,10,2018,28,2
C00574889,2212018.0,100,2018,21,2
C00574889,2272018.0,100,2018,27,2
C00574889,2082018.0,250,2018,08,2
C00574889,2272018.0,30,2018,27,2
C00574889,2072018.0,50,2018,07,2
C00574889,2272018.0,250,2018,27,2
C00574889,2282018.0,20,2018,28,2
C00574889,2272018.0,100,2018,27,2
C00574889,2212018.0,300,2018,21,2
C00574889,2202018.0,1000,2018,20,2
C00574889,2212018.0,250,2018,21,2
C00574889,2152018.0,15,2018,15,2
C00574889,2212018.0,50,2018,21,2
C00574889,2272018.0,200,2018,27,2
C00574889,2182018.0,10,2018,18,2
C00574889,2182018.0,10,2018,18,2
C00574889,2202018.0,25,2018,20,2
C00574889,2282018.0,25,2018,28,2
C00574889,2272018.0,500,2018,27,2
C00574889,2272018.0,250,2018,27,2
C00574889,2272018.0,50,2018,27,2
C00574889,2112018.0,100,2018,11,2
C00574889,2032018.0,25,2018,03,2
C00574889,2282018.0,50,2018,28,2
C00574889,2042018.0,50,2018,04,2
C00574889,2112018.0,10,2018,11,2
C00574889,2042018.0,500,2018,04,2
C00574889,2272018.0,100,2018,27,2
C00574889,2212018.0,100,2018,21,2
C00574889,2212018.0,100,2018,21,2
C00574889,2212018.0,250,2018,21,2
C00574889,2272018.0,100,2018,27,2
C00574889,2072018.0,25,2018,07,2
C00574889,2272018.0,50,2018,27,2
C00574889,2212018.0,200,2018,21,2
C00574889,2272018.0,35,2018,27,2
C00574889,2212018.0,100,2018,21,2
C00574889,2272018.0,200,2018,27,2
C00574889,2282018.0,5,2018,28,2
C00574889,2282018.0,10,2018,28,2
C00574889,2282018.0,50,2018,28,2
C00574889,2272018.0,50,2018,27,2
C00574889,2212018.0,200,2018,21,2
C00574889,2272018.0,300,2018,27,2
C00574889,2212018.0,100,2018,21,2
C00574889,2272018.0,500,2018,27,2
C00574889,2172018.0,15,2018,17,2
C00574889,2142018.0,15,2018,14,2
C00574889,2162018.0,15,2018,16,2
C00574889,2212018.0,200,2018,21,2
C00574889,2082018.0,45,2018,08,2
C00574889,2272018.0,500,2018,27,2
C00574889,2162018.0,100,2018,16,2
C00574889,2212018.0,120,2018,21,2
C00574889,2212018.0,50,2018,21,2
C00574889,2252018.0,25,2018,25,2
C00574889,2152018.0,2000,2018,15,2
C00574889,2272018.0,100,2018,27,2
C00574889,2022018.0,100,2018,02,2
C00574889,2272018.0,50,2018,27,2
C00574889,2212018.0,100,2018,21,2
C00574889,2272018.0,200,2018,27,2
C00574889,2102018.0,35,2018,10,2
C00574889,2152018.0,25,2018,15,2
C00574889,2122018.0,10,2018,12,2
C00574889,2282018.0,25,2018,28,2
C00574889,2082018.0,2,2018,08,2
C00574889,2282018.0,20,2018,28,2
C00516047,2282018.0,50,2018,28,2
C00516047,2012018.0,500,2018,01,2
C00516047,2062018.0,1000,2018,06,2
C00516047,2282018.0,250,2018,28,2
C00516047,2202018.0,2700,2018,20,2
C00516047,2262018.0,500,2018,26,2
C00516047,2242018.0,50,2018,24,2
C00516047,2092018.0,500,2018,09,2
C00574889,2212018.0,100,2018,21,2
C00574889,2272018.0,50,2018,27,2
C00574889,2282018.0,10,2018,28,2
C00574889,2252018.0,200,2018,25,2
C00574889,2272018.0,50,2018,27,2
C00574889,2212018.0,50,2018,21,2
C00574889,2282018.0,50,2018,28,2
C00574889,2232018.0,25,2018,23,2
C00574889,2272018.0,35,2018,27,2
C00574889,2272018.0,25,2018,27,2
C00574889,2212018.0,25,2018,21,2
C00574889,2072018.0,200,2018,07,2
C00574889,2092018.0,15,2018,09,2
C00574889,2212018.0,50,2018,21,2
C00574889,2192018.0,800,2018,19,2
C00574889,2192018.0,1700,2018,19,2
C00574889,2242018.0,20,2018,24,2
C00574889,2032018.0,10,2018,03,2
C00574889,2132018.0,10,2018,13,2
C00574889,2282018.0,25,2018,28,2
C00574889,2152018.0,50,2018,15,2
C00574889,2282018.0,25,2018,28,2
C00574889,2282018.0,100,2018,28,2
C00574889,2212018.0,250,2018,21,2
C00574889,2272018.0,300,2018,27,2
C00574889,2272018.0,500,2018,27,2
C00574889,2272018.0,200,2018,27,2
C00574889,2192018.0,10,2018,19,2
C00574889,2072018.0,100,2018,07,2
C00574889,2042018.0,50,2018,04,2
C00574889,2152018.0,25,2018,15,2
C00574889,2282018.0,10,2018,28,2
C00574889,2272018.0,10,2018,27,2
C00574889,2142018.0,10,2018,14,2
C00574889,2272018.0,250,2018,27,2
C00574889,2272018.0,100,2018,27,2
C00574889,2272018.0,100,2018,27,2
C00574889,2212018.0,50,2018,21,2
C00574889,2112018.0,250,2018,11,2
C00574889,2262018.0,10,2018,26,2
C00574889,2082018.0,20,2018,08,2
C00574889,2212018.0,50,2018,21,2
C00574889,2212018.0,100,2018,21,2
C00574889,2042018.0,25,2018,04,2
C00574889,2282018.0,38,2018,28,2
C00574889,2072018.0,50,2018,07,2
C00574889,2112018.0,25,2018,11,2
C00574889,2272018.0,50,2018,27,2
C00574889,2212018.0,100,2018,21,2
C00574889,2022018.0,20,2018,02,2
C00574889,2222018.0,25,2018,22,2
C00574889,2212018.0,80,2018,21,2
C00574889,2132018.0,10,2018,13,2
C00574889,2282018.0,10,2018,28,2
C00574889,2212018.0,100,2018,21,2
C00574889,2062018.0,250,2018,06,2
C00574889,2132018.0,200,2018,13,2
C00574889,2272018.0,400,2018,27,2
C00574889,2282018.0,50,2018,28,2
C00574889,2062018.0,100,2018,06,2
C00574889,2012018.0,25,2018,01,2
C00574889,2222018.0,25,2018,22,2
C00574889,2212018.0,35,2018,21,2
C00574889,2272018.0,50,2018,27,2
C00574889,2212018.0,50,2018,21,2
C00574889,2212018.0,100,2018,21,2
C00574889,2272018.0,100,2018,27,2
C00574889,2132018.0,25,2018,13,2
C00574889,2212018.0,100,2018,21,2
C00574889,2212018.0,500,2018,21,2
C00574889,2062018.0,10,2018,06,2
C00574889,2272018.0,100,2018,27,2
C00574889,2072018.0,100,2018,07,2
C00574889,2162018.0,100,2018,16,2
C00574889,2272018.0,100,2018,27,2
C00574889,2202018.0,15,2018,20,2
C00574889,2212018.0,75,2018,21,2
C00574889,2132018.0,300,2018,13,2
C00574889,2212018.0,300,2018,21,2
C00574889,2142018.0,2000,2018,14,2
C00574889,2272018.0,50,2018,27,2
C00574889,2272018.0,250,2018,27,2
C00574889,2282018.0,2,2018,28,2
C00574889,2282018.0,25,2018,28,2
C00574889,2242018.0,25,2018,24,2
C00574889,2212018.0,50,2018,21,2
C00574889,2282018.0,25,2018,28,2
C00574889,2102018.0,25,2018,10,2
C00574889,2212018.0,100,2018,21,2
C00574889,2172018.0,25,2018,17,2
C00574889,2082018.0,5,2018,08,2
C00574889,2142018.0,10,2018,14,2
C00574889,2272018.0,300,2018,27,2
C00574889,2192018.0,25,2018,19,2
C00574889,2112018.0,10,2018,11,2
C00574889,2212018.0,35,2018,21,2
C00574889,2092018.0,25,2018,09,2
C00574889,2212018.0,250,2018,21,2
C00574889,2212018.0,100,2018,21,2
C00574889,2212018.0,250,2018,21,2
C00574889,2012018.0,100,2018,01,2
C00574889,2212018.0,3,2018,21,2
C00574889,2232018.0,20,2018,23,2
C00574889,2272018.0,35,2018,27,2
C00574889,2212018.0,100,2018,21,2
C00574889,2132018.0,250,2018,13,2
C00574889,2282018.0,25,2018,28,2
C00574889,2212018.0,35,2018,21,2
C00574889,2042018.0,100,2018,04,2
C00574889,2282018.0,100,2018,28,2
C00574889,2212018.0,35,2018,21,2
C00574889,2272018.0,500,2018,27,2
C00574889,2212018.0,250,2018,21,2
C00574889,2122018.0,50,2018,12,2
C00574889,2272018.0,199,2018,27,2
C00574889,2212018.0,200,2018,21,2
C00574889,2212018.0,100,2018,21,2
C00574889,2282018.0,15,2018,28,2
C00574889,2272018.0,250,2018,27,2
C00574889,2212018.0,50,2018,21,2
C00574889,2282018.0,25,2018,28,2
C00574889,2212018.0,50,2018,21,2
C00574889,2282018.0,25,2018,28,2
C00574889,2272018.0,100,2018,27,2
C00574889,2192018.0,12,2018,19,2
C00574889,2212018.0,50,2018,21,2
C00574889,2272018.0,100,2018,27,2
C00574889,2212018.0,110,2018,21,2
C00574889,2032018.0,15,2018,03,2
C00574889,2212018.0,250,2018,21,2
C00574889,2272018.0,200,2018,27,2
C00574889,2212018.0,150,2018,21,2
C00574889,2012018.0,50,2018,01,2
C00574889,2282018.0,25,2018,28,2
C00574889,2132018.0,100,2018,13,2
C00574889,2152018.0,50,2018,15,2
C00574889,2272018.0,100,2018,27,2
C00574889,2212018.0,2,2018,21,2
C00574889,2022018.0,5,2018,02,2
C00574889,2012018.0,10,2018,01,2
C00574889,2122018.0,12,2018,12,2
C00574889,2272018.0,35,2018,27,2
C00574889,2252018.0,25,2018,25,2
C00574889,2182018.0,5,2018,18,2
C00574889,2282018.0,10,2018,28,2
C00574889,2282018.0,10,2018,28,2
C00574889,2212018.0,100,2018,21,2
C00574889,2112018.0,100,2018,11,2
C00574889,2272018.0,100,2018,27,2
C00574889,2272018.0,100,2018,27,2
C00574889,2272018.0,100,2018,27,2
C00574889,2272018.0,50,2018,27,2
C00574889,2282018.0,25,2018,28,2
C00574889,2212018.0,35,2018,21,2
C00574889,2282018.0,10,2018,28,2
C00574889,2262018.0,12,2018,26,2
C00574889,2282018.0,100,2018,28,2
C00574889,2272018.0,100,2018,27,2
C00574889,2142018.0,3,2018,14,2
C00574889,2172018.0,10,2018,17,2
C00574889,2082018.0,10,2018,08,2
C00574889,2282018.0,10,2018,28,2
C00574889,2282018.0,10,2018,28,2
C00574889,2282018.0,25,2018,28,2
C00574889,2212018.0,500,2018,21,2
C00574889,2272018.0,1000,2018,27,2
C00574889,2272018.0,1700,2018,27,2
C00574889,2282018.0,50,2018,28,2
C00574889,2212018.0,50,2018,21,2
C00574889,2172018.0,10,2018,17,2
C00574889,2282018.0,5,2018,28,2
C00574889,2242018.0,50,2018,24,2
C00574889,2192018.0,50,2018,19,2
C00574889,2212018.0,100,2018,21,2
C00574889,2272018.0,100,2018,27,2
C00574889,2022018.0,15,2018,02,2
C00574889,2032018.0,25,2018,03,2
C00574889,2112018.0,10,2018,11,2
C00574889,2072018.0,10,2018,07,2
C00574889,2052018.0,10,2018,05,2
C00574889,2132018.0,10,2018,13,2
C00574889,2272018.0,50,2018,27,2
C00574889,2212018.0,35,2018,21,2
C00574889,2272018.0,50,2018,27,2
C00574889,2282018.0,10,2018,28,2
C00574889,2282018.0,5,2018,28,2
C00574889,2282018.0,10,2018,28,2
C00574889,2282018.0,10,2018,28,2
C00574889,2272018.0,150,2018,27,2
C00574889,2062018.0,25,2018,06,2
C00574889,2212018.0,50,2018,21,2
C00574889,2162018.0,50,2018,16,2
C00574889,2282018.0,50,2018,28,2
C00574889,2212018.0,35,2018,21,2
C00574889,2212018.0,50,2018,21,2
C00574889,2272018.0,100,2018,27,2
C00574889,2272018.0,100,2018,27,2
C00574889,2132018.0,50,2018,13,2
C00574889,2212018.0,50,2018,21,2
C00574889,2282018.0,15,2018,28,2
C00574889,2112018.0,10,2018,11,2
C00574889,2212018.0,100,2018,21,2
C00574889,2272018.0,35,2018,27,2
C00574889,2162018.0,10,2018,16,2
C00574889,2272018.0,10,2018,27,2
C00574889,2282018.0,10,2018,28,2
C00574889,2282018.0,10,2018,28,2
C00574889,2282018.0,10,2018,28,2
C00574889,2062018.0,250,2018,06,2
C00574889,2092018.0,10,2018,09,2
C00574889,2262018.0,5,2018,26,2
C00574889,2222018.0,5,2018,22,2
C00574889,2102018.0,23,2018,10,2
C00574889,2072018.0,2000,2018,07,2
C00574889,2272018.0,500,2018,27,2
C00574889,2212018.0,250,2018,21,2
C00574889,2272018.0,500,2018,27,2
C00574889,2132018.0,300,2018,13,2
C00574889,2072018.0,100,2018,07,2
C00574889,2282018.0,100,2018,28,2
C00574889,2272018.0,700,2018,27,2
C00574889,2272018.0,300,2018,27,2
C00574889,2282018.0,10,2018,28,2
C00574889,2072018.0,50,2018,07,2
C00574889,2112018.0,50,2018,11,2
C00574889,2212018.0,250,2018,21,2
C00574889,2272018.0,70,2018,27,2
C00574889,2282018.0,25,2018,28,2
C00574889,2162018.0,10,2018,16,2
C00574889,2162018.0,50,2018,16,2
C00574889,2082018.0,250,2018,08,2
C00574889,2262018.0,25,2018,26,2
C00574889,2042018.0,50,2018,04,2
C00574889,2042018.0,9,2018,04,2
C00516047,2062018.0,1000,2018,06,2
C00516047,2282018.0,125,2018,28,2
C00516047,2092018.0,500,2018,09,2
C00516047,2102018.0,50,2018,10,2
C00516047,2282018.0,25,2018,28,2
C00516047,2222018.0,250,2018,22,2
C00516047,2092018.0,1000,2018,09,2
C00516047,2282018.0,100,2018,28,2
C00516047,2222018.0,2700,2018,22,2
C00516047,2282018.0,500,2018,28,2
C00516047,2282018.0,25,2018,28,2
C00516047,2052018.0,50,2018,05,2
C00516047,2222018.0,250,2018,22,2
C00516047,2122018.0,500,2018,12,2
C00516047,2282018.0,100,2018,28,2
C00516047,2282018.0,250,2018,28,2
C00516047,2102018.0,25,2018,10,2
C00516047,2132018.0,250,2018,13,2
C00516047,2262018.0,1000,2018,26,2
C00516047,2242018.0,100,2018,24,2
C00516047,2202018.0,50,2018,20,2
C00516047,2282018.0,125,2018,28,2
C00516047,2162018.0,250,2018,16,2
C00516047,2052018.0,1000,2018,05,2
C00516047,2172018.0,15,2018,17,2
C00516047,2172018.0,35,2018,17,2
C00516047,2032018.0,500,2018,03,2
C00516047,2132018.0,250,2018,13,2
C00516047,2022018.0,500,2018,02,2
C00516047,2282018.0,2000,2018,28,2
C00516047,2282018.0,100,2018,28,2
C00516047,2222018.0,500,2018,22,2
C00516047,2102018.0,250,2018,10,2
C00516047,2092018.0,1000,2018,09,2
C00516047,2212018.0,50,2018,21,2
C00516047,2202018.0,1700,2018,20,2
C00516047,2222018.0,500,2018,22,2
C00516047,2282018.0,25,2018,28,2
C00516047,2132018.0,500,2018,13,2
C00516047,2102018.0,100,2018,10,2
C00516047,2222018.0,250,2018,22,2
C00516047,2152018.0,2700,2018,15,2
C00516047,2152018.0,2700,2018,15,2
C00516047,2032018.0,100,2018,03,2
C00516047,2222018.0,25,2018,22,2
C00516047,2132018.0,250,2018,13,2
C00516047,2112018.0,25,2018,11,2
C00516047,2222018.0,25,2018,22,2
C00516047,2132018.0,250,2018,13,2
C00516047,2202018.0,25,2018,20,2
C00516047,2132018.0,2000,2018,13,2
C00516047,2132018.0,400,2018,13,2
C00516047,2282018.0,25,2018,28,2
C00516047,2202018.0,100,2018,20,2
C00516047,2282018.0,50,2018,28,2
C00516047,2222018.0,500,2018,22,2
C00516047,2102018.0,250,2018,10,2
C00516047,2222018.0,500,2018,22,2
C00516047,2122018.0,250,2018,12,2
C00516047,2282018.0,250,2018,28,2
C00516047,2282018.0,100,2018,28,2
C00516047,2192018.0,5400,2018,19,2
C00516047,2282018.0,100,2018,28,2
C00516047,2142018.0,250,2018,14,2
C00516047,2282018.0,250,2018,28,2
C00516047,2062018.0,500,2018,06,2
C00516047,2062018.0,500,2018,06,2
C00516047,2222018.0,1101,2018,22,2
C00516047,2222018.0,1101,2018,22,2
C00516047,2282018.0,50,2018,28,2
C00516047,2202018.0,100,2018,20,2
C00516047,2162018.0,250,2018,16,2
C00516047,2172018.0,250,2018,17,2
C00516047,2152018.0,500,2018,15,2
C00516047,2152018.0,500,2018,15,2
C00516047,2022018.0,250,2018,02,2
C00516047,2192018.0,250,2018,19,2
C00516047,2282018.0,25,2018,28,2
C00516047,2042018.0,500,2018,04,2
C00516047,2282018.0,250,2018,28,2
C00516047,2202018.0,250,2018,20,2
C00516047,2282018.0,250,2018,28,2
C00516047,2282018.0,50,2018,28,2
C00516047,2192018.0,250,2018,19,2
C00516047,2052018.0,250,2018,05,2
C00516047,2282018.0,25,2018,28,2
C00516047,2242018.0,500,2018,24,2
C00516047,2052018.0,250,2018,05,2
C00516047,2222018.0,500,2018,22,2
C00516047,2262018.0,500,2018,26,2
C00516047,2262018.0,2700,2018,26,2
C00516047,2132018.0,250,2018,13,2
C00516047,2092018.0,500,2018,09,2
C00516047,2282018.0,2700,2018,28,2
C00516047,2282018.0,300,2018,28,2
C00516047,2022018.0,500,2018,02,2
C00516047,2092018.0,500,2018,09,2
C00516047,2122018.0,500,2018,12,2
C00516047,2282018.0,75,2018,28,2
C00516047,2282018.0,100,2018,28,2
C00516047,2282018.0,250,2018,28,2
C00516047,2282018.0,250,2018,28,2
C00516047,2132018.0,1000,2018,13,2
C00516047,2222018.0,500,2018,22,2
C00516047,2022018.0,25,2018,02,2
C00516047,2162018.0,250,2018,16,2
C00516047,2282018.0,100,2018,28,2
C00516047,2282018.0,250,2018,28,2
C00516047,2132018.0,500,2018,13,2
C00516047,2282018.0,250,2018,28,2
C00516047,2232018.0,25,2018,23,2
C00516047,2072018.0,250,2018,07,2
C00516047,2152018.0,1000,2018,15,2
C00516047,2142018.0,250,2018,14,2
C00516047,2202018.0,250,2018,20,2
C00516047,2282018.0,25,2018,28,2
C00516047,2122018.0,200,2018,12,2
C00516047,2122018.0,300,2018,12,2
C00516047,2282018.0,1800,2018,28,2
C00516047,2142018.0,100,2018,14,2
C00516047,2012018.0,35,2018,01,2
C00516047,2092018.0,250,2018,09,2
C00516047,2222018.0,2700,2018,22,2
C00516047,2162018.0,100,2018,16,2
C00516047,2122018.0,500,2018,12,2
C00516047,2052018.0,250,2018,05,2
C00516047,2212018.0,250,2018,21,2
C00516047,2282018.0,25,2018,28,2
C00516047,2102018.0,5,2018,10,2
C00516047,2162018.0,2000,2018,16,2
C00516047,2162018.0,2000,2018,16,2
C00516047,2282018.0,250,2018,28,2
C00516047,2202018.0,200,2018,20,2
C00516047,2012018.0,1000,2018,01,2
C00516047,2012018.0,250,2018,01,2
C00516047,2132018.0,250,2018,13,2
C00516047,2122018.0,250,2018,12,2
C00516047,2132018.0,250,2018,13,2
C00516047,2282018.0,250,2018,28,2
C00516047,2102018.0,50,2018,10,2
C00516047,2062018.0,100,2018,06,2
C00516047,2132018.0,500,2018,13,2
C00516047,2132018.0,500,2018,13,2
C00516047,2212018.0,500,2018,21,2
C00516047,2202018.0,10,2018,20,2
C00516047,2132018.0,500,2018,13,2
C00516047,2092018.0,25,2018,09,2
C00516047,2282018.0,100,2018,28,2
C00516047,2222018.0,500,2018,22,2
C00516047,2012018.0,100,2018,01,2
C00516047,2052018.0,250,2018,05,2
C00516047,2152018.0,500,2018,15,2
C00516047,2102018.0,500,2018,10,2
C00516047,2062018.0,500,2018,06,2
C00516047,2082018.0,250,2018,08,2
C00516047,2062018.0,500,2018,06,2
C00516047,2122018.0,100,2018,12,2
C00516047,2282018.0,100,2018,28,2
C00516047,2112018.0,250,2018,11,2
C00516047,2172018.0,300,2018,17,2
C00516047,2202018.0,50,2018,20,2
C00516047,2282018.0,25,2018,28,2
C00516047,2282018.0,25,2018,28,2
C00516047,2212018.0,1000,2018,21,2
C00516047,2122018.0,2700,2018,12,2
C00516047,2092018.0,250,2018,09,2
C00516047,2282018.0,500,2018,28,2
C00516047,2282018.0,100,2018,28,2
C00516047,2282018.0,50,2018,28,2
C00516047,2082018.0,500,2018,08,2
C00516047,2052018.0,300,2018,05,2
C00516047,2122018.0,300,2018,12,2
C00516047,2222018.0,500,2018,22,2
C00516047,2202018.0,500,2018,20,2
C00516047,2282018.0,50,2018,28,2
C00516047,2112018.0,500,2018,11,2
C00516047,2062018.0,500,2018,06,2
C00516047,2102018.0,5,2018,10,2
C00516047,2122018.0,500,2018,12,2
C00516047,2202018.0,300,2018,20,2
C00516047,2082018.0,500,2018,08,2
C00516047,2282018.0,100,2018,28,2
C00516047,2132018.0,2700,2018,13,2
C00516047,2062018.0,250,2018,06,2
C00516047,2152018.0,1000,2018,15,2
C00516047,2062018.0,500,2018,06,2
C00516047,2062018.0,500,2018,06,2
C00516047,2202018.0,100,2018,20,2
C00516047,2062018.0,250,2018,06,2
C00516047,2122018.0,250,2018,12,2
C00516047,2132018.0,500,2018,13,2
C00516047,2062018.0,250,2018,06,2
C00516047,2202018.0,50,2018,20,2
C00516047,2282018.0,500,2018,28,2
C00516047,2282018.0,50,2018,28,2
C00516047,2212018.0,100,2018,21,2
C00516047,2062018.0,50,2018,06,2
C00516047,2032018.0,400,2018,03,2
C00516047,2032018.0,100,2018,03,2
C00516047,2122018.0,2700,2018,12,2
C00516047,2122018.0,250,2018,12,2
C00516047,2202018.0,100,2018,20,2
C00516047,2232018.0,250,2018,23,2
C00516047,2052018.0,500,2018,05,2
C00516047,2122018.0,250,2018,12,2
C00516047,2052018.0,500,2018,05,2
C00516047,2282018.0,50,2018,28,2
C00516047,2222018.0,250,2018,22,2
C00516047,2222018.0,250,2018,22,2
C00516047,2092018.0,250,2018,09,2
C00516047,2062018.0,500,2018,06,2
C00516047,2062018.0,500,2018,06,2
C00516047,2102018.0,25,2018,10,2
C00516047,2212018.0,250,2018,21,2
C00516047,2132018.0,250,2018,13,2
C00516047,2282018.0,250,2018,28,2
C00516047,2222018.0,250,2018,22,2
C00516047,2282018.0,50,2018,28,2
C00516047,2062018.0,1000,2018,06,2
C00516047,2202018.0,50,2018,20,2
C00516047,2282018.0,100,2018,28,2
C00516047,2102018.0,250,2018,10,2
C00516047,2032018.0,20,2018,03,2
C00516047,2252018.0,25,2018,25,2
C00516047,2102018.0,20,2018,10,2
C00516047,2212018.0,25,2018,21,2
C00516047,2202018.0,100,2018,20,2
C00516047,2052018.0,100,2018,05,2
C00516047,2122018.0,100,2018,12,2
C00516047,2142018.0,250,2018,14,2
C00516047,2262018.0,50,2018,26,2
C00516047,2132018.0,500,2018,13,2
C00516047,2282018.0,500,2018,28,2
C00516047,2282018.0,50,2018,28,2
C00516047,2012018.0,50,2018,01,2
C00516047,2222018.0,75,2018,22,2
C00516047,2032018.0,500,2018,03,2
C00516047,2032018.0,500,2018,03,2
C00516047,2082018.0,250,2018,08,2
C00516047,2192018.0,25,2018,19,2
C00516047,2222018.0,5,2018,22,2
C00516047,2192018.0,300,2018,19,2
C00516047,2192018.0,700,2018,19,2
C00516047,2192018.0,700,2018,19,2
C00516047,2192018.0,300,2018,19,2
C00516047,2282018.0,50,2018,28,2
C00516047,2062018.0,100,2018,06,2
C00516047,2062018.0,1900,2018,06,2
C00516047,2092018.0,700,2018,09,2
C00516047,2212018.0,50,2018,21,2
C00516047,2282018.0,100,2018,28,2
C00516047,2012018.0,100,2018,01,2
C00516047,2212018.0,500,2018,21,2
C00516047,2132018.0,2300,2018,13,2
C00516047,2132018.0,2700,2018,13,2
C00516047,2282018.0,250,2018,28,2
C00516047,2092018.0,200,2018,09,2
C00516047,2212018.0,500,2018,21,2
C00516047,2042018.0,119,2018,04,2
C00516047,2052018.0,250,2018,05,2
C00516047,2032018.0,2700,2018,03,2
C00516047,2032018.0,2700,2018,03,2
C00516047,2132018.0,250,2018,13,2
C00516047,2082018.0,500,2018,08,2
C00516047,2132018.0,1000,2018,13,2
C00516047,2012018.0,500,2018,01,2
C00516047,2262018.0,2700,2018,26,2
C00516047,2282018.0,250,2018,28,2
C00516047,2202018.0,50,2018,20,2
C00516047,2282018.0,250,2018,28,2
C00516047,2282018.0,1000,2018,28,2
C00516047,2282018.0,100,2018,28,2
C00516047,2202018.0,25,2018,20,2
C00516047,2282018.0,25,2018,28,2
C00516047,2132018.0,1000,2018,13,2
C00516047,2202018.0,100,2018,20,2
C00516047,2132018.0,300,2018,13,2
C00674069,2232018.0,250,2018,23,2
C00674069,2212018.0,30,2018,21,2
C00652727,2262018.0,500,2018,26,2
C00652727,2262018.0,2700,2018,26,2
C00652727,2262018.0,-2700,2018,26,2
C00652727,2072018.0,250,2018,07,2
C00652727,2122018.0,1000,2018,12,2
C00652727,2142018.0,500,2018,14,2
C00652727,2162018.0,1000,2018,16,2
C00652727,2222018.0,250,2018,22,2
C00652727,2272018.0,500,2018,27,2
C00652727,2272018.0,500,2018,27,2
C00652727,2232018.0,2700,2018,23,2
C00652727,2072018.0,2700,2018,07,2
C00652727,2072018.0,500,2018,07,2
C00652727,2222018.0,-5400,2018,22,2
C00652727,2222018.0,-2700,2018,22,2
C00652727,2222018.0,2700,2018,22,2
C00652727,2222018.0,2700,2018,22,2
C00652727,2072018.0,2700,2018,07,2
C00652727,2072018.0,2300,2018,07,2
C00652727,2222018.0,-2700,2018,22,2
C00652727,2072018.0,500,2018,07,2
C00652727,2272018.0,500,2018,27,2
C00652727,2072018.0,1000,2018,07,2
C00652727,2222018.0,250,2018,22,2
C00652727,2222018.0,375,2018,22,2
C00652727,2092018.0,500,2018,09,2
C00652727,2072018.0,250,2018,07,2
C00652727,2202018.0,250,2018,20,2
C00652727,2142018.0,2200,2018,14,2
C00652727,2072018.0,500,2018,07,2
C00652727,2262018.0,2500,2018,26,2
C00652727,2262018.0,2700,2018,26,2
C00652727,2262018.0,2500,2018,26,2
C00652727,2232018.0,500,2018,23,2
C00652727,2072018.0,500,2018,07,2
C00652727,2212018.0,-2700,2018,21,2
C00652727,2212018.0,2700,2018,21,2
C00652727,2142018.0,300,2018,14,2
C00652727,2212018.0,-575,2018,21,2
C00652727,2212018.0,575,2018,21,2
C00652727,2212018.0,-575,2018,21,2
C00652727,2072018.0,500,2018,07,2
C00652727,2262018.0,500,2018,26,2
C00652727,2142018.0,2700,2018,14,2
C00652727,2262018.0,2700,2018,26,2
C00652727,2062018.0,220,2018,06,2
C00652727,2122018.0,2700,2018,12,2
C00652727,2072018.0,500,2018,07,2
C00652727,2232018.0,-1000,2018,23,2
C00652727,2232018.0,1000,2018,23,2
C00652727,2282018.0,1000,2018,28,2
C00652727,2122018.0,250,2018,12,2
C00652727,2202018.0,1000,2018,20,2
C00652727,2062018.0,100,2018,06,2
C00652727,2282018.0,500,2018,28,2
C00652727,2212018.0,575,2018,21,2
C00652727,2062018.0,300,2018,06,2
C00652727,2222018.0,500,2018,22,2
C00652727,2202018.0,2700,2018,20,2
C00652727,2232018.0,2700,2018,23,2
C00652727,2282018.0,2700,2018,28,2
C00652727,2232018.0,1000,2018,23,2
C00652727,2072018.0,2700,2018,07,2
C00652727,2062018.0,2700,2018,06,2
C00652727,2062018.0,2700,2018,06,2
C00652727,2072018.0,500,2018,07,2
C00652727,2262018.0,1000,2018,26,2
C00652727,2072018.0,250,2018,07,2
C00652727,2142018.0,500,2018,14,2
C00652727,2272018.0,450,2018,27,2
C00652727,2232018.0,50,2018,23,2
C00652727,2282018.0,2700,2018,28,2
C00652727,2262018.0,250,2018,26,2
C00652727,2262018.0,2700,2018,26,2
C00652727,2122018.0,-2500,2018,12,2
C00652727,2122018.0,2500,2018,12,2
C00652727,2142018.0,2700,2018,14,2
C00652727,2072018.0,500,2018,07,2
C00652727,2282018.0,500,2018,28,2
C00652727,2282018.0,500,2018,28,2
C00652727,2232018.0,1000,2018,23,2
C00652727,2202018.0,2700,2018,20,2
C00652727,2282018.0,250,2018,28,2
C00652727,2092018.0,500,2018,09,2
C00652727,2072018.0,2700,2018,07,2
C00652727,2072018.0,250,2018,07,2
C00652727,2092018.0,2700,2018,09,2
C00652727,2062018.0,250,2018,06,2
C00652727,2272018.0,500,2018,27,2
C00652727,2262018.0,1000,2018,26,2
C00652727,2142018.0,2700,2018,14,2
C00652727,2202018.0,1000,2018,20,2
C00652727,2282018.0,250,2018,28,2
C00652727,2232018.0,2700,2018,23,2
C00652727,2122018.0,1000,2018,12,2
C00652727,2232018.0,25,2018,23,2
C00652727,2072018.0,500,2018,07,2
C00652727,2232018.0,1000,2018,23,2
C00652727,2122018.0,2000,2018,12,2
C00652727,2072018.0,1000,2018,07,2
C00652727,2202018.0,500,2018,20,2
C00652727,2202018.0,500,2018,20,2
C00652727,2072018.0,500,2018,07,2
C00652727,2222018.0,2700,2018,22,2
C00652727,2072018.0,1000,2018,07,2
C00652727,2262018.0,2700,2018,26,2
C00652727,2262018.0,500,2018,26,2
C00652727,2092018.0,2700,2018,09,2
C00652727,2272018.0,1000,2018,27,2
C00652727,2272018.0,1000,2018,27,2
C00652727,2282018.0,500,2018,28,2
C00652727,2222018.0,1000,2018,22,2
C00652727,2222018.0,2700,2018,22,2
C00652727,2282018.0,500,2018,28,2
C00652727,2262018.0,2700,2018,26,2
C00652727,2062018.0,2700,2018,06,2
C00652727,2262018.0,300,2018,26,2
C00652727,2072018.0,1000,2018,07,2
C00652727,2212018.0,500,2018,21,2
C00652727,2212018.0,500,2018,21,2
C00652727,2282018.0,1000,2018,28,2
C00652727,2282018.0,500,2018,28,2
C00652727,2072018.0,2700,2018,07,2
C00652727,2092018.0,250,2018,09,2
C00652727,2062018.0,1000,2018,06,2
C00652727,2222018.0,500,2018,22,2
C00652727,2232018.0,400,2018,23,2
C00652727,2232018.0,-400,2018,23,2
C00652727,2262018.0,250,2018,26,2
C00652727,2232018.0,2700,2018,23,2
C00652727,2232018.0,250,2018,23,2
C00652727,2072018.0,2700,2018,07,2
C00652727,2272018.0,500,2018,27,2
C00652727,2272018.0,1000,2018,27,2
C00652727,2222018.0,1000,2018,22,2
C00652727,2072018.0,1000,2018,07,2
C00652727,2072018.0,500,2018,07,2
C00652727,2262018.0,500,2018,26,2
C00652727,2262018.0,500,2018,26,2
C00652727,2072018.0,500,2018,07,2
C00652727,2072018.0,1000,2018,07,2
C00652727,2122018.0,1000,2018,12,2
C00652727,2072018.0,2700,2018,07,2
C00652727,2282018.0,1500,2018,28,2
C00652727,2072018.0,2700,2018,07,2
C00652727,2272018.0,2700,2018,27,2
C00652727,2072018.0,2700,2018,07,2
C00652727,2282018.0,250,2018,28,2
C00652727,2282018.0,250,2018,28,2
C00652727,2222018.0,2500,2018,22,2
C00652727,2262018.0,2700,2018,26,2
C00652727,2202018.0,2700,2018,20,2
C00652727,2072018.0,1000,2018,07,2
C00652727,2052018.0,500,2018,05,2
C00652727,2072018.0,250,2018,07,2
C00652727,2202018.0,2700,2018,20,2
C00652727,2072018.0,2700,2018,07,2
C00652727,2222018.0,2700,2018,22,2
C00652727,2282018.0,1000,2018,28,2
C00652727,2072018.0,500,2018,07,2
C00652727,2262018.0,-2700,2018,26,2
C00652727,2062018.0,250,2018,06,2
C00652727,2282018.0,300,2018,28,2
C00652727,2232018.0,50,2018,23,2
C00652727,2282018.0,300,2018,28,2
C00652727,2202018.0,2700,2018,20,2
C00652727,2092018.0,2700,2018,09,2
C00652727,2092018.0,2700,2018,09,2
C00652727,2062018.0,2700,2018,06,2
C00652727,2062018.0,1700,2018,06,2
C00652727,2062018.0,2700,2018,06,2
C00652727,2272018.0,500,2018,27,2
C00652727,2232018.0,500,2018,23,2
C00652727,2072018.0,1000,2018,07,2
C00257642,2242018.0,15,2018,24,2
C00257642,2282018.0,15,2018,28,2
C00257642,2172018.0,450,2018,17,2
C00257642,2032018.0,15,2018,03,2
C00257642,2062018.0,50,2018,06,2
C00257642,2282018.0,1000,2018,28,2
C00257642,2162018.0,5,2018,16,2
C00257642,2272018.0,25,2018,27,2
C00257642,2072018.0,150,2018,07,2
C00257642,2092018.0,150,2018,09,2
C00257642,2252018.0,50,2018,25,2
C00257642,2042018.0,25,2018,04,2
C00257642,2182018.0,300,2018,18,2
C00257642,2012018.0,150,2018,01,2
C00257642,2142018.0,300,2018,14,2
C00257642,2112018.0,300,2018,11,2
C00257642,2242018.0,50,2018,24,2
C00257642,2082018.0,150,2018,08,2
C00257642,2082018.0,300,2018,08,2
C00257642,2272018.0,300,2018,27,2
C00257642,2012018.0,25,2018,01,2
C00257642,2282018.0,1250,2018,28,2
C00257642,2262018.0,25,2018,26,2
C00257642,2022018.0,25,2018,02,2
C00257642,2282018.0,100,2018,28,2
C00257642,2182018.0,150,2018,18,2
C00257642,2092018.0,100,2018,09,2
C00257642,2122018.0,100,2018,12,2
C00257642,2282018.0,15,2018,28,2
C00257642,2042018.0,25,2018,04,2
C00257642,2072018.0,15,2018,07,2
C00257642,2042018.0,10,2018,04,2
C00257642,2172018.0,10,2018,17,2
C00257642,2122018.0,12,2018,12,2
C00257642,2012018.0,500,2018,01,2
C00257642,2012018.0,500,2018,01,2
C00257642,2012018.0,500,2018,01,2
C00257642,2012018.0,500,2018,01,2
C00257642,2022018.0,300,2018,02,2
C00257642,2282018.0,300,2018,28,2
C00257642,2242018.0,15,2018,24,2
C00257642,2092018.0,1500,2018,09,2
C00257642,2282018.0,15,2018,28,2
C00257642,2012018.0,10,2018,01,2
C00257642,2282018.0,15,2018,28,2
C00257642,2262018.0,10,2018,26,2
C00257642,2172018.0,600,2018,17,2
C00257642,2172018.0,2400,2018,17,2
C00257642,2202018.0,150,2018,20,2
C00257642,2122018.0,300,2018,12,2
C00257642,2192018.0,150,2018,19,2
C00257642,2152018.0,15,2018,15,2
C00257642,2102018.0,300,2018,10,2
C00257642,2162018.0,25,2018,16,2
C00257642,2162018.0,25,2018,16,2
C00257642,2072018.0,15,2018,07,2
C00257642,2082018.0,5,2018,08,2
C00257642,2012018.0,500,2018,01,2
C00257642,2012018.0,500,2018,01,2
C00257642,2012018.0,500,2018,01,2
C00257642,2012018.0,500,2018,01,2
C00257642,2012018.0,500,2018,01,2
C00257642,2012018.0,500,2018,01,2
C00257642,2272018.0,150,2018,27,2
C00257642,2282018.0,15,2018,28,2
C00257642,2282018.0,150,2018,28,2
C00257642,2132018.0,300,2018,13,2
C00257642,2022018.0,325,2018,02,2
C00257642,2222018.0,100,2018,22,2
C00257642,2272018.0,450,2018,27,2
C00257642,2192018.0,600,2018,19,2
C00257642,2032018.0,20,2018,03,2
C00257642,2252018.0,15,2018,25,2
C00257642,2022018.0,5,2018,02,2
C00257642,2152018.0,25,2018,15,2
C00257642,2012018.0,200,2018,01,2
C00257642,2172018.0,150,2018,17,2
C00257642,2282018.0,15,2018,28,2
C00257642,2092018.0,150,2018,09,2
C00257642,2042018.0,25,2018,04,2
C00257642,2092018.0,15,2018,09,2
C00257642,2172018.0,150,2018,17,2
C00257642,2052018.0,300,2018,05,2
C00257642,2022018.0,15,2018,02,2
C00257642,2112018.0,50,2018,11,2
C00257642,2032018.0,25,2018,03,2
C00257642,2202018.0,150,2018,20,2
C00257642,2212018.0,750,2018,21,2
C00257642,2082018.0,150,2018,08,2
C00257642,2282018.0,15,2018,28,2
C00257642,2162018.0,100,2018,16,2
C00257642,2132018.0,150,2018,13,2
C00257642,2112018.0,150,2018,11,2
C00257642,2012018.0,15,2018,01,2
C00257642,2172018.0,150,2018,17,2
C00257642,2132018.0,600,2018,13,2
C00257642,2082018.0,5,2018,08,2
C00257642,2132018.0,5,2018,13,2
C00257642,2262018.0,5,2018,26,2
C00257642,2282018.0,5,2018,28,2
C00257642,2132018.0,150,2018,13,2
C00257642,2092018.0,150,2018,09,2
C00257642,2012018.0,150,2018,01,2
C00257642,2072018.0,15,2018,07,2
C00257642,2272018.0,5,2018,27,2
C00257642,2262018.0,25,2018,26,2
C00257642,2072018.0,10,2018,07,2
C00257642,2022018.0,150,2018,02,2
C00257642,2112018.0,150,2018,11,2
C00257642,2202018.0,150,2018,20,2
C00257642,2182018.0,300,2018,18,2
C00257642,2052018.0,150,2018,05,2
C00257642,2142018.0,1500,2018,14,2
C00257642,2122018.0,150,2018,12,2
C00257642,2152018.0,200,2018,15,2
C00257642,2172018.0,10,2018,17,2
C00257642,2072018.0,5,2018,07,2
C00257642,2012018.0,100,2018,01,2
C00257642,2282018.0,5,2018,28,2
C00257642,2072018.0,25,2018,07,2
C00257642,2012018.0,50,2018,01,2
C00257642,2202018.0,50,2018,20,2
C00257642,2062018.0,5,2018,06,2
C00257642,2262018.0,5,2018,26,2
C00257642,2262018.0,25,2018,26,2
C00257642,2042018.0,25,2018,04,2
C00257642,2282018.0,25,2018,28,2
C00257642,2212018.0,600,2018,21,2
C00257642,2252018.0,50,2018,25,2
C00257642,2072018.0,150,2018,07,2
C00257642,2042018.0,15,2018,04,2
C00257642,2222018.0,25,2018,22,2
C00257642,2162018.0,100,2018,16,2
C00257642,2022018.0,500,2018,02,2
C00257642,2072018.0,1000,2018,07,2
C00257642,2022018.0,25,2018,02,2
C00257642,2032018.0,15,2018,03,2
C00257642,2192018.0,150,2018,19,2
C00257642,2122018.0,25,2018,12,2
C00257642,2042018.0,600,2018,04,2
C00257642,2022018.0,300,2018,02,2
C00257642,2202018.0,150,2018,20,2
C00257642,2262018.0,1500,2018,26,2
C00257642,2132018.0,150,2018,13,2
C00257642,2032018.0,1450,2018,03,2
C00257642,2032018.0,50,2018,03,2
C00257642,2282018.0,150,2018,28,2
C00257642,2122018.0,300,2018,12,2
C00257642,2232018.0,150,2018,23,2
C00257642,2242018.0,300,2018,24,2
C00257642,2132018.0,1500,2018,13,2
C00257642,2272018.0,150,2018,27,2
C00257642,2092018.0,150,2018,09,2
C00257642,2082018.0,150,2018,08,2
C00257642,2092018.0,300,2018,09,2
C00257642,2092018.0,300,2018,09,2
C00257642,2072018.0,300,2018,07,2
C00257642,2122018.0,15,2018,12,2
C00257642,2012018.0,750,2018,01,2
C00257642,2122018.0,300,2018,12,2
C00257642,2232018.0,1200,2018,23,2
C00257642,2282018.0,10,2018,28,2
C00257642,2032018.0,2400,2018,03,2
C00257642,2032018.0,600,2018,03,2
C00257642,2222018.0,15,2018,22,2
C00257642,2062018.0,150,2018,06,2
C00257642,2232018.0,1200,2018,23,2
C00257642,2212018.0,300,2018,21,2
C00257642,2032018.0,2000,2018,03,2
C00257642,2232018.0,300,2018,23,2
C00257642,2272018.0,150,2018,27,2
C00257642,2012018.0,300,2018,01,2
C00257642,2062018.0,150,2018,06,2
C00257642,2272018.0,150,2018,27,2
C00257642,2222018.0,1500,2018,22,2
C00257642,2072018.0,10,2018,07,2
C00257642,2222018.0,10,2018,22,2
C00257642,2242018.0,15,2018,24,2
C00257642,2092018.0,1500,2018,09,2
C00257642,2232018.0,150,2018,23,2
C00257642,2122018.0,15,2018,12,2
C00257642,2022018.0,10,2018,02,2
C00257642,2252018.0,15,2018,25,2
C00257642,2202018.0,2700,2018,20,2
C00257642,2172018.0,10,2018,17,2
C00257642,2282018.0,10,2018,28,2
C00257642,2152018.0,1450,2018,15,2
C00257642,2152018.0,50,2018,15,2
C00257642,2032018.0,15,2018,03,2
C00257642,2162018.0,25,2018,16,2
C00257642,2272018.0,25,2018,27,2
C00257642,2072018.0,300,2018,07,2
C00257642,2022018.0,150,2018,02,2
C00257642,2022018.0,150,2018,02,2
C00257642,2032018.0,35,2018,03,2
C00257642,2232018.0,150,2018,23,2
C00257642,2242018.0,35,2018,24,2
C00257642,2012018.0,25,2018,01,2
C00257642,2272018.0,25,2018,27,2
C00257642,2132018.0,300,2018,13,2
C00257642,2032018.0,50,2018,03,2
C00257642,2072018.0,5,2018,07,2
C00257642,2282018.0,50,2018,28,2
C00257642,2112018.0,150,2018,11,2
C00257642,2092018.0,1500,2018,09,2
C00257642,2162018.0,300,2018,16,2
C00257642,2212018.0,150,2018,21,2
C00257642,2202018.0,150,2018,20,2
C00257642,2012018.0,100,2018,01,2
C00257642,2092018.0,150,2018,09,2
C00257642,2072018.0,3000,2018,07,2
C00257642,2032018.0,15,2018,03,2
C00257642,2282018.0,15,2018,28,2
C00257642,2212018.0,300,2018,21,2
C00257642,2022018.0,25,2018,02,2
C00257642,2222018.0,10,2018,22,2
C00257642,2102018.0,1,2018,10,2
C00257642,2222018.0,15,2018,22,2
C00257642,2132018.0,25,2018,13,2
C00257642,2082018.0,15,2018,08,2
C00257642,2282018.0,25,2018,28,2
C00257642,2272018.0,150,2018,27,2
C00257642,2072018.0,10,2018,07,2
C00257642,2012018.0,25,2018,01,2
C00257642,2192018.0,12,2018,19,2
C00257642,2022018.0,150,2018,02,2
C00257642,2212018.0,150,2018,21,2
C00257642,2042018.0,5,2018,04,2
C00257642,2172018.0,10,2018,17,2
C00257642,2072018.0,150,2018,07,2
C00257642,2212018.0,300,2018,21,2
C00257642,2162018.0,1200,2018,16,2
C00257642,2162018.0,300,2018,16,2
C00257642,2032018.0,50,2018,03,2
C00257642,2282018.0,15,2018,28,2
C00257642,2052018.0,150,2018,05,2
C00257642,2122018.0,1500,2018,12,2
C00257642,2082018.0,200,2018,08,2
C00257642,2082018.0,1300,2018,08,2
C00257642,2252018.0,150,2018,25,2
C00257642,2042018.0,15,2018,04,2
C00257642,2092018.0,150,2018,09,2
C00257642,2062018.0,1500,2018,06,2
C00257642,2052018.0,25,2018,05,2
C00257642,2282018.0,25,2018,28,2
C00257642,2072018.0,2700,2018,07,2
C00257642,2072018.0,250,2018,07,2
C00257642,2022018.0,150,2018,02,2
C00257642,2032018.0,150,2018,03,2
C00257642,2052018.0,15,2018,05,2
C00257642,2212018.0,150,2018,21,2
C00257642,2072018.0,2300,2018,07,2
C00257642,2022018.0,35,2018,02,2
C00257642,2282018.0,20,2018,28,2
C00257642,2072018.0,150,2018,07,2
C00257642,2052018.0,300,2018,05,2
C00257642,2282018.0,10,2018,28,2
C00257642,2172018.0,10,2018,17,2
C00257642,2012018.0,25,2018,01,2
C00257642,2072018.0,25,2018,07,2
C00257642,2162018.0,25,2018,16,2
C00257642,2082018.0,300,2018,08,2
C00257642,2222018.0,300,2018,22,2
C00257642,2052018.0,1500,2018,05,2
C00257642,2262018.0,300,2018,26,2
C00257642,2222018.0,1350,2018,22,2
C00257642,2012018.0,1500,2018,01,2
C00257642,2112018.0,25,2018,11,2
C00257642,2102018.0,600,2018,10,2
C00257642,2062018.0,10,2018,06,2
C00257642,2082018.0,10,2018,08,2
C00257642,2162018.0,10,2018,16,2
C00257642,2222018.0,10,2018,22,2
C00257642,2202018.0,300,2018,20,2
C00257642,2152018.0,1500,2018,15,2
C00257642,2022018.0,150,2018,02,2
C00257642,2272018.0,150,2018,27,2
C00257642,2072018.0,15,2018,07,2
C00257642,2212018.0,300,2018,21,2
C00257642,2182018.0,150,2018,18,2
C00257642,2282018.0,150,2018,28,2
C00257642,2202018.0,300,2018,20,2
C00257642,2032018.0,15,2018,03,2
C00257642,2212018.0,600,2018,21,2
C00257642,2282018.0,35,2018,28,2
C00257642,2022018.0,200,2018,02,2
C00257642,2022018.0,2300,2018,02,2
C00257642,2172018.0,300,2018,17,2
C00257642,2092018.0,150,2018,09,2
C00257642,2052018.0,150,2018,05,2
C00257642,2282018.0,25,2018,28,2
C00257642,2202018.0,300,2018,20,2
C00257642,2282018.0,10,2018,28,2
C00257642,2072018.0,10,2018,07,2
C00257642,2172018.0,150,2018,17,2
C00257642,2262018.0,150,2018,26,2
C00257642,2122018.0,450,2018,12,2
C00257642,2022018.0,25,2018,02,2
C00257642,2132018.0,150,2018,13,2
C00257642,2182018.0,10,2018,18,2
C00257642,2232018.0,10,2018,23,2
C00257642,2262018.0,300,2018,26,2
C00257642,2152018.0,25,2018,15,2
C00257642,2242018.0,100,2018,24,2
C00257642,2282018.0,15,2018,28,2
C00257642,2092018.0,15,2018,09,2
C00257642,2172018.0,5,2018,17,2
C00257642,2222018.0,50,2018,22,2
C00257642,2132018.0,25,2018,13,2
C00257642,2222018.0,5,2018,22,2
C00257642,2152018.0,600,2018,15,2
C00257642,2132018.0,150,2018,13,2
C00257642,2012018.0,250,2018,01,2
C00257642,2252018.0,300,2018,25,2
C00257642,2162018.0,300,2018,16,2
C00257642,2232018.0,300,2018,23,2
C00257642,2062018.0,15,2018,06,2
C00257642,2132018.0,300,2018,13,2
C00257642,2242018.0,25,2018,24,2
C00257642,2222018.0,150,2018,22,2
C00257642,2282018.0,150,2018,28,2
C00257642,2212018.0,150,2018,21,2
C00257642,2082018.0,300,2018,08,2
C00257642,2042018.0,15,2018,04,2
C00257642,2142018.0,150,2018,14,2
C00257642,2272018.0,150,2018,27,2
C00257642,2032018.0,50,2018,03,2
C00257642,2122018.0,2700,2018,12,2
C00257642,2122018.0,300,2018,12,2
C00257642,2122018.0,300,2018,12,2
C00257642,2092018.0,150,2018,09,2
C00257642,2252018.0,300,2018,25,2
C00257642,2152018.0,100,2018,15,2
C00257642,2052018.0,600,2018,05,2
C00257642,2152018.0,150,2018,15,2
C00257642,2042018.0,150,2018,04,2
C00257642,2212018.0,150,2018,21,2
C00257642,2262018.0,300,2018,26,2
C00257642,2122018.0,300,2018,12,2
C00257642,2042018.0,10,2018,04,2
C00257642,2042018.0,15,2018,04,2
C00257642,2232018.0,300,2018,23,2
C00257642,2212018.0,150,2018,21,2
C00257642,2262018.0,1350,2018,26,2
C00257642,2282018.0,100,2018,28,2
C00257642,2142018.0,35,2018,14,2
C00257642,2252018.0,15,2018,25,2
C00257642,2112018.0,300,2018,11,2
C00257642,2102018.0,300,2018,10,2
C00257642,2212018.0,150,2018,21,2
C00257642,2262018.0,25,2018,26,2
C00257642,2092018.0,450,2018,09,2
C00257642,2272018.0,450,2018,27,2
C00257642,2212018.0,300,2018,21,2
C00257642,2252018.0,300,2018,25,2
C00257642,2242018.0,15,2018,24,2
C00257642,2262018.0,600,2018,26,2
C00257642,2152018.0,150,2018,15,2
C00257642,2282018.0,25,2018,28,2
C00257642,2072018.0,150,2018,07,2
C00257642,2232018.0,25,2018,23,2
C00257642,2082018.0,1500,2018,08,2
C00257642,2222018.0,150,2018,22,2
C00257642,2162018.0,300,2018,16,2
C00257642,2252018.0,20,2018,25,2
C00257642,2032018.0,10,2018,03,2
C00257642,2132018.0,10,2018,13,2
C00257642,2242018.0,5,2018,24,2
C00257642,2072018.0,50,2018,07,2
C00257642,2072018.0,250,2018,07,2
C00257642,2282018.0,100,2018,28,2
C00257642,2232018.0,300,2018,23,2
C00257642,2142018.0,150,2018,14,2
C00257642,2052018.0,500,2018,05,2
C00257642,2042018.0,450,2018,04,2
C00257642,2152018.0,2700,2018,15,2
C00257642,2152018.0,300,2018,15,2
C00257642,2092018.0,0,2018,09,2
C00257642,2242018.0,15,2018,24,2
C00257642,2162018.0,300,2018,16,2
C00257642,2042018.0,35,2018,04,2
C00257642,2022018.0,15,2018,02,2
C00257642,2012018.0,15,2018,01,2
C00257642,2282018.0,25,2018,28,2
C00257642,2092018.0,300,2018,09,2
C00257642,2152018.0,100,2018,15,2
C00257642,2102018.0,150,2018,10,2
C00257642,2092018.0,25,2018,09,2
C00257642,2282018.0,15,2018,28,2
C00257642,2072018.0,300,2018,07,2
C00257642,2082018.0,1500,2018,08,2
C00257642,2102018.0,300,2018,10,2
C00257642,2222018.0,300,2018,22,2
C00257642,2012018.0,25,2018,01,2
C00257642,2052018.0,15,2018,05,2
C00257642,2082018.0,25,2018,08,2
C00257642,2122018.0,150,2018,12,2
C00257642,2072018.0,25,2018,07,2
C00257642,2282018.0,25,2018,28,2
C00257642,2072018.0,25,2018,07,2
C00257642,2072018.0,25,2018,07,2
C00257642,2072018.0,50,2018,07,2
C00257642,2132018.0,75,2018,13,2
C00257642,2132018.0,15,2018,13,2
C00257642,2012018.0,100,2018,01,2
C00257642,2222018.0,25,2018,22,2
C00257642,2282018.0,25,2018,28,2
C00257642,2272018.0,150,2018,27,2
C00257642,2262018.0,35,2018,26,2
C00257642,2262018.0,300,2018,26,2
C00257642,2012018.0,150,2018,01,2
C00257642,2092018.0,10,2018,09,2
C00257642,2202018.0,150,2018,20,2
C00257642,2262018.0,150,2018,26,2
C00257642,2052018.0,100,2018,05,2
C00257642,2122018.0,1500,2018,12,2
C00257642,2282018.0,25,2018,28,2
C00257642,2152018.0,150,2018,15,2
C00257642,2122018.0,300,2018,12,2
C00257642,2152018.0,750,2018,15,2
C00257642,2192018.0,22,2018,19,2
C00257642,2152018.0,150,2018,15,2
C00257642,2272018.0,150,2018,27,2
C00257642,2192018.0,25,2018,19,2
C00257642,2142018.0,15,2018,14,2
C00257642,2262018.0,15,2018,26,2
C00257642,2072018.0,150,2018,07,2
C00257642,2052018.0,300,2018,05,2
C00257642,2142018.0,150,2018,14,2
C00257642,2012018.0,25,2018,01,2
C00257642,2282018.0,15,2018,28,2
C00257642,2192018.0,25,2018,19,2
C00257642,2062018.0,150,2018,06,2
C00257642,2262018.0,150,2018,26,2
C00257642,2062018.0,300,2018,06,2
C00257642,2162018.0,300,2018,16,2
C00257642,2092018.0,300,2018,09,2
C00257642,2022018.0,150,2018,02,2
C00257642,2212018.0,150,2018,21,2
C00257642,2132018.0,150,2018,13,2
C00257642,2032018.0,15,2018,03,2
C00257642,2042018.0,15,2018,04,2
C00257642,2062018.0,150,2018,06,2
C00257642,2262018.0,300,2018,26,2
C00257642,2112018.0,300,2018,11,2
C00257642,2032018.0,10,2018,03,2
C00257642,2072018.0,15,2018,07,2
C00257642,2142018.0,1500,2018,14,2
C00257642,2192018.0,2700,2018,19,2
C00257642,2052018.0,15,2018,05,2
C00257642,2012018.0,25,2018,01,2
C00257642,2222018.0,150,2018,22,2
C00257642,2032018.0,35,2018,03,2
C00257642,2032018.0,10,2018,03,2
C00257642,2092018.0,50,2018,09,2
C00257642,2132018.0,150,2018,13,2
C00257642,2072018.0,10,2018,07,2
C00257642,2282018.0,50,2018,28,2
C00257642,2202018.0,300,2018,20,2
C00257642,2282018.0,25,2018,28,2
C00257642,2092018.0,300,2018,09,2
C00257642,2012018.0,15,2018,01,2
C00257642,2162018.0,300,2018,16,2
C00257642,2022018.0,50,2018,02,2
C00257642,2212018.0,25,2018,21,2
C00257642,2012018.0,15,2018,01,2
C00257642,2212018.0,1500,2018,21,2
C00257642,2232018.0,400,2018,23,2
C00257642,2062018.0,1500,2018,06,2
C00257642,2192018.0,150,2018,19,2
C00257642,2122018.0,150,2018,12,2
C00257642,2272018.0,25,2018,27,2
C00257642,2252018.0,1,2018,25,2
C00257642,2092018.0,300,2018,09,2
C00257642,2162018.0,15,2018,16,2
C00257642,2222018.0,5,2018,22,2
C00257642,2072018.0,35,2018,07,2
C00257642,2062018.0,1000,2018,06,2
C00257642,2132018.0,10,2018,13,2
C00257642,2282018.0,50,2018,28,2
C00257642,2182018.0,25,2018,18,2
C00257642,2122018.0,1000,2018,12,2
C00257642,2052018.0,500,2018,05,2
C00257642,2272018.0,25,2018,27,2
C00257642,2172018.0,12,2018,17,2
C00257642,2142018.0,300,2018,14,2
C00666040,2012018.0,225,2018,01,2
C00666040,2222018.0,250,2018,22,2
C00666040,2142018.0,300,2018,14,2
C00666040,2162018.0,100,2018,16,2
C00666040,2262018.0,250,2018,26,2
C00666040,2082018.0,250,2018,08,2
C00666040,2012018.0,2700,2018,01,2
C00666040,2282018.0,150,2018,28,2
C00666040,2282018.0,500,2018,28,2
C00666040,2012018.0,500,2018,01,2
C00666040,2162018.0,100,2018,16,2
C00666040,2212018.0,250,2018,21,2
C00666040,2142018.0,2700,2018,14,2
C00666040,2282018.0,300,2018,28,2
C00666040,2162018.0,250,2018,16,2
C00666040,2282018.0,500,2018,28,2
C00666040,2012018.0,250,2018,01,2
C00666040,2282018.0,250,2018,28,2
C00666040,2162018.0,200,2018,16,2
C00666040,2262018.0,100,2018,26,2
C00666040,2122018.0,2700,2018,12,2
C00666040,2272018.0,500,2018,27,2
C00666040,2152018.0,140,2018,15,2
C00666040,2162018.0,500,2018,16,2
C00666040,2282018.0,250,2018,28,2
C00666040,2132018.0,100,2018,13,2
C00666040,2152018.0,225,2018,15,2
C00666040,2282018.0,2700,2018,28,2
C00666040,2202018.0,250,2018,20,2
C00666040,2062018.0,400,2018,06,2
C00666040,2212018.0,250,2018,21,2
C00666040,2152018.0,500,2018,15,2
C00666040,2212018.0,400,2018,21,2
C00666040,2162018.0,250,2018,16,2
C00666040,2132018.0,200,2018,13,2
C00666040,2212018.0,200,2018,21,2
C00666040,2052018.0,200,2018,05,2
C00666040,2072018.0,1000,2018,07,2
C00666040,2082018.0,100,2018,08,2
C00666040,2102018.0,500,2018,10,2
C00666040,2012018.0,250,2018,01,2
C00666040,2282018.0,500,2018,28,2
C00666040,2162018.0,100,2018,16,2
C00666040,2282018.0,250,2018,28,2
C00666040,2212018.0,50,2018,21,2
C00666040,2052018.0,500,2018,05,2
C00666040,2282018.0,1000,2018,28,2
C00666040,2012018.0,500,2018,01,2
C00666040,2012018.0,1200,2018,01,2
C00666040,2282018.0,500,2018,28,2
C00666040,2022018.0,250,2018,02,2
C00666040,2212018.0,500,2018,21,2
C00666040,2072018.0,500,2018,07,2
C00666040,2192018.0,500,2018,19,2
C00666040,2252018.0,250,2018,25,2
C00666040,2132018.0,420,2018,13,2
C00666040,2202018.0,1000,2018,20,2
C00666040,2222018.0,250,2018,22,2
C00666040,2212018.0,250,2018,21,2
C00666040,2232018.0,30,2018,23,2
C00666040,2262018.0,250,2018,26,2
C00666040,2212018.0,100,2018,21,2
C00666040,2222018.0,100,2018,22,2
C00666040,2212018.0,500,2018,21,2
C00666040,2202018.0,5000,2018,20,2
C00666040,2152018.0,75,2018,15,2
C00666040,2062018.0,200,2018,06,2
C00666040,2052018.0,200,2018,05,2
C00666040,2282018.0,50,2018,28,2
C00666040,2022018.0,200,2018,02,2
C00666040,2122018.0,200,2018,12,2
C00666040,2122018.0,250,2018,12,2
C00666040,2132018.0,75,2018,13,2
C00666040,2012018.0,500,2018,01,2
C00666040,2162018.0,200,2018,16,2
C00666040,2282018.0,250,2018,28,2
C00666040,2062018.0,250,2018,06,2
C00666040,2152018.0,300,2018,15,2
C00666040,2012018.0,2700,2018,01,2
C00666040,2162018.0,375,2018,16,2
C00666040,2212018.0,90,2018,21,2
C00666040,2012018.0,2700,2018,01,2
C00666040,2212018.0,50,2018,21,2
C00666040,2012018.0,500,2018,01,2
C00666040,2232018.0,50,2018,23,2
C00666040,2142018.0,35,2018,14,2
C00666040,2262018.0,100,2018,26,2
C00666040,2192018.0,255,2018,19,2
C00666040,2012018.0,2700,2018,01,2
C00666040,2142018.0,1000,2018,14,2
C00666040,2222018.0,50,2018,22,2
C00666040,2232018.0,150,2018,23,2
C00666040,2142018.0,300,2018,14,2
C00666040,2162018.0,200,2018,16,2
C00666040,2132018.0,200,2018,13,2
C00666040,2212018.0,250,2018,21,2
C00666040,2072018.0,250,2018,07,2
C00666040,2212018.0,50,2018,21,2
C00666040,2202018.0,300,2018,20,2
C00666040,2212018.0,2700,2018,21,2
C00666040,2012018.0,1500,2018,01,2
C00666040,2282018.0,2700,2018,28,2
C00666040,2012018.0,250,2018,01,2
C00666040,2012018.0,500,2018,01,2
C00666040,2142018.0,110,2018,14,2
C00666040,2132018.0,-400,2018,13,2
C00666040,2142018.0,300,2018,14,2
C00666040,2012018.0,2700,2018,01,2
C00666040,2252018.0,2700,2018,25,2
C00666040,2152018.0,500,2018,15,2
C00666040,2212018.0,100,2018,21,2
C00666040,2282018.0,250,2018,28,2
C00666040,2082018.0,225,2018,08,2
C00666040,2242018.0,100,2018,24,2
C00666040,2062018.0,200,2018,06,2
C00666040,2212018.0,500,2018,21,2
C00666040,2072018.0,1500,2018,07,2
C00666040,2282018.0,250,2018,28,2
C00666040,2012018.0,500,2018,01,2
C00666040,2012018.0,2700,2018,01,2
C00666040,2102018.0,50,2018,10,2
C00666040,2262018.0,250,2018,26,2
C00666040,2142018.0,50,2018,14,2
C00666040,2012018.0,500,2018,01,2
C00666040,2012018.0,1500,2018,01,2
C00666040,2082018.0,200,2018,08,2
C00666040,2232018.0,500,2018,23,2
C00666040,2012018.0,400,2018,01,2
C00666040,2012018.0,2700,2018,01,2
C00666040,2212018.0,200,2018,21,2
C00666040,2062018.0,150,2018,06,2
C00666040,2012018.0,2700,2018,01,2
C00666040,2132018.0,150,2018,13,2
C00666040,2282018.0,250,2018,28,2
C00666040,2162018.0,500,2018,16,2
C00666040,2142018.0,197,2018,14,2
C00666040,2212018.0,100,2018,21,2
C00666040,2192018.0,50,2018,19,2
C00666040,2282018.0,2700,2018,28,2
C00666040,2132018.0,500,2018,13,2
C00666040,2212018.0,250,2018,21,2
C00666040,2212018.0,500,2018,21,2
C00666040,2272018.0,50,2018,27,2
C00666040,2012018.0,100,2018,01,2
C00666040,2162018.0,250,2018,16,2
C00666040,2212018.0,300,2018,21,2
C00666040,2012018.0,2700,2018,01,2
C00666040,2052018.0,110,2018,05,2
C00666040,2162018.0,250,2018,16,2
C00666040,2142018.0,100,2018,14,2
C00666040,2242018.0,45,2018,24,2
C00666040,2082018.0,300,2018,08,2
C00666040,2012018.0,500,2018,01,2
C00666040,2162018.0,200,2018,16,2
C00666040,2212018.0,100,2018,21,2
C00666040,2162018.0,100,2018,16,2
C00666040,2052018.0,1000,2018,05,2
C00666040,2012018.0,200,2018,01,2
C00666040,2202018.0,500,2018,20,2
C00666040,2162018.0,200,2018,16,2
C00666040,2082018.0,210,2018,08,2
C00666040,2162018.0,100,2018,16,2
C00666040,2072018.0,500,2018,07,2
C00666040,2072018.0,200,2018,07,2
C00666040,2012018.0,2700,2018,01,2
C00666040,2212018.0,500,2018,21,2
C00666040,2132018.0,250,2018,13,2
C00666040,2012018.0,250,2018,01,2
C00666040,2012018.0,500,2018,01,2
C00666040,2232018.0,300,2018,23,2
C00666040,2012018.0,1000,2018,01,2
C00666040,2222018.0,50,2018,22,2
C00666040,2282018.0,1000,2018,28,2
C00666040,2012018.0,550,2018,01,2
C00666040,2212018.0,200,2018,21,2
C00666040,2022018.0,250,2018,02,2
C00666040,2132018.0,2700,2018,13,2
C00666040,2262018.0,100,2018,26,2
C00666040,2212018.0,100,2018,21,2
C00666040,2202018.0,110,2018,20,2
C00666040,2122018.0,500,2018,12,2
C00666040,2222018.0,250,2018,22,2
C00666040,2232018.0,200,2018,23,2
C00666040,2162018.0,100,2018,16,2
C00666040,2262018.0,100,2018,26,2
C00666040,2282018.0,250,2018,28,2
C00666040,2082018.0,250,2018,08,2
C00666040,2132018.0,500,2018,13,2
C00666040,2232018.0,250,2018,23,2
C00666040,2162018.0,250,2018,16,2
C00666040,2232018.0,200,2018,23,2
C00666040,2012018.0,250,2018,01,2
C00666040,2012018.0,500,2018,01,2
C00666040,2222018.0,50,2018,22,2
C00666040,2282018.0,2700,2018,28,2
C00666040,2212018.0,51,2018,21,2
C00666040,2012018.0,2000,2018,01,2
C00666040,2282018.0,250,2018,28,2
C00666040,2212018.0,2700,2018,21,2
C00666040,2192018.0,300,2018,19,2
C00666040,2212018.0,200,2018,21,2
C00666040,2212018.0,149,2018,21,2
C00666040,2092018.0,25,2018,09,2
C00666040,2132018.0,2700,2018,13,2
C00666040,2122018.0,400,2018,12,2
C00666040,2282018.0,250,2018,28,2
C00666040,2222018.0,25,2018,22,2
C00666040,2162018.0,150,2018,16,2
C00666040,2052018.0,25,2018,05,2
C00666040,2072018.0,100,2018,07,2
C00666040,2102018.0,250,2018,10,2
C00666040,2012018.0,1500,2018,01,2
C00666040,2012018.0,2700,2018,01,2
C00666040,2282018.0,2700,2018,28,2
C00666040,2012018.0,2700,2018,01,2
C00666040,2052018.0,300,2018,05,2
C00666040,2122018.0,1000,2018,12,2
C00666040,2072018.0,500,2018,07,2
C00666040,2282018.0,1000,2018,28,2
C00666040,2212018.0,250,2018,21,2
C00666040,2132018.0,1000,2018,13,2
C00666040,2222018.0,250,2018,22,2
C00666040,2202018.0,250,2018,20,2
C00666040,2282018.0,500,2018,28,2
C00666040,2012018.0,1000,2018,01,2
C00666040,2232018.0,500,2018,23,2
C00666040,2252018.0,500,2018,25,2
C00666040,2282018.0,250,2018,28,2
C00666040,2122018.0,500,2018,12,2
C00666040,2262018.0,25,2018,26,2
C00666040,2062018.0,400,2018,06,2
C00666040,2142018.0,75,2018,14,2
C00666040,2212018.0,350,2018,21,2
C00666040,2112018.0,500,2018,11,2
C00666040,2012018.0,2700,2018,01,2
C00666040,2232018.0,75,2018,23,2
C00666040,2212018.0,250,2018,21,2
C00666040,2032018.0,500,2018,03,2
C00666040,2102018.0,100,2018,10,2
C00666040,2282018.0,500,2018,28,2
C00666040,2122018.0,600,2018,12,2
C00666040,2192018.0,100,2018,19,2
C00666040,2012018.0,500,2018,01,2
C00666040,2012018.0,400,2018,01,2
C00666040,2282018.0,500,2018,28,2
C00666040,2202018.0,2700,2018,20,2
C00666040,2212018.0,1000,2018,21,2
C00666040,2142018.0,500,2018,14,2
C00666040,2282018.0,250,2018,28,2
C00666040,2062018.0,225,2018,06,2
C00666040,2242018.0,200,2018,24,2
C00666040,2142018.0,100,2018,14,2
C00666040,2212018.0,2700,2018,21,2
C00666040,2242018.0,10,2018,24,2
C00666040,2132018.0,500,2018,13,2
C00666040,2012018.0,250,2018,01,2
C00666040,2232018.0,100,2018,23,2
C00666040,2262018.0,500,2018,26,2
C00666040,2212018.0,100,2018,21,2
C00666040,2212018.0,500,2018,21,2
C00666040,2142018.0,325,2018,14,2
C00666040,2212018.0,100,2018,21,2
C00666040,2112018.0,2700,2018,11,2
C00666040,2282018.0,2700,2018,28,2
C00666040,2222018.0,500,2018,22,2
C00666040,2012018.0,250,2018,01,2
C00666040,2162018.0,100,2018,16,2
C00666040,2162018.0,110,2018,16,2
C00666040,2282018.0,2700,2018,28,2
C00666040,2162018.0,500,2018,16,2
C00666040,2142018.0,25,2018,14,2
C00666040,2122018.0,250,2018,12,2
C00666040,2012018.0,1000,2018,01,2
C00666040,2122018.0,100,2018,12,2
C00666040,2052018.0,150,2018,05,2
C00666040,2052018.0,100,2018,05,2
C00666040,2022018.0,200,2018,02,2
C00666040,2282018.0,250,2018,28,2
C00666040,2142018.0,250,2018,14,2
C00666040,2092018.0,25,2018,09,2
C00666040,2262018.0,1500,2018,26,2
C00666040,2282018.0,500,2018,28,2
C00666040,2132018.0,110,2018,13,2
C00666040,2232018.0,100,2018,23,2
C00666040,2132018.0,500,2018,13,2
C00666040,2012018.0,500,2018,01,2
C00666040,2012018.0,2700,2018,01,2
C00666040,2212018.0,500,2018,21,2
C00666040,2152018.0,500,2018,15,2
C00666040,2162018.0,500,2018,16,2
C00666040,2012018.0,250,2018,01,2
C00666040,2222018.0,35,2018,22,2
C00666040,2282018.0,100,2018,28,2
C00666040,2212018.0,100,2018,21,2
C00666040,2232018.0,250,2018,23,2
C00666040,2012018.0,2700,2018,01,2
C00666040,2262018.0,250,2018,26,2
C00666040,2222018.0,100,2018,22,2
C00666040,2012018.0,40,2018,01,2
C00666040,2152018.0,200,2018,15,2
C00666040,2132018.0,25,2018,13,2
C00666040,2262018.0,1000,2018,26,2
C00666040,2012018.0,1000,2018,01,2
C00666040,2232018.0,500,2018,23,2
C00666040,2162018.0,70,2018,16,2
C00666040,2012018.0,200,2018,01,2
C00666040,2282018.0,250,2018,28,2
C00666040,2142018.0,200,2018,14,2
C00666040,2162018.0,100,2018,16,2
C00666040,2012018.0,500,2018,01,2
C00666040,2202018.0,250,2018,20,2
C00666040,2222018.0,50,2018,22,2
C00666040,2082018.0,300,2018,08,2
C00666040,2222018.0,200,2018,22,2
C00666040,2142018.0,100,2018,14,2
C00666040,2012018.0,500,2018,01,2
C00666040,2172018.0,250,2018,17,2
C00666040,2162018.0,250,2018,16,2
C00666040,2012018.0,1500,2018,01,2
C00666040,2272018.0,35,2018,27,2
C00666040,2012018.0,1000,2018,01,2
C00666040,2262018.0,100,2018,26,2
C00666040,2212018.0,100,2018,21,2
C00666040,2282018.0,100,2018,28,2
C00666040,2132018.0,250,2018,13,2
C00666040,2202018.0,200,2018,20,2
C00666040,2232018.0,100,2018,23,2
C00666040,2072018.0,25,2018,07,2
C00666040,2162018.0,500,2018,16,2
C00666040,2012018.0,500,2018,01,2
C00666040,2232018.0,25,2018,23,2
C00666040,2132018.0,1000,2018,13,2
C00666040,2282018.0,1000,2018,28,2
C00666040,2282018.0,1000,2018,28,2
C00666040,2012018.0,250,2018,01,2
C00666040,2282018.0,1700,2018,28,2
C00666040,2212018.0,100,2018,21,2
C00666040,2012018.0,500,2018,01,2
C00666040,2012018.0,250,2018,01,2
C00666040,2162018.0,300,2018,16,2
C00666040,2072018.0,500,2018,07,2
C00666040,2212018.0,375,2018,21,2
C00666040,2152018.0,500,2018,15,2
C00666040,2262018.0,40,2018,26,2
C00666040,2142018.0,250,2018,14,2
C00666040,2192018.0,200,2018,19,2
C00666040,2262018.0,100,2018,26,2
C00666040,2232018.0,100,2018,23,2
C00666040,2082018.0,50,2018,08,2
C00666040,2162018.0,300,2018,16,2
C00666040,2142018.0,25,2018,14,2
C00666040,2012018.0,2700,2018,01,2
C00666040,2052018.0,90,2018,05,2
C00666040,2212018.0,100,2018,21,2
C00666040,2272018.0,500,2018,27,2
C00666040,2202018.0,50,2018,20,2
C00666040,2202018.0,1000,2018,20,2
C00666040,2262018.0,100,2018,26,2
C00666040,2202018.0,250,2018,20,2
C00666040,2232018.0,250,2018,23,2
C00666040,2282018.0,250,2018,28,2
C00666040,2012018.0,500,2018,01,2
C00666040,2012018.0,300,2018,01,2
C00666040,2252018.0,100,2018,25,2
C00666040,2242018.0,500,2018,24,2
C00666040,2012018.0,500,2018,01,2
C00666040,2062018.0,200,2018,06,2
C00666040,2222018.0,50,2018,22,2
C00666040,2202018.0,100,2018,20,2
C00666040,2202018.0,500,2018,20,2
C00666040,2082018.0,250,2018,08,2
C00666040,2202018.0,1000,2018,20,2
C00666040,2132018.0,100,2018,13,2
C00666040,2142018.0,350,2018,14,2
C00666040,2272018.0,100,2018,27,2
C00666040,2262018.0,250,2018,26,2
C00666040,2012018.0,500,2018,01,2
C00666040,2282018.0,2700,2018,28,2
C00666040,2052018.0,70,2018,05,2
C00666040,2062018.0,375,2018,06,2
C00666040,2242018.0,250,2018,24,2
C00666040,2222018.0,150,2018,22,2
C00666040,2012018.0,300,2018,01,2
C00666040,2142018.0,500,2018,14,2
C00666040,2212018.0,925,2018,21,2
C00666040,2162018.0,200,2018,16,2
C00666040,2202018.0,1800,2018,20,2
C00666040,2212018.0,70,2018,21,2
C00666040,2142018.0,50,2018,14,2
C00666040,2202018.0,50,2018,20,2
C00666040,2142018.0,1000,2018,14,2
C00666040,2012018.0,250,2018,01,2
C00666040,2162018.0,100,2018,16,2
C00666040,2212018.0,2700,2018,21,2
C00666040,2132018.0,50,2018,13,2
C00666040,2012018.0,2700,2018,01,2
C00666040,2202018.0,2700,2018,20,2
C00666040,2262018.0,1000,2018,26,2
C00666040,2142018.0,600,2018,14,2
C00666040,2282018.0,50,2018,28,2
C00666040,2282018.0,700,2018,28,2
C00666040,2232018.0,125,2018,23,2
C00666040,2282018.0,2700,2018,28,2
C00666040,2142018.0,700,2018,14,2
C00666040,2192018.0,400,2018,19,2
C00666040,2262018.0,100,2018,26,2
C00666040,2162018.0,500,2018,16,2
C00666040,2012018.0,250,2018,01,2
C00666040,2192018.0,250,2018,19,2
C00666040,2132018.0,2700,2018,13,2
C00666040,2202018.0,500,2018,20,2
C00666040,2162018.0,200,2018,16,2
C00666040,2232018.0,50,2018,23,2
C00666040,2162018.0,75,2018,16,2
C00666040,2282018.0,2700,2018,28,2
C00666040,2012018.0,2700,2018,01,2
C00666040,2022018.0,250,2018,02,2
C00666040,2012018.0,250,2018,01,2
C00666040,2232018.0,100,2018,23,2
C00666040,2212018.0,500,2018,21,2
C00666040,2232018.0,40,2018,23,2
C00666040,2222018.0,100,2018,22,2
C00666040,2162018.0,500,2018,16,2
C00666040,2272018.0,75,2018,27,2
C00666040,2222018.0,50,2018,22,2
C00666040,2082018.0,200,2018,08,2
C00666040,2222018.0,150,2018,22,2
C00666040,2132018.0,2700,2018,13,2
C00666040,2012018.0,500,2018,01,2
C00666040,2072018.0,2700,2018,07,2
C00666040,2162018.0,50,2018,16,2
C00666040,2072018.0,250,2018,07,2
C00666040,2062018.0,24,2018,06,2
C00666040,2222018.0,250,2018,22,2
C00666040,2162018.0,250,2018,16,2
C00666040,2192018.0,25,2018,19,2
C00666040,2212018.0,250,2018,21,2
C00666040,2162018.0,200,2018,16,2
C00666040,2132018.0,250,2018,13,2
C00666040,2162018.0,100,2018,16,2
C00666040,2012018.0,150,2018,01,2
C00666040,2262018.0,100,2018,26,2
C00666040,2052018.0,375,2018,05,2
C00666040,2012018.0,250,2018,01,2
C00666040,2232018.0,1000,2018,23,2
C00666040,2282018.0,50,2018,28,2
C00666040,2192018.0,500,2018,19,2
C00666040,2282018.0,250,2018,28,2
C00666040,2012018.0,1000,2018,01,2
C00666040,2182018.0,1000,2018,18,2
C00666040,2132018.0,50,2018,13,2
C00666040,2012018.0,250,2018,01,2
C00666040,2232018.0,70,2018,23,2
C00666040,2082018.0,250,2018,08,2
C00666040,2232018.0,20,2018,23,2
C00666040,2212018.0,160,2018,21,2
C00666040,2282018.0,200,2018,28,2
C00666040,2052018.0,250,2018,05,2
C00666040,2012018.0,500,2018,01,2
C00666040,2012018.0,2700,2018,01,2
C00666040,2262018.0,100,2018,26,2
C00666040,2232018.0,100,2018,23,2
C00666040,2262018.0,250,2018,26,2
C00666040,2012018.0,500,2018,01,2
C00666040,2192018.0,100,2018,19,2
C00666040,2012018.0,2700,2018,01,2
C00666040,2262018.0,100,2018,26,2
C00666040,2202018.0,500,2018,20,2
C00666040,2282018.0,1000,2018,28,2
C00666040,2212018.0,100,2018,21,2
C00666040,2062018.0,200,2018,06,2
C00666040,2232018.0,100,2018,23,2
C00666040,2282018.0,1000,2018,28,2
C00666040,2282018.0,750,2018,28,2
C00666040,2282018.0,100,2018,28,2
C00666040,2262018.0,35,2018,26,2
C00666040,2132018.0,500,2018,13,2
C00666040,2282018.0,250,2018,28,2
C00666040,2272018.0,500,2018,27,2
C00666040,2092018.0,1000,2018,09,2
C00666040,2162018.0,500,2018,16,2
C00666040,2102018.0,100,2018,10,2
C00666040,2262018.0,1000,2018,26,2
C00666040,2022018.0,2700,2018,02,2
C00666040,2212018.0,50,2018,21,2
C00666040,2012018.0,250,2018,01,2
C00666040,2212018.0,750,2018,21,2
C00666040,2012018.0,300,2018,01,2
C00666040,2132018.0,2700,2018,13,2
C00666040,2092018.0,250,2018,09,2
C00666040,2282018.0,2700,2018,28,2
C00666040,2142018.0,500,2018,14,2
C00666040,2162018.0,400,2018,16,2
C00666040,2072018.0,150,2018,07,2
C00666040,2282018.0,500,2018,28,2
C00666040,2152018.0,50,2018,15,2
C00666040,2212018.0,150,2018,21,2
C00666040,2132018.0,2700,2018,13,2
C00666040,2162018.0,250,2018,16,2
C00666040,2072018.0,100,2018,07,2
C00666040,2212018.0,100,2018,21,2
C00666040,2162018.0,40,2018,16,2
C00666040,2012018.0,1000,2018,01,2
C00666040,2202018.0,25,2018,20,2
C00666040,2282018.0,150,2018,28,2
C00666040,2282018.0,800,2018,28,2
C00666040,2132018.0,250,2018,13,2
C00666040,2282018.0,250,2018,28,2
C00666040,2162018.0,50,2018,16,2
C00666040,2282018.0,250,2018,28,2
C00666040,2012018.0,500,2018,01,2
C00666040,2282018.0,500,2018,28,2
C00666040,2012018.0,500,2018,01,2
C00666040,2092018.0,25,2018,09,2
C00666040,2202018.0,250,2018,20,2
C00666040,2132018.0,1000,2018,13,2
C00666040,2162018.0,300,2018,16,2
C00666040,2152018.0,200,2018,15,2
C00666040,2212018.0,450,2018,21,2
C00666040,2052018.0,200,2018,05,2
C00666040,2062018.0,50,2018,06,2
C00666040,2132018.0,200,2018,13,2
C00666040,2282018.0,250,2018,28,2
C00666040,2012018.0,2700,2018,01,2
C00666040,2162018.0,100,2018,16,2
C00666040,2082018.0,200,2018,08,2
C00666040,2222018.0,100,2018,22,2
C00666040,2012018.0,90,2018,01,2
C00666040,2282018.0,1000,2018,28,2
C00666040,2012018.0,1000,2018,01,2
C00666040,2152018.0,100,2018,15,2
C00666040,2162018.0,250,2018,16,2
C00666040,2232018.0,250,2018,23,2
C00666040,2232018.0,300,2018,23,2
C00666040,2142018.0,100,2018,14,2
C00666040,2012018.0,2700,2018,01,2
C00666040,2152018.0,250,2018,15,2
C00666040,2082018.0,400,2018,08,2
C00666040,2202018.0,500,2018,20,2
C00666040,2202018.0,500,2018,20,2
C00666040,2122018.0,200,2018,12,2
C00666040,2082018.0,1000,2018,08,2
C00666040,2262018.0,50,2018,26,2
C00666040,2122018.0,250,2018,12,2
C00666040,2012018.0,100,2018,01,2
C00666040,2132018.0,1000,2018,13,2
C00666040,2012018.0,1000,2018,01,2
C00666040,2012018.0,1450,2018,01,2
C00666040,2012018.0,250,2018,01,2
C00666040,2052018.0,150,2018,05,2
C00666040,2162018.0,200,2018,16,2
C00666040,2062018.0,150,2018,06,2
C00666040,2192018.0,225,2018,19,2
C00666040,2282018.0,500,2018,28,2
C00666040,2212018.0,200,2018,21,2
C00666040,2282018.0,250,2018,28,2
C00666040,2132018.0,250,2018,13,2
C00666040,2162018.0,70,2018,16,2
C00666040,2282018.0,500,2018,28,2
C00666040,2202018.0,250,2018,20,2
C00666040,2012018.0,150,2018,01,2
C00666040,2162018.0,75,2018,16,2
C00666040,2012018.0,2700,2018,01,2
C00666040,2062018.0,100,2018,06,2
C00666040,2122018.0,500,2018,12,2
C00666040,2262018.0,250,2018,26,2
C00666040,2062018.0,250,2018,06,2
C00666040,2212018.0,250,2018,21,2
C00666040,2282018.0,100,2018,28,2
C00666040,2282018.0,1200,2018,28,2
C00666040,2162018.0,250,2018,16,2
C00666040,2082018.0,500,2018,08,2
C00666040,2012018.0,700,2018,01,2
C00666040,2202018.0,1000,2018,20,2
C00666040,2282018.0,250,2018,28,2
C00666040,2202018.0,100,2018,20,2
C00666040,2162018.0,300,2018,16,2
C00666040,2262018.0,30,2018,26,2
C00666040,2252018.0,50,2018,25,2
C00666040,2082018.0,500,2018,08,2
C00666040,2142018.0,1000,2018,14,2
C00666040,2232018.0,50,2018,23,2
C00666040,2012018.0,500,2018,01,2
C00666040,2012018.0,500,2018,01,2
C00666040,2222018.0,250,2018,22,2
C00666040,2202018.0,50,2018,20,2
C00666040,2212018.0,1000,2018,21,2
C00666040,2162018.0,250,2018,16,2
C00666040,2162018.0,20,2018,16,2
C00666040,2282018.0,400,2018,28,2
C00666040,2012018.0,1000,2018,01,2
C00666040,2162018.0,200,2018,16,2
C00666040,2052018.0,400,2018,05,2
C00666040,2132018.0,25,2018,13,2
C00666040,2222018.0,1500,2018,22,2
C00666040,2192018.0,500,2018,19,2
C00666040,2062018.0,500,2018,06,2
C00666040,2222018.0,100,2018,22,2
C00666040,2162018.0,200,2018,16,2
C00666040,2212018.0,100,2018,21,2
C00666040,2212018.0,100,2018,21,2
C00666040,2012018.0,2700,2018,01,2
C00666040,2282018.0,2700,2018,28,2
C00666040,2082018.0,200,2018,08,2
C00666040,2232018.0,75,2018,23,2
C00666040,2282018.0,1000,2018,28,2
C00666040,2072018.0,100,2018,07,2
C00666040,2282018.0,150,2018,28,2
C00666040,2092018.0,500,2018,09,2
C00666040,2062018.0,376,2018,06,2
C00666040,2092018.0,2700,2018,09,2
C00666040,2212018.0,100,2018,21,2
C00666040,2132018.0,2700,2018,13,2
C00666040,2232018.0,35,2018,23,2
C00666040,2012018.0,250,2018,01,2
C00666040,2162018.0,500,2018,16,2
C00666040,2192018.0,400,2018,19,2
C00666040,2262018.0,250,2018,26,2
C00666040,2282018.0,250,2018,28,2
C00666040,2262018.0,250,2018,26,2
C00666040,2162018.0,1000,2018,16,2
C00666040,2272018.0,1000,2018,27,2
C00666040,2162018.0,200,2018,16,2
C00666040,2212018.0,300,2018,21,2
C00666040,2082018.0,400,2018,08,2
C00666040,2012018.0,2700,2018,01,2
C00666040,2212018.0,50,2018,21,2
C00666040,2092018.0,100,2018,09,2
C00666040,2222018.0,40,2018,22,2
C00666040,2282018.0,250,2018,28,2
C00666040,2262018.0,35,2018,26,2
C00666040,2132018.0,120,2018,13,2
C00666040,2272018.0,50,2018,27,2
C00666040,2202018.0,500,2018,20,2
C00666040,2142018.0,2700,2018,14,2
C00666040,2232018.0,35,2018,23,2
C00666040,2192018.0,300,2018,19,2
C00666040,2282018.0,40,2018,28,2
C00666040,2262018.0,300,2018,26,2
C00666040,2132018.0,200,2018,13,2
C00666040,2202018.0,1000,2018,20,2
C00666040,2052018.0,50,2018,05,2
C00666040,2212018.0,200,2018,21,2
C00666040,2132018.0,25,2018,13,2
C00666040,2232018.0,2700,2018,23,2
C00666040,2012018.0,250,2018,01,2
C00666040,2282018.0,300,2018,28,2
C00666040,2222018.0,300,2018,22,2
C00666040,2192018.0,400,2018,19,2
C00666040,2072018.0,250,2018,07,2
C00666040,2012018.0,750,2018,01,2
C00666040,2222018.0,500,2018,22,2
C00666040,2142018.0,250,2018,14,2
C00666040,2052018.0,500,2018,05,2
C00666040,2222018.0,15,2018,22,2
C00666040,2012018.0,200,2018,01,2
C00666040,2272018.0,2700,2018,27,2
C00666040,2212018.0,50,2018,21,2
C00666040,2202018.0,2700,2018,20,2
C00666040,2212018.0,25,2018,21,2
C00666040,2162018.0,35,2018,16,2
C00666040,2132018.0,2700,2018,13,2
C00666040,2202018.0,2700,2018,20,2
C00666040,2282018.0,2700,2018,28,2
C00666040,2122018.0,200,2018,12,2
C00666040,2262018.0,50,2018,26,2
C00666040,2012018.0,500,2018,01,2
C00666040,2192018.0,150,2018,19,2
C00666040,2262018.0,300,2018,26,2
C00666040,2242018.0,2700,2018,24,2
C00666040,2162018.0,300,2018,16,2
C00666040,2162018.0,200,2018,16,2
C00666040,2132018.0,500,2018,13,2
C00666040,2012018.0,1000,2018,01,2
C00666040,2282018.0,1500,2018,28,2
C00666040,2282018.0,250,2018,28,2
C00666040,2262018.0,100,2018,26,2
C00666040,2012018.0,1000,2018,01,2
C00666040,2202018.0,2000,2018,20,2
C00666040,2232018.0,300,2018,23,2
C00666040,2212018.0,2700,2018,21,2
C00666040,2202018.0,200,2018,20,2
C00666040,2282018.0,250,2018,28,2
C00666040,2022018.0,2700,2018,02,2
C00666040,2262018.0,250,2018,26,2
C00666040,2242018.0,50,2018,24,2
C00666040,2202018.0,250,2018,20,2
C00666040,2282018.0,250,2018,28,2
C00666040,2272018.0,210,2018,27,2
C00666040,2262018.0,50,2018,26,2
C00666040,2212018.0,200,2018,21,2
C00666040,2092018.0,50,2018,09,2
C00666040,2152018.0,400,2018,15,2
C00666040,2202018.0,50,2018,20,2
C00666040,2282018.0,500,2018,28,2
C00666040,2252018.0,100,2018,25,2
C00666040,2162018.0,70,2018,16,2
C00666040,2282018.0,500,2018,28,2
C00666040,2202018.0,250,2018,20,2
C00666040,2152018.0,50,2018,15,2
C00666040,2152018.0,750,2018,15,2
C00666040,2012018.0,1500,2018,01,2
C00666040,2282018.0,250,2018,28,2
C00666040,2012018.0,1200,2018,01,2
C00666040,2152018.0,100,2018,15,2
C00666040,2262018.0,250,2018,26,2
C00666040,2222018.0,100,2018,22,2
C00666040,2082018.0,100,2018,08,2
C00666040,2232018.0,100,2018,23,2
C00666040,2212018.0,300,2018,21,2
C00666040,2202018.0,50,2018,20,2
C00666040,2142018.0,150,2018,14,2
C00666040,2122018.0,300,2018,12,2
C00666040,2012018.0,500,2018,01,2
C00666040,2072018.0,375,2018,07,2
C00666040,2022018.0,300,2018,02,2
C00666040,2212018.0,300,2018,21,2
C00666040,2132018.0,250,2018,13,2
C00666040,2252018.0,200,2018,25,2
C00666040,2072018.0,150,2018,07,2
C00666040,2012018.0,150,2018,01,2
C00666040,2012018.0,1000,2018,01,2
C00666040,2012018.0,1000,2018,01,2
C00666040,2212018.0,100,2018,21,2
C00666040,2062018.0,250,2018,06,2
C00666040,2282018.0,100,2018,28,2
C00666040,2052018.0,500,2018,05,2
C00666040,2282018.0,25,2018,28,2
C00666040,2242018.0,100,2018,24,2
C00666040,2162018.0,100,2018,16,2
C00666040,2122018.0,30,2018,12,2
C00666040,2052018.0,75,2018,05,2
C00666040,2162018.0,200,2018,16,2
C00666040,2212018.0,200,2018,21,2
C00666040,2162018.0,150,2018,16,2
C00666040,2162018.0,300,2018,16,2
C00666040,2242018.0,100,2018,24,2
C00666040,2282018.0,500,2018,28,2
C00666040,2122018.0,150,2018,12,2
C00666040,2282018.0,700,2018,28,2
C00666040,2112018.0,2700,2018,11,2
C00666040,2232018.0,500,2018,23,2
C00666040,2162018.0,200,2018,16,2
C00666040,2242018.0,25,2018,24,2
C00666040,2212018.0,150,2018,21,2
C00666040,2012018.0,1000,2018,01,2
C00666040,2272018.0,100,2018,27,2
C00666040,2012018.0,1000,2018,01,2
C00666040,2192018.0,70,2018,19,2
C00666040,2232018.0,100,2018,23,2
C00666040,2022018.0,100,2018,02,2
C00666040,2012018.0,500,2018,01,2
C00666040,2282018.0,250,2018,28,2
C00666040,2212018.0,200,2018,21,2
C00666040,2132018.0,100,2018,13,2
C00666040,2132018.0,940,2018,13,2
C00666040,2212018.0,100,2018,21,2
C00666040,2012018.0,500,2018,01,2
C00666040,2212018.0,500,2018,21,2
C00666040,2282018.0,250,2018,28,2
C00666040,2212018.0,250,2018,21,2
C00666040,2162018.0,50,2018,16,2
C00666040,2162018.0,200,2018,16,2
C00666040,2072018.0,25,2018,07,2
C00666040,2262018.0,100,2018,26,2
C00666040,2282018.0,250,2018,28,2
C00666040,2062018.0,150,2018,06,2
C00666040,2162018.0,150,2018,16,2
C00666040,2082018.0,250,2018,08,2
C00666040,2142018.0,100,2018,14,2
C00666040,2222018.0,175,2018,22,2
C00666040,2212018.0,25,2018,21,2
C00666040,2142018.0,2000,2018,14,2
C00666040,2282018.0,1700,2018,28,2
C00666040,2012018.0,2700,2018,01,2
C00666040,2272018.0,250,2018,27,2
C00666040,2052018.0,300,2018,05,2
C00666040,2012018.0,500,2018,01,2
C00666040,2082018.0,100,2018,08,2
C00666040,2212018.0,35,2018,21,2
C00666040,2282018.0,500,2018,28,2
C00666040,2122018.0,-400,2018,12,2
C00666040,2012018.0,250,2018,01,2
C00666040,2212018.0,500,2018,21,2
C00666040,2162018.0,50,2018,16,2
C00666040,2272018.0,2700,2018,27,2
C00666040,2132018.0,140,2018,13,2
C00666040,2162018.0,250,2018,16,2
C00666040,2202018.0,300,2018,20,2
C00666040,2072018.0,250,2018,07,2
C00666040,2162018.0,50,2018,16,2
C00666040,2262018.0,1000,2018,26,2
C00666040,2282018.0,50,2018,28,2
C00666040,2262018.0,500,2018,26,2
C00666040,2232018.0,1000,2018,23,2
C00666040,2222018.0,100,2018,22,2
C00666040,2062018.0,60,2018,06,2
C00666040,2012018.0,1000,2018,01,2
C00666040,2212018.0,200,2018,21,2
C00666040,2132018.0,500,2018,13,2
C00666040,2282018.0,50,2018,28,2
C00666040,2052018.0,100,2018,05,2
C00666040,2282018.0,2700,2018,28,2
C00666040,2202018.0,2700,2018,20,2
C00666040,2202018.0,2700,2018,20,2
C00666040,2272018.0,100,2018,27,2
C00666040,2272018.0,1000,2018,27,2
C00666040,2012018.0,50,2018,01,2
C00666040,2252018.0,2700,2018,25,2
C00666040,2212018.0,50,2018,21,2
C00666040,2132018.0,200,2018,13,2
C00666040,2072018.0,2000,2018,07,2
C00666040,2202018.0,1000,2018,20,2
C00666040,2082018.0,1000,2018,08,2
C00666040,2282018.0,2700,2018,28,2
C00666040,2212018.0,200,2018,21,2
C00666040,2262018.0,100,2018,26,2
C00666040,2262018.0,50,2018,26,2
C00666040,2132018.0,500,2018,13,2
C00666040,2142018.0,250,2018,14,2
C00666040,2192018.0,500,2018,19,2
C00666040,2132018.0,250,2018,13,2
C00666040,2282018.0,1000,2018,28,2
C00666040,2082018.0,180,2018,08,2
C00666040,2212018.0,200,2018,21,2
C00666040,2112018.0,2700,2018,11,2
C00666040,2212018.0,2700,2018,21,2
C00666040,2262018.0,50,2018,26,2
C00666040,2202018.0,500,2018,20,2
C00666040,2212018.0,200,2018,21,2
C00666040,2262018.0,400,2018,26,2
C00666040,2012018.0,250,2018,01,2
C00666040,2062018.0,50,2018,06,2
C00666040,2282018.0,500,2018,28,2
C00666040,2282018.0,2700,2018,28,2
C00666040,2062018.0,150,2018,06,2
C00666040,2122018.0,250,2018,12,2
C00666040,2162018.0,500,2018,16,2
C00666040,2282018.0,500,2018,28,2
C00666040,2012018.0,2700,2018,01,2
C00666040,2212018.0,50,2018,21,2
C00666040,2162018.0,300,2018,16,2
C00666040,2212018.0,100,2018,21,2
C00666040,2142018.0,150,2018,14,2
C00666040,2202018.0,500,2018,20,2
C00666040,2012018.0,500,2018,01,2
C00666040,2262018.0,50,2018,26,2
C00666040,2212018.0,300,2018,21,2
C00666040,2162018.0,50,2018,16,2
C00666040,2262018.0,2000,2018,26,2
C00666040,2012018.0,250,2018,01,2
C00666040,2052018.0,150,2018,05,2
C00666040,2012018.0,500,2018,01,2
C00666040,2282018.0,2700,2018,28,2
C00666040,2072018.0,200,2018,07,2
C00666040,2232018.0,100,2018,23,2
C00666040,2242018.0,100,2018,24,2
C00666040,2262018.0,150,2018,26,2
C00666040,2142018.0,2700,2018,14,2
C00666040,2062018.0,250,2018,06,2
C00666040,2222018.0,250,2018,22,2
C00666040,2192018.0,50,2018,19,2
C00666040,2202018.0,250,2018,20,2
C00666040,2022018.0,500,2018,02,2
C00666040,2232018.0,1000,2018,23,2
C00666040,2162018.0,25,2018,16,2
C00666040,2132018.0,250,2018,13,2
C00666040,2142018.0,500,2018,14,2
C00666040,2142018.0,100,2018,14,2
C00666040,2212018.0,250,2018,21,2
C00666040,2272018.0,100,2018,27,2
C00666040,2182018.0,1000,2018,18,2
C00666040,2262018.0,1000,2018,26,2
C00663658,2222018.0,1350,2018,22,2
C00663658,2132018.0,1000,2018,13,2
C00663658,2142018.0,2700,2018,14,2
C00663658,2122018.0,500,2018,12,2
C00663658,2192018.0,100,2018,19,2
C00663658,2192018.0,250,2018,19,2
C00663658,2222018.0,1350,2018,22,2
C00663658,2152018.0,1000,2018,15,2
C00663658,2012018.0,2700,2018,01,2
C00663658,2012018.0,2700,2018,01,2
C00663658,2012018.0,2700,2018,01,2
C00663658,2012018.0,500,2018,01,2
C00663658,2282018.0,2700,2018,28,2
C00663658,2222018.0,1350,2018,22,2
C00663658,2272018.0,2700,2018,27,2
C00663658,2232018.0,246,2018,23,2
C00663658,2042018.0,846,2018,04,2
C00663658,2092018.0,798,2018,09,2
C00663658,2282018.0,500,2018,28,2
C00663658,2192018.0,1350,2018,19,2
C00663658,2162018.0,1000,2018,16,2
C00663658,2212018.0,250,2018,21,2
C00663658,2232018.0,2700,2018,23,2
C00663658,2082018.0,500,2018,08,2
C00663658,2202018.0,2700,2018,20,2
C00663658,2222018.0,1350,2018,22,2
C00663658,2232018.0,250,2018,23,2
C00663658,2092018.0,2700,2018,09,2
C00663658,2072018.0,2700,2018,07,2
C00663658,2272018.0,300,2018,27,2
C00663658,2222018.0,2700,2018,22,2
C00663658,2082018.0,2700,2018,08,2
C00663658,2272018.0,250,2018,27,2
C00663658,2202018.0,2700,2018,20,2
C00663658,2122018.0,2700,2018,12,2
C00663658,2082018.0,1000,2018,08,2
C00663658,2212018.0,250,2018,21,2
C00663658,2252018.0,250,2018,25,2
C00663658,2212018.0,500,2018,21,2
C00663658,2122018.0,50,2018,12,2
C00663658,2122018.0,5400,2018,12,2
C00663658,2122018.0,-2700,2018,12,2
C00663658,2152018.0,250,2018,15,2
C00663658,2232018.0,250,2018,23,2
C00663658,2222018.0,2700,2018,22,2
C00663658,2142018.0,1000,2018,14,2
C00663658,2232018.0,1000,2018,23,2
C00663658,2092018.0,50,2018,09,2
C00663658,2152018.0,250,2018,15,2
C00663658,2222018.0,500,2018,22,2
C00663658,2012018.0,1000,2018,01,2
C00663658,2012018.0,2700,2018,01,2
C00663658,2202018.0,2700,2018,20,2
C00663658,2222018.0,250,2018,22,2
C00663658,2122018.0,250,2018,12,2
C00663658,2072018.0,2700,2018,07,2
C00663658,2262018.0,250,2018,26,2
C00663658,2052018.0,1000,2018,05,2
C00663658,2222018.0,1350,2018,22,2
C00663658,2062018.0,250,2018,06,2
C00663658,2282018.0,2700,2018,28,2
C00663658,2162018.0,2700,2018,16,2
C00663658,2212018.0,500,2018,21,2
C00663658,2272018.0,2700,2018,27,2
C00663658,2072018.0,246,2018,07,2
C00663658,2232018.0,518,2018,23,2
C00663658,2282018.0,292,2018,28,2
C00663658,2222018.0,314,2018,22,2
C00663658,2282018.0,442,2018,28,2
C00663658,2032018.0,250,2018,03,2
C00663658,2062018.0,2700,2018,06,2
C00663658,2202018.0,250,2018,20,2
C00663658,2072018.0,1000,2018,07,2
C00663658,2172018.0,250,2018,17,2
C00663658,2192018.0,250,2018,19,2
C00663658,2142018.0,250,2018,14,2
C00663658,2282018.0,2700,2018,28,2
C00663658,2212018.0,1000,2018,21,2
C00663658,2232018.0,50,2018,23,2
C00663658,2092018.0,5400,2018,09,2
C00663658,2092018.0,-2700,2018,09,2
C00663658,2092018.0,2700,2018,09,2
C00663658,2132018.0,250,2018,13,2
C00663658,2252018.0,250,2018,25,2
C00663658,2082018.0,2700,2018,08,2
C00663658,2262018.0,250,2018,26,2
C00663658,2122018.0,500,2018,12,2
C00663658,2282018.0,500,2018,28,2
C00663658,2122018.0,2000,2018,12,2
C00663658,2192018.0,300,2018,19,2
C00663658,2142018.0,1000,2018,14,2
C00663658,2202018.0,250,2018,20,2
C00663658,2232018.0,500,2018,23,2
C00663658,2082018.0,2700,2018,08,2
C00663658,2222018.0,1350,2018,22,2
C00663658,2202018.0,-2700,2018,20,2
C00663658,2202018.0,5400,2018,20,2
C00663658,2202018.0,2700,2018,20,2
C00663658,2092018.0,2700,2018,09,2
C00663658,2222018.0,500,2018,22,2
C00663658,2082018.0,500,2018,08,2
C00663658,2122018.0,250,2018,12,2
C00663658,2212018.0,2700,2018,21,2
C00663658,2262018.0,500,2018,26,2
C00663658,2072018.0,2700,2018,07,2
C00663658,2212018.0,500,2018,21,2
C00663658,2072018.0,50,2018,07,2
C00663658,2072018.0,2700,2018,07,2
C00663658,2072018.0,2700,2018,07,2
C00663658,2282018.0,2700,2018,28,2
C00663658,2232018.0,500,2018,23,2
C00663658,2202018.0,250,2018,20,2
C00663658,2012018.0,10800,2018,01,2
C00663658,2012018.0,-8100,2018,01,2
C00663658,2162018.0,2700,2018,16,2
C00663658,2202018.0,2700,2018,20,2
C00663658,2222018.0,700,2018,22,2
C00663658,2212018.0,1000,2018,21,2
C00663658,2062018.0,2700,2018,06,2
C00663658,2152018.0,1000,2018,15,2
C00663658,2162018.0,2700,2018,16,2
C00663658,2192018.0,1350,2018,19,2
C00663658,2202018.0,250,2018,20,2
C00663658,2262018.0,250,2018,26,2
C00663658,2072018.0,1500,2018,07,2
C00663658,2272018.0,2700,2018,27,2
C00663658,2272018.0,1000,2018,27,2
C00663658,2082018.0,2700,2018,08,2
C00663658,2122018.0,5400,2018,12,2
C00663658,2122018.0,-2700,2018,12,2
C00663658,2122018.0,2700,2018,12,2
C00663658,2222018.0,5400,2018,22,2
C00663658,2142018.0,1000,2018,14,2
C00663658,2122018.0,5400,2018,12,2
C00663658,2122018.0,-2700,2018,12,2
C00663658,2122018.0,2700,2018,12,2
C00663658,2222018.0,1000,2018,22,2
C00663658,2222018.0,2700,2018,22,2
C00663658,2262018.0,250,2018,26,2
C00663658,2212018.0,2700,2018,21,2
C00663658,2282018.0,250,2018,28,2
C00663658,2082018.0,2700,2018,08,2
C00663658,2072018.0,2700,2018,07,2
C00663658,2202018.0,1350,2018,20,2
C00663658,2012018.0,2700,2018,01,2
C00663658,2262018.0,500,2018,26,2
C00663658,2222018.0,-2700,2018,22,2
C00663658,2222018.0,2700,2018,22,2
C00663658,2012018.0,2700,2018,01,2
C00663658,2072018.0,2700,2018,07,2
C00663658,2282018.0,250,2018,28,2
C00663658,2272018.0,3750,2018,27,2
C00663658,2272018.0,-1050,2018,27,2
C00663658,2272018.0,1050,2018,27,2
C00663658,2232018.0,1000,2018,23,2
C00663658,2232018.0,250,2018,23,2
C00663658,2222018.0,2700,2018,22,2
C00663658,2222018.0,5400,2018,22,2
C00663658,2222018.0,-2700,2018,22,2
C00663658,2012018.0,5400,2018,01,2
C00663658,2012018.0,2700,2018,01,2
C00663658,2012018.0,-2700,2018,01,2
C00663658,2012018.0,2700,2018,01,2
C00663658,2142018.0,2000,2018,14,2
C00663658,2222018.0,1350,2018,22,2
C00663658,2122018.0,5400,2018,12,2
C00663658,2122018.0,-2700,2018,12,2
C00663658,2122018.0,2700,2018,12,2
C00663658,2232018.0,250,2018,23,2
C00663658,2272018.0,5400,2018,27,2
C00663658,2272018.0,-2700,2018,27,2
C00663658,2272018.0,2700,2018,27,2
C00663658,2062018.0,2700,2018,06,2
C00663658,2062018.0,1000,2018,06,2
C00663658,2072018.0,2700,2018,07,2
C00663658,2152018.0,500,2018,15,2
C00663658,2082018.0,1000,2018,08,2
C00663658,2122018.0,2450,2018,12,2
C00663658,2052018.0,1000,2018,05,2
C00663658,2192018.0,250,2018,19,2
C00663658,2122018.0,1000,2018,12,2
C00663658,2242018.0,150,2018,24,2
C00663658,2072018.0,500,2018,07,2
C00663658,2062018.0,2700,2018,06,2
C00663658,2122018.0,5400,2018,12,2
C00663658,2202018.0,2700,2018,20,2
C00663658,2122018.0,100,2018,12,2
C00663658,2232018.0,250,2018,23,2
C00663658,2202018.0,5400,2018,20,2
C00663658,2202018.0,-2700,2018,20,2
C00663658,2202018.0,2700,2018,20,2
C00663658,2272018.0,500,2018,27,2
C00663658,2282018.0,2700,2018,28,2
C00663658,2052018.0,500,2018,05,2
C00663658,2162018.0,2000,2018,16,2
C00663658,2262018.0,2000,2018,26,2
C00663658,2142018.0,250,2018,14,2
C00663658,2032018.0,250,2018,03,2
C00663658,2172018.0,100,2018,17,2
C00663658,2202018.0,2700,2018,20,2
C00663658,2082018.0,2700,2018,08,2
C00663658,2202018.0,500,2018,20,2
C00663658,2202018.0,5400,2018,20,2
C00663658,2012018.0,2700,2018,01,2
C00663658,2202018.0,-2700,2018,20,2
C00663658,2202018.0,2700,2018,20,2
C00663658,2132018.0,2000,2018,13,2
C00663658,2232018.0,250,2018,23,2
C00663658,2262018.0,25,2018,26,2
C00663658,2202018.0,2700,2018,20,2
C00663658,2202018.0,5400,2018,20,2
C00663658,2202018.0,-2700,2018,20,2
C00663658,2202018.0,2700,2018,20,2
C00663658,2062018.0,2700,2018,06,2
C00663658,2152018.0,700,2018,15,2
C00663658,2272018.0,10800,2018,27,2
C00663658,2272018.0,-8100,2018,27,2
C00663658,2262018.0,250,2018,26,2
C00663658,2202018.0,2700,2018,20,2
C00663658,2212018.0,2700,2018,21,2
C00663658,2262018.0,500,2018,26,2
C00663658,2162018.0,250,2018,16,2
C00663658,2272018.0,2700,2018,27,2
C00663658,2272018.0,2700,2018,27,2
C00663658,2272018.0,2700,2018,27,2
C00663658,2052018.0,250,2018,05,2
C00663658,2082018.0,2700,2018,08,2
C00663658,2062018.0,500,2018,06,2
C00663658,2072018.0,2700,2018,07,2
C00663658,2202018.0,2700,2018,20,2
C00663658,2172018.0,50,2018,17,2
C00663658,2212018.0,1000,2018,21,2
C00663658,2232018.0,2700,2018,23,2
C00663658,2072018.0,2700,2018,07,2
C00663658,2202018.0,2700,2018,20,2
C00663658,2012018.0,5400,2018,01,2
C00663658,2012018.0,-2700,2018,01,2
C00663658,2012018.0,2700,2018,01,2
C00663658,2242018.0,500,2018,24,2
C00663658,2142018.0,250,2018,14,2
C00663658,2262018.0,1000,2018,26,2
C00663658,2082018.0,2700,2018,08,2
C00663658,2012018.0,2700,2018,01,2
C00663658,2142018.0,2700,2018,14,2
C00663658,2162018.0,1350,2018,16,2
C00663658,2272018.0,1000,2018,27,2
C00663658,2112018.0,2700,2018,11,2
C00663658,2072018.0,500,2018,07,2
C00663658,2072018.0,500,2018,07,2
C00663658,2162018.0,500,2018,16,2
C00663658,2012018.0,246,2018,01,2
C00663658,2282018.0,2700,2018,28,2
C00663658,2122018.0,2700,2018,12,2
C00663658,2072018.0,10800,2018,07,2
C00663658,2072018.0,-8100,2018,07,2
C00663658,2072018.0,2700,2018,07,2
C00663658,2152018.0,250,2018,15,2
C00663658,2242018.0,2700,2018,24,2
C00663658,2202018.0,2700,2018,20,2
C00663658,2012018.0,1000,2018,01,2
C00663658,2272018.0,250,2018,27,2
C00663658,2192018.0,2700,2018,19,2
C00663658,2212018.0,2400,2018,21,2
C00663658,2112018.0,2700,2018,11,2
C00663658,2072018.0,250,2018,07,2
C00663658,2202018.0,500,2018,20,2
C00663658,2012018.0,5400,2018,01,2
C00663658,2012018.0,-2700,2018,01,2
C00663658,2012018.0,2700,2018,01,2
C00663658,2222018.0,1000,2018,22,2
C00663658,2282018.0,250,2018,28,2
C00663658,2152018.0,1000,2018,15,2
C00663658,2272018.0,250,2018,27,2
C00663658,2232018.0,2700,2018,23,2
C00663658,2222018.0,2700,2018,22,2
C00663658,2232018.0,500,2018,23,2
C00663658,2232018.0,250,2018,23,2
C00663658,2122018.0,-2700,2018,12,2
C00663658,2122018.0,2700,2018,12,2
C00663658,2212018.0,1700,2018,21,2
C00663658,2222018.0,1350,2018,22,2
C00663658,2222018.0,1350,2018,22,2
C00663658,2092018.0,1000,2018,09,2
C00663658,2072018.0,2700,2018,07,2
C00663658,2172018.0,500,2018,17,2
C00663658,2242018.0,500,2018,24,2
C00663658,2212018.0,1350,2018,21,2
C00663658,2062018.0,16873,2018,06,2
C00663658,2172018.0,333,2018,17,2
C00663658,2062018.0,713,2018,06,2
C00663658,2102018.0,442,2018,10,2
C00663658,2222018.0,2700,2018,22,2
C00663658,2272018.0,1000,2018,27,2
C00663658,2182018.0,500,2018,18,2
C00663658,2182018.0,250,2018,18,2
C00663658,2072018.0,100,2018,07,2
C00663658,2282018.0,250,2018,28,2
C00663658,2072018.0,2700,2018,07,2
C00663658,2252018.0,50,2018,25,2
C00663658,2252018.0,50,2018,25,2
C00663658,2252018.0,50,2018,25,2
C00663658,2252018.0,50,2018,25,2
C00663658,2252018.0,50,2018,25,2
C00443218,2272018.0,500,2018,27,2
C00443218,2082018.0,1000,2018,08,2
C00443218,2272018.0,1000,2018,27,2
C00443218,2142018.0,500,2018,14,2
C00443218,2162018.0,500,2018,16,2
C00443218,2272018.0,1000,2018,27,2
C00443218,2272018.0,500,2018,27,2
C00443218,2052018.0,150,2018,05,2
C00443218,2062018.0,500,2018,06,2
C00443218,2132018.0,400,2018,13,2
C00443218,2132018.0,250,2018,13,2
C00443218,2082018.0,1000,2018,08,2
C00443218,2072018.0,1000,2018,07,2
C00443218,2072018.0,25,2018,07,2
C00443218,2082018.0,1000,2018,08,2
C00443218,2052018.0,500,2018,05,2
C00443218,2162018.0,200,2018,16,2
C00443218,2072018.0,250,2018,07,2
C00443218,2052018.0,150,2018,05,2
C00443218,2132018.0,250,2018,13,2
C00443218,2072018.0,100,2018,07,2
C00443218,2282018.0,2700,2018,28,2
C00443218,2282018.0,2700,2018,28,2
C00443218,2142018.0,1000,2018,14,2
C00443218,2162018.0,1000,2018,16,2
C00443218,2142018.0,1000,2018,14,2
C00443218,2142018.0,250,2018,14,2
C00443218,2222018.0,5,2018,22,2
C00443218,2142018.0,250,2018,14,2
C00443218,2142018.0,250,2018,14,2
C00443218,2142018.0,1000,2018,14,2
C00443218,2162018.0,50,2018,16,2
C00443218,2062018.0,500,2018,06,2
C00443218,2142018.0,500,2018,14,2
C00443218,2072018.0,100,2018,07,2
C00443218,2082018.0,1000,2018,08,2
C00443218,2142018.0,250,2018,14,2
C00443218,2142018.0,1000,2018,14,2
C00443218,2072018.0,1000,2018,07,2
C00443218,2082018.0,1400,2018,08,2
C00443218,2082018.0,1000,2018,08,2
C00443218,2272018.0,1000,2018,27,2
C00443218,2082018.0,1000,2018,08,2
C00443218,2132018.0,500,2018,13,2
C00443218,2132018.0,250,2018,13,2
C00443218,2222018.0,2700,2018,22,2
C00443218,2082018.0,250,2018,08,2
C00443218,2082018.0,250,2018,08,2
C00443218,2022018.0,500,2018,02,2
C00443218,2052018.0,500,2018,05,2
C00443218,2142018.0,250,2018,14,2
C00443218,2282018.0,2700,2018,28,2
C00443218,2282018.0,2700,2018,28,2
C00443218,2072018.0,500,2018,07,2
C00443218,2052018.0,1000,2018,05,2
C00443218,2142018.0,250,2018,14,2
C00443218,2082018.0,2700,2018,08,2
C00443218,2162018.0,250,2018,16,2
C00443218,2212018.0,2700,2018,21,2
C00443218,2282018.0,2700,2018,28,2
C00443218,2272018.0,500,2018,27,2
C00443218,2282018.0,2700,2018,28,2
C00443218,2142018.0,1000,2018,14,2
C00443218,2282018.0,1000,2018,28,2
C00443218,2142018.0,300,2018,14,2
C00443218,2142018.0,500,2018,14,2
C00443218,2132018.0,1000,2018,13,2
C00443218,2062018.0,250,2018,06,2
C00443218,2222018.0,10,2018,22,2
C00443218,2222018.0,500,2018,22,2
C00443218,2212018.0,2700,2018,21,2
C00443218,2072018.0,300,2018,07,2
C00443218,2142018.0,250,2018,14,2
C00443218,2132018.0,50,2018,13,2
C00443218,2082018.0,300,2018,08,2
C00443218,2052018.0,100,2018,05,2
C00443218,2082018.0,1000,2018,08,2
C00443218,2282018.0,1500,2018,28,2
C00443218,2272018.0,500,2018,27,2
C00443218,2052018.0,500,2018,05,2
C00443218,2142018.0,300,2018,14,2
C00443218,2052018.0,100,2018,05,2
C00443218,2162018.0,100,2018,16,2
C00443218,2082018.0,1000,2018,08,2
C00443218,2162018.0,250,2018,16,2
C00443218,2132018.0,35,2018,13,2
C00443218,2162018.0,500,2018,16,2
C00443218,2142018.0,1000,2018,14,2
C00443218,2162018.0,100,2018,16,2
C00443218,2142018.0,25,2018,14,2
C00443218,2132018.0,250,2018,13,2
C00443218,2142018.0,300,2018,14,2
C00443218,2052018.0,25,2018,05,2
C00443218,2142018.0,1000,2018,14,2
C00443218,2082018.0,250,2018,08,2
C00443218,2162018.0,250,2018,16,2
C00443218,2142018.0,1000,2018,14,2
C00443218,2082018.0,1000,2018,08,2
C00443218,2142018.0,500,2018,14,2
C00443218,2082018.0,700,2018,08,2
C00443218,2072018.0,200,2018,07,2
C00443218,2132018.0,50,2018,13,2
C00443218,2212018.0,2700,2018,21,2
C00443218,2142018.0,1000,2018,14,2
C00443218,2072018.0,200,2018,07,2
C00443218,2272018.0,2000,2018,27,2
C00443218,2082018.0,250,2018,08,2
C00443218,2082018.0,250,2018,08,2
C00443218,2082018.0,300,2018,08,2
C00443218,2282018.0,2700,2018,28,2
C00443218,2142018.0,1000,2018,14,2
C00443218,2272018.0,250,2018,27,2
C00443218,2062018.0,500,2018,06,2
C00443218,2162018.0,250,2018,16,2
C00443218,2272018.0,2300,2018,27,2
C00443218,2142018.0,500,2018,14,2
C00443218,2142018.0,1000,2018,14,2
C00443218,2142018.0,500,2018,14,2
C00443218,2072018.0,2000,2018,07,2
C00443218,2142018.0,1000,2018,14,2
C00443218,2142018.0,2500,2018,14,2
C00443218,2142018.0,300,2018,14,2
C00443218,2132018.0,1000,2018,13,2
C00443218,2142018.0,100,2018,14,2
C00443218,2262018.0,1000,2018,26,2
C00443218,2082018.0,1000,2018,08,2
C00443218,2052018.0,1000,2018,05,2
C00443218,2142018.0,50,2018,14,2
C00443218,2072018.0,250,2018,07,2
C00443218,2142018.0,500,2018,14,2
C00443218,2272018.0,1000,2018,27,2
C00443218,2072018.0,2700,2018,07,2
C00443218,2142018.0,250,2018,14,2
C00443218,2082018.0,1000,2018,08,2
C00443218,2082018.0,500,2018,08,2
C00443218,2142018.0,300,2018,14,2
C00443218,2142018.0,250,2018,14,2
C00443218,2142018.0,700,2018,14,2
C00443218,2142018.0,500,2018,14,2
C00443218,2082018.0,250,2018,08,2
C00443218,2072018.0,2700,2018,07,2
C00443218,2272018.0,2500,2018,27,2
C00443218,2142018.0,1000,2018,14,2
C00443218,2142018.0,2000,2018,14,2
C00443218,2052018.0,1000,2018,05,2
C00443218,2072018.0,1000,2018,07,2
C00443218,2072018.0,300,2018,07,2
C00443218,2282018.0,2700,2018,28,2
C00443218,2282018.0,2700,2018,28,2
C00443218,2052018.0,500,2018,05,2
C00443218,2052018.0,250,2018,05,2
C00443218,2272018.0,1000,2018,27,2
C00443218,2072018.0,2700,2018,07,2
C00443218,2072018.0,250,2018,07,2
C00443218,2072018.0,2700,2018,07,2
C00443218,2272018.0,1000,2018,27,2
C00443218,2272018.0,1000,2018,27,2
C00443218,2272018.0,500,2018,27,2
C00443218,2062018.0,500,2018,06,2
C00443218,2272018.0,2000,2018,27,2
C00443218,2142018.0,1000,2018,14,2
C00443218,2142018.0,1000,2018,14,2
C00443218,2072018.0,300,2018,07,2
C00443218,2162018.0,500,2018,16,2
C00443218,2222018.0,25,2018,22,2
C00443218,2142018.0,700,2018,14,2
C00443218,2082018.0,250,2018,08,2
C00443218,2282018.0,2700,2018,28,2
C00443218,2272018.0,2000,2018,27,2
C00443218,2142018.0,1000,2018,14,2
C00443218,2082018.0,1000,2018,08,2
C00443218,2022018.0,20,2018,02,2
C00443218,2142018.0,700,2018,14,2
C00443218,2072018.0,2700,2018,07,2
C00443218,2072018.0,1500,2018,07,2
C00443218,2052018.0,300,2018,05,2
C00443218,2282018.0,250,2018,28,2
C00443218,2282018.0,2700,2018,28,2
C00443218,2072018.0,250,2018,07,2
C00443218,2142018.0,500,2018,14,2
C00443218,2282018.0,2700,2018,28,2
C00443218,2272018.0,2700,2018,27,2
C00443218,2272018.0,1000,2018,27,2
C00443218,2122018.0,25,2018,12,2
C00443218,2142018.0,1000,2018,14,2
C00443218,2052018.0,500,2018,05,2
C00443218,2082018.0,250,2018,08,2
C00443218,2132018.0,50,2018,13,2
C00443218,2082018.0,200,2018,08,2
C00443218,2092018.0,1000,2018,09,2
C00443218,2162018.0,1000,2018,16,2
C00443218,2082018.0,1000,2018,08,2
C00443218,2142018.0,1000,2018,14,2
C00540732,2282018.0,25,2018,28,2
C00540732,2272018.0,19,2018,27,2
C00540732,2062018.0,20,2018,06,2
C00540732,2122018.0,500,2018,12,2
C00540732,2062018.0,15,2018,06,2
C00540732,2212018.0,1000,2018,21,2
C00540732,2212018.0,1000,2018,21,2
C00540732,2282018.0,250,2018,28,2
C00540732,2192018.0,25,2018,19,2
C00540732,2212018.0,1000,2018,21,2
C00540732,2262018.0,10,2018,26,2
C00540732,2212018.0,250,2018,21,2
C00540732,2212018.0,800,2018,21,2
C00540732,2212018.0,-800,2018,21,2
C00540732,2212018.0,10,2018,21,2
C00540732,2272018.0,50,2018,27,2
C00540732,2262018.0,500,2018,26,2
C00540732,2262018.0,100,2018,26,2
C00540732,2282018.0,25,2018,28,2
C00540732,2022018.0,25,2018,02,2
C00540732,2162018.0,20,2018,16,2
C00540732,2022018.0,500,2018,02,2
C00540732,2212018.0,250,2018,21,2
C00540732,2012018.0,25,2018,01,2
C00540732,2212018.0,1000,2018,21,2
C00540732,2022018.0,2000,2018,02,2
C00540732,2272018.0,50,2018,27,2
C00540732,2132018.0,25,2018,13,2
C00540732,2182018.0,15,2018,18,2
C00540732,2262018.0,25,2018,26,2
C00540732,2262018.0,25,2018,26,2
C00540732,2052018.0,15,2018,05,2
C00540732,2262018.0,50,2018,26,2
C00540732,2212018.0,1000,2018,21,2
C00540732,2222018.0,10,2018,22,2
C00540732,2122018.0,500,2018,12,2
C00540732,2262018.0,500,2018,26,2
C00540732,2072018.0,15,2018,07,2
C00540732,2212018.0,250,2018,21,2
C00540732,2012018.0,50,2018,01,2
C00540732,2072018.0,25,2018,07,2
C00540732,2212018.0,1000,2018,21,2
C00445122,2142018.0,1000,2018,14,2
C00445122,2132018.0,100,2018,13,2
C00445122,2222018.0,500,2018,22,2
C00445122,2162018.0,500,2018,16,2
C00445122,2272018.0,5,2018,27,2
C00445122,2162018.0,100,2018,16,2
C00445122,2012018.0,250,2018,01,2
C00445122,2272018.0,100,2018,27,2
C00445122,2282018.0,250,2018,28,2
C00445122,2232018.0,125,2018,23,2
C00445122,2222018.0,200,2018,22,2
C00445122,2162018.0,50,2018,16,2
C00445122,2262018.0,2700,2018,26,2
C00445122,2242018.0,5,2018,24,2
C00445122,2212018.0,500,2018,21,2
C00445122,2262018.0,100,2018,26,2
C00445122,2172018.0,2700,2018,17,2
C00445122,2272018.0,500,2018,27,2
C00445122,2142018.0,500,2018,14,2
C00445122,2132018.0,100,2018,13,2
C00445122,2072018.0,125,2018,07,2
C00445122,2222018.0,2500,2018,22,2
C00445122,2282018.0,250,2018,28,2
C00445122,2212018.0,100,2018,21,2
C00445122,2142018.0,40,2018,14,2
C00445122,2152018.0,50,2018,15,2
C00445122,2282018.0,50,2018,28,2
C00445122,2272018.0,150,2018,27,2
C00445122,2022018.0,10,2018,02,2
C00445122,2162018.0,105,2018,16,2
C00445122,2082018.0,2700,2018,08,2
C00445122,2272018.0,75,2018,27,2
C00445122,2272018.0,105,2018,27,2
C00445122,2282018.0,500,2018,28,2
C00445122,2232018.0,60,2018,23,2
C00445122,2062018.0,1000,2018,06,2
C00445122,2132018.0,200,2018,13,2
C00445122,2132018.0,115,2018,13,2
C00445122,2162018.0,50,2018,16,2
C00445122,2222018.0,100,2018,22,2
C00445122,2272018.0,25,2018,27,2
C00445122,2142018.0,900,2018,14,2
C00445122,2222018.0,2300,2018,22,2
C00445122,2212018.0,200,2018,21,2
C00445122,2272018.0,75,2018,27,2
C00445122,2262018.0,2700,2018,26,2
C00445122,2042018.0,1,2018,04,2
C00445122,2142018.0,200,2018,14,2
C00445122,2272018.0,100,2018,27,2
C00445122,2222018.0,100,2018,22,2
C00445122,2062018.0,100,2018,06,2
C00445122,2202018.0,1000,2018,20,2
C00445122,2212018.0,50,2018,21,2
C00445122,2072018.0,250,2018,07,2
C00445122,2162018.0,100,2018,16,2
C00445122,2262018.0,100,2018,26,2
C00445122,2222018.0,1100,2018,22,2
C00445122,2282018.0,250,2018,28,2
C00445122,2212018.0,2700,2018,21,2
C00445122,2222018.0,1500,2018,22,2
C00445122,2062018.0,500,2018,06,2
C00445122,2272018.0,105,2018,27,2
C00445122,2282018.0,100,2018,28,2
C00445122,2162018.0,500,2018,16,2
C00445122,2212018.0,25,2018,21,2
C00445122,2262018.0,100,2018,26,2
C00445122,2282018.0,250,2018,28,2
C00445122,2122018.0,250,2018,12,2
C00445122,2202018.0,1000,2018,20,2
C00445122,2192018.0,250,2018,19,2
C00445122,2132018.0,200,2018,13,2
C00445122,2162018.0,200,2018,16,2
C00445122,2222018.0,2700,2018,22,2
C00445122,2272018.0,125,2018,27,2
C00445122,2282018.0,50,2018,28,2
C00445122,2282018.0,200,2018,28,2
C00445122,2262018.0,500,2018,26,2
C00445122,2242018.0,5,2018,24,2
C00445122,2282018.0,250,2018,28,2
C00445122,2022018.0,500,2018,02,2
C00445122,2122018.0,400,2018,12,2
C00445122,2272018.0,50,2018,27,2
C00445122,2272018.0,25,2018,27,2
C00445122,2222018.0,125,2018,22,2
C00445122,2262018.0,1000,2018,26,2
C00445122,2072018.0,50,2018,07,2
C00445122,2222018.0,1000,2018,22,2
C00445122,2052018.0,100,2018,05,2
C00445122,2162018.0,100,2018,16,2
C00445122,2052018.0,100,2018,05,2
C00445122,2162018.0,200,2018,16,2
C00445122,2132018.0,1000,2018,13,2
C00445122,2252018.0,5,2018,25,2
C00445122,2242018.0,35,2018,24,2
C00445122,2222018.0,500,2018,22,2
C00445122,2142018.0,100,2018,14,2
C00445122,2222018.0,2700,2018,22,2
C00445122,2232018.0,100,2018,23,2
C00445122,2212018.0,75,2018,21,2
C00445122,2212018.0,500,2018,21,2
C00445122,2062018.0,50,2018,06,2
C00445122,2062018.0,250,2018,06,2
C00445122,2232018.0,125,2018,23,2
C00445122,2222018.0,50,2018,22,2
C00445122,2282018.0,100,2018,28,2
C00445122,2142018.0,75,2018,14,2
C00445122,2072018.0,1000,2018,07,2
C00445122,2272018.0,105,2018,27,2
C00445122,2222018.0,1000,2018,22,2
C00445122,2222018.0,50,2018,22,2
C00445122,2272018.0,250,2018,27,2
C00445122,2272018.0,125,2018,27,2
C00445122,2162018.0,250,2018,16,2
C00445122,2162018.0,100,2018,16,2
C00445122,2082018.0,250,2018,08,2
C00445122,2212018.0,500,2018,21,2
C00445122,2222018.0,1000,2018,22,2
C00445122,2122018.0,10,2018,12,2
C00445122,2282018.0,50,2018,28,2
C00445122,2282018.0,35,2018,28,2
C00445122,2212018.0,2700,2018,21,2
C00445122,2272018.0,5,2018,27,2
C00445122,2132018.0,100,2018,13,2
C00445122,2152018.0,100,2018,15,2
C00445122,2062018.0,2700,2018,06,2
C00445122,2072018.0,250,2018,07,2
C00445122,2222018.0,2500,2018,22,2
C00445122,2212018.0,250,2018,21,2
C00445122,2272018.0,250,2018,27,2
C00445122,2222018.0,55,2018,22,2
C00445122,2212018.0,200,2018,21,2
C00445122,2202018.0,2500,2018,20,2
C00445122,2282018.0,1700,2018,28,2
C00445122,2222018.0,1000,2018,22,2
C00445122,2272018.0,100,2018,27,2
C00445122,2262018.0,2000,2018,26,2
C00445122,2272018.0,100,2018,27,2
C00445122,2212018.0,100,2018,21,2
C00445122,2122018.0,25,2018,12,2
C00445122,2222018.0,1000,2018,22,2
C00445122,2222018.0,2500,2018,22,2
C00445122,2012018.0,250,2018,01,2
C00445122,2062018.0,250,2018,06,2
C00445122,2162018.0,25,2018,16,2
C00445122,2042018.0,1,2018,04,2
C00445122,2092018.0,250,2018,09,2
C00445122,2052018.0,250,2018,05,2
C00445122,2282018.0,150,2018,28,2
C00445122,2252018.0,1,2018,25,2
C00445122,2242018.0,100,2018,24,2
C00445122,2222018.0,1000,2018,22,2
C00445122,2022018.0,5,2018,02,2
C00445122,2062018.0,200,2018,06,2
C00445122,2062018.0,500,2018,06,2
C00445122,2162018.0,50,2018,16,2
C00445122,2162018.0,250,2018,16,2
C00445122,2222018.0,150,2018,22,2
C00445122,2222018.0,500,2018,22,2
C00445122,2232018.0,50,2018,23,2
C00445122,2212018.0,50,2018,21,2
C00445122,2132018.0,125,2018,13,2
C00445122,2222018.0,75,2018,22,2
C00445122,2152018.0,100,2018,15,2
C00445122,2282018.0,250,2018,28,2
C00445122,2072018.0,100,2018,07,2
C00445122,2222018.0,500,2018,22,2
C00445122,2212018.0,2000,2018,21,2
C00445122,2212018.0,100,2018,21,2
C00445122,2042018.0,100,2018,04,2
C00445122,2282018.0,125,2018,28,2
C00445122,2272018.0,500,2018,27,2
C00445122,2272018.0,100,2018,27,2
C00445122,2072018.0,250,2018,07,2
C00445122,2062018.0,250,2018,06,2
C00445122,2142018.0,125,2018,14,2
C00445122,2152018.0,25,2018,15,2
C00445122,2222018.0,1000,2018,22,2
C00445122,2212018.0,250,2018,21,2
C00445122,2062018.0,100,2018,06,2
C00445122,2232018.0,50,2018,23,2
C00445122,2162018.0,125,2018,16,2
C00445122,2022018.0,200,2018,02,2
C00445122,2222018.0,1000,2018,22,2
C00445122,2212018.0,100,2018,21,2
C00445122,2242018.0,100,2018,24,2
C00445122,2252018.0,100,2018,25,2
C00445122,2212018.0,200,2018,21,2
C00445122,2222018.0,50,2018,22,2
C00445122,2162018.0,50,2018,16,2
C00445122,2052018.0,250,2018,05,2
C00445122,2202018.0,1000,2018,20,2
C00445122,2062018.0,250,2018,06,2
C00445122,2132018.0,500,2018,13,2
C00445122,2222018.0,500,2018,22,2
C00445122,2272018.0,100,2018,27,2
C00445122,2222018.0,70,2018,22,2
C00445122,2082018.0,2700,2018,08,2
C00445122,2202018.0,250,2018,20,2
C00445122,2222018.0,100,2018,22,2
C00445122,2212018.0,150,2018,21,2
C00445122,2282018.0,100,2018,28,2
C00445122,2272018.0,500,2018,27,2
C00445122,2262018.0,290,2018,26,2
C00445122,2162018.0,100,2018,16,2
C00445122,2162018.0,100,2018,16,2
C00445122,2222018.0,500,2018,22,2
C00445122,2202018.0,2700,2018,20,2
C00445122,2222018.0,250,2018,22,2
C00445122,2052018.0,500,2018,05,2
C00445122,2062018.0,45,2018,06,2
C00445122,2122018.0,15,2018,12,2
C00445122,2212018.0,50,2018,21,2
C00445122,2222018.0,500,2018,22,2
C00445122,2242018.0,5,2018,24,2
C00445122,2212018.0,50,2018,21,2
C00445122,2222018.0,600,2018,22,2
C00445122,2262018.0,250,2018,26,2
C00445122,2222018.0,1000,2018,22,2
C00445122,2162018.0,500,2018,16,2
C00445122,2032018.0,250,2018,03,2
C00445122,2222018.0,125,2018,22,2
C00445122,2052018.0,200,2018,05,2
C00445122,2222018.0,1700,2018,22,2
C00445122,2082018.0,250,2018,08,2
C00445122,2222018.0,1000,2018,22,2
C00445122,2272018.0,70,2018,27,2
C00445122,2142018.0,250,2018,14,2
C00445122,2222018.0,2600,2018,22,2
C00445122,2252018.0,25,2018,25,2
C00445122,2262018.0,1300,2018,26,2
C00445122,2052018.0,400,2018,05,2
C00445122,2212018.0,35,2018,21,2
C00445122,2262018.0,2700,2018,26,2
C00445122,2132018.0,500,2018,13,2
C00445122,2282018.0,200,2018,28,2
C00445122,2282018.0,100,2018,28,2
C00445122,2212018.0,125,2018,21,2
C00445122,2162018.0,50,2018,16,2
C00445122,2172018.0,2700,2018,17,2
C00445122,2212018.0,500,2018,21,2
C00445122,2122018.0,30,2018,12,2
C00445122,2282018.0,100,2018,28,2
C00445122,2062018.0,1000,2018,06,2
C00445122,2222018.0,100,2018,22,2
C00445122,2082018.0,500,2018,08,2
C00445122,2252018.0,250,2018,25,2
C00445122,2152018.0,500,2018,15,2
C00445122,2132018.0,250,2018,13,2
C00445122,2202018.0,2200,2018,20,2
C00445122,2272018.0,200,2018,27,2
C00445122,2212018.0,200,2018,21,2
C00445122,2132018.0,250,2018,13,2
C00445122,2142018.0,500,2018,14,2
C00445122,2212018.0,100,2018,21,2
C00445122,2112018.0,2700,2018,11,2
C00445122,2252018.0,3,2018,25,2
C00445122,2222018.0,500,2018,22,2
C00445122,2062018.0,500,2018,06,2
C00445122,2072018.0,1000,2018,07,2
C00445122,2272018.0,250,2018,27,2
C00445122,2222018.0,125,2018,22,2
C00445122,2262018.0,100,2018,26,2
C00445122,2132018.0,200,2018,13,2
C00445122,2272018.0,50,2018,27,2
C00445122,2282018.0,200,2018,28,2
C00445122,2222018.0,50,2018,22,2
C00445122,2212018.0,50,2018,21,2
C00445122,2282018.0,25,2018,28,2
C00445122,2132018.0,250,2018,13,2
C00445122,2212018.0,200,2018,21,2
C00445122,2062018.0,100,2018,06,2
C00445122,2212018.0,100,2018,21,2
C00445122,2222018.0,2700,2018,22,2
C00445122,2222018.0,1000,2018,22,2
C00445122,2222018.0,500,2018,22,2
C00445122,2232018.0,500,2018,23,2
C00445122,2272018.0,250,2018,27,2
C00445122,2072018.0,100,2018,07,2
C00445122,2212018.0,60,2018,21,2
C00445122,2272018.0,250,2018,27,2
C00445122,2212018.0,50,2018,21,2
C00445122,2222018.0,500,2018,22,2
C00445122,2112018.0,25,2018,11,2
C00445122,2122018.0,25,2018,12,2
C00445122,2142018.0,125,2018,14,2
C00445122,2092018.0,100,2018,09,2
C00445122,2212018.0,500,2018,21,2
C00445122,2212018.0,200,2018,21,2
C00445122,2062018.0,750,2018,06,2
C00445122,2162018.0,500,2018,16,2
C00445122,2082018.0,1000,2018,08,2
C00445122,2262018.0,25,2018,26,2
C00445122,2282018.0,2700,2018,28,2
C00445122,2272018.0,100,2018,27,2
C00445122,2212018.0,100,2018,21,2
C00445122,2222018.0,500,2018,22,2
C00445122,2222018.0,1000,2018,22,2
C00445122,2052018.0,250,2018,05,2
C00445122,2072018.0,500,2018,07,2
C00445122,2282018.0,40,2018,28,2
C00445122,2052018.0,250,2018,05,2
C00445122,2222018.0,1000,2018,22,2
C00445122,2212018.0,75,2018,21,2
C00445122,2222018.0,1000,2018,22,2
C00445122,2222018.0,500,2018,22,2
C00445122,2222018.0,1000,2018,22,2
C00445122,2282018.0,100,2018,28,2
C00445122,2152018.0,250,2018,15,2
C00445122,2272018.0,100,2018,27,2
C00445122,2272018.0,100,2018,27,2
C00445122,2102018.0,250,2018,10,2
C00445122,2202018.0,500,2018,20,2
C00445122,2272018.0,500,2018,27,2
C00445122,2012018.0,500,2018,01,2
C00445122,2212018.0,500,2018,21,2
C00445122,2022018.0,5,2018,02,2
C00445122,2162018.0,25,2018,16,2
C00445122,2272018.0,100,2018,27,2
C00445122,2282018.0,50,2018,28,2
C00445122,2212018.0,70,2018,21,2
C00445122,2162018.0,40,2018,16,2
C00445122,2222018.0,500,2018,22,2
C00445122,2202018.0,2700,2018,20,2
C00445122,2162018.0,100,2018,16,2
C00445122,2222018.0,1000,2018,22,2
C00445122,2142018.0,500,2018,14,2
C00445122,2262018.0,2700,2018,26,2
C00445122,2222018.0,100,2018,22,2
C00445122,2272018.0,250,2018,27,2
C00445122,2272018.0,100,2018,27,2
C00445122,2162018.0,50,2018,16,2
C00445122,2092018.0,100,2018,09,2
C00445122,2282018.0,500,2018,28,2
C00445122,2132018.0,100,2018,13,2
C00445122,2272018.0,25,2018,27,2
C00445122,2212018.0,200,2018,21,2
C00445122,2282018.0,100,2018,28,2
C00445122,2082018.0,500,2018,08,2
C00445122,2212018.0,25,2018,21,2
C00445122,2072018.0,500,2018,07,2
C00445122,2282018.0,500,2018,28,2
C00445122,2282018.0,250,2018,28,2
C00445122,2062018.0,2700,2018,06,2
C00445122,2062018.0,258,2018,06,2
C00445122,2272018.0,100,2018,27,2
C00445122,2242018.0,5,2018,24,2
C00445122,2282018.0,200,2018,28,2
C00445122,2282018.0,125,2018,28,2
C00445122,2222018.0,500,2018,22,2
C00445122,2222018.0,50,2018,22,2
C00445122,2212018.0,250,2018,21,2
C00445122,2162018.0,500,2018,16,2
C00445122,2272018.0,200,2018,27,2
C00445122,2122018.0,2700,2018,12,2
C00445122,2262018.0,500,2018,26,2
C00445122,2162018.0,1000,2018,16,2
C00445122,2222018.0,100,2018,22,2
C00445122,2282018.0,50,2018,28,2
C00445122,2242018.0,100,2018,24,2
C00445122,2052018.0,200,2018,05,2
C00445122,2142018.0,100,2018,14,2
C00445122,2112018.0,250,2018,11,2
C00445122,2052018.0,200,2018,05,2
C00445122,2222018.0,2500,2018,22,2
C00445122,2162018.0,100,2018,16,2
C00445122,2282018.0,100,2018,28,2
C00445122,2212018.0,25,2018,21,2
C00445122,2272018.0,250,2018,27,2
C00445122,2232018.0,250,2018,23,2
C00445122,2222018.0,500,2018,22,2
C00445122,2222018.0,1000,2018,22,2
C00445122,2272018.0,125,2018,27,2
C00445122,2212018.0,100,2018,21,2
C00445122,2222018.0,500,2018,22,2
C00445122,2132018.0,500,2018,13,2
C00445122,2162018.0,125,2018,16,2
C00445122,2272018.0,200,2018,27,2
C00445122,2122018.0,200,2018,12,2
C00445122,2282018.0,2700,2018,28,2
C00445122,2022018.0,250,2018,02,2
C00445122,2132018.0,500,2018,13,2
C00445122,2132018.0,1500,2018,13,2
C00445122,2152018.0,1000,2018,15,2
C00445122,2162018.0,1000,2018,16,2
C00445122,2142018.0,150,2018,14,2
C00445122,2072018.0,500,2018,07,2
C00445122,2282018.0,500,2018,28,2
C00655522,2072018.0,2700,2018,07,2
C00655522,2072018.0,-500,2018,07,2
C00655522,2072018.0,500,2018,07,2
C00655522,2222018.0,200,2018,22,2
C00655522,2192018.0,250,2018,19,2
C00655522,2152018.0,250,2018,15,2
C00655522,2152018.0,200,2018,15,2
C00655522,2152018.0,500,2018,15,2
C00655522,2282018.0,700,2018,28,2
C00655522,2072018.0,1000,2018,07,2
C00655522,2152018.0,200,2018,15,2
C00655522,2152018.0,100,2018,15,2
C00655522,2282018.0,250,2018,28,2
C00655522,2012018.0,50,2018,01,2
C00655522,2262018.0,2700,2018,26,2
C00655522,2122018.0,100,2018,12,2
C00655522,2122018.0,300,2018,12,2
C00655522,2222018.0,100,2018,22,2
C00655522,2262018.0,500,2018,26,2
C00655522,2282018.0,100,2018,28,2
C00655522,2162018.0,1000,2018,16,2
C00655522,2122018.0,2500,2018,12,2
C00655522,2222018.0,2200,2018,22,2
C00655522,2082018.0,1000,2018,08,2
C00655522,2252018.0,250,2018,25,2
C00655522,2282018.0,500,2018,28,2
C00655522,2192018.0,1000,2018,19,2
C00655522,2152018.0,750,2018,15,2
C00655522,2282018.0,250,2018,28,2
C00655522,2232018.0,500,2018,23,2
C00655522,2122018.0,500,2018,12,2
C00655522,2152018.0,500,2018,15,2
C00655522,2282018.0,2500,2018,28,2
C00655522,2092018.0,2700,2018,09,2
C00655522,2222018.0,200,2018,22,2
C00655522,2282018.0,2700,2018,28,2
C00655522,2062018.0,300,2018,06,2
C00655522,2192018.0,1000,2018,19,2
C00655522,2122018.0,2700,2018,12,2
C00655522,2122018.0,-2700,2018,12,2
C00655522,2122018.0,2700,2018,12,2
C00655522,2122018.0,1000,2018,12,2
C00655522,2282018.0,500,2018,28,2
C00655522,2062018.0,250,2018,06,2
C00655522,2152018.0,250,2018,15,2
C00655522,2152018.0,500,2018,15,2
C00655522,2062018.0,500,2018,06,2
C00655522,2122018.0,300,2018,12,2
C00655522,2282018.0,1000,2018,28,2
C00655522,2082018.0,250,2018,08,2
C00655522,2262018.0,250,2018,26,2
C00655522,2222018.0,200,2018,22,2
C00655522,2282018.0,250,2018,28,2
C00655522,2152018.0,250,2018,15,2
C00655522,2222018.0,500,2018,22,2
C00655522,2062018.0,250,2018,06,2
C00655522,2122018.0,1000,2018,12,2
C00655522,2122018.0,500,2018,12,2
C00655522,2192018.0,300,2018,19,2
C00655522,2122018.0,5400,2018,12,2
C00655522,2122018.0,-2700,2018,12,2
C00655522,2122018.0,2700,2018,12,2
C00655522,2122018.0,500,2018,12,2
C00655522,2122018.0,1000,2018,12,2
C00655522,2282018.0,500,2018,28,2
C00655522,2262018.0,100,2018,26,2
C00655522,2042018.0,250,2018,04,2
C00655522,2122018.0,500,2018,12,2
C00655522,2282018.0,25,2018,28,2
C00655522,2282018.0,-25,2018,28,2
C00655522,2282018.0,25,2018,28,2
C00655522,2122018.0,100,2018,12,2
C00655522,2192018.0,250,2018,19,2
C00655522,2062018.0,250,2018,06,2
C00655522,2152018.0,1000,2018,15,2
C00655522,2012018.0,25,2018,01,2
C00655522,2152018.0,250,2018,15,2
C00655522,2282018.0,500,2018,28,2
C00655522,2282018.0,1000,2018,28,2
C00655522,2262018.0,1000,2018,26,2
C00655522,2282018.0,2700,2018,28,2
C00655522,2282018.0,250,2018,28,2
C00655522,2062018.0,500,2018,06,2
C00655522,2282018.0,500,2018,28,2
C00655522,2262018.0,100,2018,26,2
C00655522,2222018.0,50,2018,22,2
C00655522,2152018.0,500,2018,15,2
C00655522,2152018.0,500,2018,15,2
C00655522,2282018.0,100,2018,28,2
C00655522,2062018.0,250,2018,06,2
C00655522,2262018.0,50,2018,26,2
C00655522,2282018.0,500,2018,28,2
C00655522,2022018.0,500,2018,02,2
C00655522,2262018.0,250,2018,26,2
C00655522,2152018.0,100,2018,15,2
C00655522,2282018.0,2500,2018,28,2
C00655522,2192018.0,100,2018,19,2
C00655522,2152018.0,100,2018,15,2
C00651075,2162018.0,75,2018,16,2
C00651075,2072018.0,400,2018,07,2
C00651075,2202018.0,500,2018,20,2
C00651075,2282018.0,500,2018,28,2
C00651075,2222018.0,2700,2018,22,2
C00651075,2052018.0,50,2018,05,2
C00651075,2222018.0,500,2018,22,2
C00651075,2212018.0,250,2018,21,2
C00651075,2262018.0,1000,2018,26,2
C00651075,2052018.0,100,2018,05,2
C00651075,2282018.0,200,2018,28,2
C00651075,2262018.0,1000,2018,26,2
C00651075,2212018.0,1000,2018,21,2
C00651075,2262018.0,2700,2018,26,2
C00651075,2202018.0,250,2018,20,2
C00651075,2262018.0,1000,2018,26,2
C00651075,2082018.0,50,2018,08,2
C00651075,2282018.0,500,2018,28,2
C00651075,2092018.0,200,2018,09,2
C00651075,2122018.0,250,2018,12,2
C00651075,2092018.0,1000,2018,09,2
C00651075,2192018.0,500,2018,19,2
C00651075,2052018.0,100,2018,05,2
C00651075,2122018.0,500,2018,12,2
C00651075,2262018.0,500,2018,26,2
C00651075,2222018.0,1500,2018,22,2
C00651075,2222018.0,2700,2018,22,2
C00651075,2022018.0,2700,2018,02,2
C00651075,2212018.0,300,2018,21,2
C00651075,2202018.0,2700,2018,20,2
C00651075,2202018.0,250,2018,20,2
C00651075,2062018.0,500,2018,06,2
C00651075,2082018.0,100,2018,08,2
C00651075,2262018.0,1000,2018,26,2
C00651075,2092018.0,35,2018,09,2
C00651075,2222018.0,100,2018,22,2
C00651075,2062018.0,200,2018,06,2
C00651075,2132018.0,500,2018,13,2
C00651075,2142018.0,150,2018,14,2
C00651075,2062018.0,250,2018,06,2
C00651075,2072018.0,100,2018,07,2
C00651075,2192018.0,150,2018,19,2
C00651075,2132018.0,2000,2018,13,2
C00651075,2022018.0,500,2018,02,2
C00651075,2212018.0,190,2018,21,2
C00651075,2282018.0,1000,2018,28,2
C00651075,2202018.0,1000,2018,20,2
C00651075,2272018.0,25,2018,27,2
C00651075,2082018.0,100,2018,08,2
C00651075,2262018.0,500,2018,26,2
C00651075,2162018.0,1000,2018,16,2
C00651075,2062018.0,200,2018,06,2
C00651075,2122018.0,1000,2018,12,2
C00651075,2132018.0,500,2018,13,2
C00651075,2172018.0,250,2018,17,2
C00651075,2072018.0,200,2018,07,2
C00651075,2172018.0,1000,2018,17,2
C00651075,2102018.0,1500,2018,10,2
C00651075,2082018.0,100,2018,08,2
C00651075,2202018.0,1000,2018,20,2
C00651075,2212018.0,100,2018,21,2
C00369033,2022018.0,100,2018,02,2
C00369033,2162018.0,25,2018,16,2
C00369033,2022018.0,100,2018,02,2
C00369033,2282018.0,100,2018,28,2
C00369033,2282018.0,100,2018,28,2
C00369033,2282018.0,2700,2018,28,2
C00369033,2282018.0,50,2018,28,2
C00369033,2202018.0,5400,2018,20,2
C00369033,2282018.0,-2700,2018,28,2
C00369033,2202018.0,500,2018,20,2
C00369033,2162018.0,100,2018,16,2
C00369033,2022018.0,25,2018,02,2
C00369033,2022018.0,100,2018,02,2
C00369033,2282018.0,100,2018,28,2
C00369033,2282018.0,1000,2018,28,2
C00369033,2162018.0,100,2018,16,2
C00369033,2022018.0,50,2018,02,2
C00369033,2162018.0,50,2018,16,2
C00369033,2022018.0,50,2018,02,2
C00369033,2162018.0,50,2018,16,2
C00369033,2022018.0,25,2018,02,2
C00369033,2022018.0,25,2018,02,2
C00369033,2162018.0,25,2018,16,2
C00369033,2282018.0,25,2018,28,2
C00369033,2162018.0,35,2018,16,2
C00369033,2282018.0,35,2018,28,2
C00369033,2282018.0,50,2018,28,2
C00369033,2162018.0,50,2018,16,2
C00369033,2282018.0,50,2018,28,2
C00369033,2162018.0,100,2018,16,2
C00369033,2162018.0,100,2018,16,2
C00369033,2022018.0,250,2018,02,2
C00369033,2022018.0,1000,2018,02,2
C00369033,2162018.0,100,2018,16,2
C00369033,2052018.0,500,2018,05,2
C00369033,2282018.0,200,2018,28,2
C00369033,2022018.0,50,2018,02,2
C00369033,2282018.0,50,2018,28,2
C00369033,2162018.0,25,2018,16,2
C00369033,2162018.0,25,2018,16,2
C00369033,2162018.0,25,2018,16,2
C00369033,2162018.0,100,2018,16,2
C00369033,2162018.0,50,2018,16,2
C00369033,2022018.0,100,2018,02,2
C00369033,2162018.0,100,2018,16,2
C00369033,2162018.0,50,2018,16,2
C00369033,2162018.0,50,2018,16,2
C00369033,2022018.0,25,2018,02,2
C00369033,2162018.0,25,2018,16,2
C00369033,2022018.0,25,2018,02,2
C00369033,2132018.0,-300,2018,13,2
C00369033,2132018.0,300,2018,13,2
C00369033,2162018.0,500,2018,16,2
C00369033,2162018.0,100,2018,16,2
C00369033,2282018.0,100,2018,28,2
C00369033,2052018.0,2700,2018,05,2
C00369033,2162018.0,25,2018,16,2
C00369033,2162018.0,25,2018,16,2
C00369033,2162018.0,50,2018,16,2
C00369033,2282018.0,50,2018,28,2
C00369033,2022018.0,25,2018,02,2
C00369033,2162018.0,10,2018,16,2
C00369033,2282018.0,10,2018,28,2
C00369033,2282018.0,25,2018,28,2
C00369033,2282018.0,100,2018,28,2
C00369033,2162018.0,25,2018,16,2
C00369033,2162018.0,100,2018,16,2
C00369033,2162018.0,1000,2018,16,2
C00369033,2022018.0,25,2018,02,2
C00369033,2162018.0,25,2018,16,2
C00369033,2162018.0,25,2018,16,2
C00369033,2022018.0,10,2018,02,2
C00369033,2022018.0,25,2018,02,2
C00369033,2162018.0,25,2018,16,2
C00369033,2162018.0,35,2018,16,2
C00369033,2282018.0,35,2018,28,2
C00369033,2162018.0,25,2018,16,2
C00369033,2022018.0,50,2018,02,2
C00369033,2162018.0,50,2018,16,2
C00369033,2282018.0,50,2018,28,2
C00369033,2022018.0,50,2018,02,2
C00369033,2162018.0,100,2018,16,2
C00369033,2022018.0,25,2018,02,2
C00369033,2162018.0,250,2018,16,2
C00369033,2282018.0,25,2018,28,2
C00369033,2162018.0,25,2018,16,2
C00369033,2022018.0,50,2018,02,2
C00369033,2282018.0,50,2018,28,2
C00369033,2022018.0,100,2018,02,2
C00369033,2162018.0,500,2018,16,2
C00369033,2022018.0,1000,2018,02,2
C00369033,2282018.0,100,2018,28,2
C00369033,2022018.0,500,2018,02,2
C00369033,2282018.0,100,2018,28,2
C00369033,2282018.0,50,2018,28,2
C00369033,2022018.0,100,2018,02,2
C00369033,2162018.0,25,2018,16,2
C00369033,2162018.0,50,2018,16,2
C00369033,2162018.0,25,2018,16,2
C00369033,2022018.0,500,2018,02,2
C00369033,2162018.0,500,2018,16,2
C00369033,2022018.0,50,2018,02,2
C00369033,2162018.0,50,2018,16,2
C00369033,2022018.0,50,2018,02,2
C00369033,2282018.0,500,2018,28,2
C00369033,2162018.0,100,2018,16,2
C00369033,2202018.0,5400,2018,20,2
C00369033,2202018.0,-2700,2018,20,2
C00369033,2202018.0,2700,2018,20,2
C00369033,2022018.0,100,2018,02,2
C00369033,2162018.0,100,2018,16,2
C00369033,2162018.0,50,2018,16,2
C00369033,2162018.0,100,2018,16,2
C00369033,2022018.0,10,2018,02,2
C00369033,2162018.0,25,2018,16,2
C00369033,2282018.0,10,2018,28,2
C00369033,2162018.0,50,2018,16,2
C00369033,2162018.0,50,2018,16,2
C00369033,2162018.0,25,2018,16,2
C00369033,2022018.0,50,2018,02,2
C00369033,2162018.0,50,2018,16,2
C00369033,2022018.0,25,2018,02,2
C00369033,2282018.0,25,2018,28,2
C00369033,2162018.0,10,2018,16,2
C00369033,2162018.0,5,2018,16,2
C00369033,2282018.0,50,2018,28,2
C00547570,2272018.0,2600,2018,27,2
C00547570,2272018.0,2600,2018,27,2
C00547570,2272018.0,2600,2018,27,2
C00547570,2272018.0,2600,2018,27,2
C00547570,2122018.0,1000,2018,12,2
C00547570,2122018.0,500,2018,12,2
C00547570,2242018.0,75,2018,24,2
C00547570,2012018.0,500,2018,01,2
C00547570,2122018.0,500,2018,12,2
C00547570,2012018.0,2700,2018,01,2
C00547570,2202018.0,2600,2018,20,2
C00547570,2122018.0,2700,2018,12,2
C00547570,2122018.0,2700,2018,12,2
C00547570,2122018.0,2700,2018,12,2
C00547570,2122018.0,2700,2018,12,2
C00547570,2272018.0,2600,2018,27,2
C00547570,2272018.0,2600,2018,27,2
C00547570,2072018.0,5200,2018,07,2
C00547570,2122018.0,1000,2018,12,2
C00547570,2212018.0,500,2018,21,2
C00547570,2212018.0,-300,2018,21,2
C00547570,2212018.0,300,2018,21,2
C00547570,2212018.0,500,2018,21,2
C00547570,2212018.0,-300,2018,21,2
C00547570,2212018.0,300,2018,21,2
C00547570,2202018.0,2700,2018,20,2
C00547570,2202018.0,2700,2018,20,2
C00547570,2202018.0,2700,2018,20,2
C00547570,2272018.0,25,2018,27,2
C00230482,2092018.0,250,2018,09,2
C00498907,2262018.0,150,2018,26,2
C00498907,2162018.0,500,2018,16,2
C00498907,2082018.0,1000,2018,08,2
C00498907,2082018.0,500,2018,08,2
C00498907,2222018.0,1000,2018,22,2
C00498907,2262018.0,150,2018,26,2
C00498907,2082018.0,100,2018,08,2
C00498907,2252018.0,25,2018,25,2
C00498907,2202018.0,35,2018,20,2
C00498907,2082018.0,100,2018,08,2
C00498907,2152018.0,1000,2018,15,2
C00498907,2152018.0,500,2018,15,2
C00498907,2052018.0,500,2018,05,2
C00498907,2262018.0,500,2018,26,2
C00498907,2262018.0,100,2018,26,2
C00498907,2282018.0,1000,2018,28,2
C00498907,2262018.0,1000,2018,26,2
C00498907,2262018.0,2000,2018,26,2
C00498907,2262018.0,1000,2018,26,2
C00498907,2202018.0,75,2018,20,2
C00498907,2262018.0,200,2018,26,2
C00498907,2262018.0,100,2018,26,2
C00498907,2162018.0,100,2018,16,2
C00498907,2262018.0,250,2018,26,2
C00498907,2162018.0,50,2018,16,2
C00498907,2052018.0,100,2018,05,2
C00498907,2012018.0,500,2018,01,2
C00498907,2112018.0,1000,2018,11,2
C00498907,2262018.0,200,2018,26,2
C00498907,2262018.0,200,2018,26,2
C00498907,2082018.0,250,2018,08,2
C00498907,2212018.0,35,2018,21,2
C00498907,2112018.0,20,2018,11,2
C00498907,2052018.0,250,2018,05,2
C00498907,2062018.0,8,2018,06,2
C00498907,2082018.0,5,2018,08,2
C00498907,2112018.0,6,2018,11,2
C00498907,2152018.0,5,2018,15,2
C00498907,2282018.0,200,2018,28,2
C00498907,2252018.0,100,2018,25,2
C00498907,2162018.0,1000,2018,16,2
C00498907,2252018.0,25,2018,25,2
C00498907,2082018.0,250,2018,08,2
C00498907,2162018.0,100,2018,16,2
C00498907,2262018.0,500,2018,26,2
C00498907,2152018.0,1000,2018,15,2
C00498907,2112018.0,85,2018,11,2
C00498907,2262018.0,50,2018,26,2
C00498907,2052018.0,1400,2018,05,2
C00498907,2062018.0,350,2018,06,2
C00498907,2052018.0,1300,2018,05,2
C00498907,2062018.0,650,2018,06,2
C00498907,2282018.0,200,2018,28,2
C00498907,2222018.0,500,2018,22,2
C00498907,2262018.0,500,2018,26,2
C00498907,2052018.0,250,2018,05,2
C00498907,2262018.0,250,2018,26,2
C00498907,2262018.0,300,2018,26,2
C00498907,2122018.0,100,2018,12,2
C00498907,2262018.0,200,2018,26,2
C00498907,2082018.0,10,2018,08,2
C00498907,2152018.0,10,2018,15,2
C00498907,2212018.0,10,2018,21,2
C00498907,2272018.0,25,2018,27,2
C00498907,2212018.0,500,2018,21,2
C00498907,2262018.0,150,2018,26,2
C00498907,2082018.0,100,2018,08,2
C00498907,2262018.0,100,2018,26,2
C00498907,2162018.0,500,2018,16,2
C00498907,2282018.0,250,2018,28,2
C00498907,2252018.0,2700,2018,25,2
C00498907,2182018.0,25,2018,18,2
C00498907,2082018.0,2700,2018,08,2
C00498907,2082018.0,2700,2018,08,2
C00498907,2012018.0,1000,2018,01,2
C00498907,2262018.0,250,2018,26,2
C00498907,2152018.0,1700,2018,15,2
C00498907,2152018.0,-800,2018,15,2
C00498907,2152018.0,800,2018,15,2
C00498907,2282018.0,2000,2018,28,2
C00498907,2122018.0,35,2018,12,2
C00498907,2052018.0,250,2018,05,2
C00498907,2252018.0,2500,2018,25,2
C00498907,2062018.0,500,2018,06,2
C00498907,2042018.0,1000,2018,04,2
C00498907,2262018.0,200,2018,26,2
C00498907,2132018.0,100,2018,13,2
C00498907,2052018.0,250,2018,05,2
C00498907,2012018.0,300,2018,01,2
C00498907,2082018.0,300,2018,08,2
C00498907,2012018.0,2400,2018,01,2
C00498907,2022018.0,2500,2018,02,2
C00498907,2022018.0,500,2018,02,2
C00498907,2022018.0,500,2018,02,2
C00498907,2022018.0,500,2018,02,2
C00498907,2262018.0,100,2018,26,2
C00498907,2262018.0,150,2018,26,2
C00498907,2012018.0,200,2018,01,2
C00498907,2252018.0,-2300,2018,25,2
C00498907,2252018.0,2300,2018,25,2
C00498907,2222018.0,5,2018,22,2
C00498907,2212018.0,5,2018,21,2
C00498907,2152018.0,33,2018,15,2
C00498907,2262018.0,100,2018,26,2
C00498907,2052018.0,100,2018,05,2
C00498907,2262018.0,100,2018,26,2
C00498907,2022018.0,500,2018,02,2
C00498907,2212018.0,250,2018,21,2
C00498907,2152018.0,100,2018,15,2
C00498907,2222018.0,250,2018,22,2
C00498907,2282018.0,500,2018,28,2
C00498907,2202018.0,-400,2018,20,2
C00498907,2202018.0,400,2018,20,2
C00498907,2082018.0,100,2018,08,2
C00498907,2122018.0,100,2018,12,2
C00498907,2212018.0,500,2018,21,2
C00498907,2132018.0,-300,2018,13,2
C00498907,2132018.0,300,2018,13,2
C00498907,2112018.0,250,2018,11,2
C00498907,2172018.0,100,2018,17,2
C00498907,2042018.0,6,2018,04,2
C00498907,2252018.0,50,2018,25,2
C00498907,2262018.0,150,2018,26,2
C00498907,2212018.0,500,2018,21,2
C00498907,2082018.0,35,2018,08,2
C00498907,2252018.0,100,2018,25,2
C00498907,2212018.0,35,2018,21,2
C00498907,2122018.0,-100,2018,12,2
C00498907,2122018.0,100,2018,12,2
C00498907,2082018.0,6,2018,08,2
C00498907,2052018.0,200,2018,05,2
C00498907,2112018.0,500,2018,11,2
C00498907,2252018.0,25,2018,25,2
C00498907,2212018.0,35,2018,21,2
C00498907,2282018.0,100,2018,28,2
C00498907,2262018.0,100,2018,26,2
C00498907,2252018.0,6,2018,25,2
C00498907,2082018.0,10,2018,08,2
C00498907,2082018.0,35,2018,08,2
C00498907,2082018.0,35,2018,08,2
C00498907,2212018.0,50,2018,21,2
C00498907,2082018.0,500,2018,08,2
C00498907,2012018.0,100,2018,01,2
C00498907,2022018.0,50,2018,02,2
C00498907,2052018.0,100,2018,05,2
C00498907,2122018.0,-100,2018,12,2
C00498907,2122018.0,100,2018,12,2
C00498907,2012018.0,20,2018,01,2
C00498907,2282018.0,1000,2018,28,2
C00498907,2152018.0,250,2018,15,2
C00498907,2062018.0,1000,2018,06,2
C00498907,2112018.0,5,2018,11,2
C00498907,2152018.0,3,2018,15,2
C00498907,2272018.0,15,2018,27,2
C00498907,2172018.0,250,2018,17,2
C00498907,2012018.0,51,2018,01,2
C00498907,2262018.0,500,2018,26,2
C00498907,2202018.0,100,2018,20,2
C00498907,2252018.0,-2300,2018,25,2
C00498907,2252018.0,2300,2018,25,2
C00498907,2122018.0,400,2018,12,2
C00498907,2122018.0,1600,2018,12,2
C00498907,2022018.0,2500,2018,02,2
C00498907,2162018.0,20,2018,16,2
C00498907,2062018.0,25,2018,06,2
C00498907,2062018.0,33,2018,06,2
C00498907,2222018.0,1000,2018,22,2
C00498907,2082018.0,500,2018,08,2
C00498907,2252018.0,2500,2018,25,2
C00498907,2082018.0,500,2018,08,2
C00498907,2042018.0,35,2018,04,2
C00498907,2262018.0,500,2018,26,2
C00498907,2262018.0,100,2018,26,2
C00498907,2022018.0,500,2018,02,2
C00498907,2082018.0,500,2018,08,2
C00498907,2252018.0,-2300,2018,25,2
C00498907,2252018.0,2300,2018,25,2
C00498907,2262018.0,250,2018,26,2
C00498907,2222018.0,500,2018,22,2
C00498907,2082018.0,75,2018,08,2
C00498907,2082018.0,250,2018,08,2
C00498907,2222018.0,50,2018,22,2
C00498907,2262018.0,250,2018,26,2
C00498907,2262018.0,250,2018,26,2
C00498907,2262018.0,250,2018,26,2
C00498907,2252018.0,-2300,2018,25,2
C00498907,2252018.0,2300,2018,25,2
C00498907,2022018.0,500,2018,02,2
C00498907,2262018.0,500,2018,26,2
C00498907,2262018.0,2700,2018,26,2
C00498907,2282018.0,100,2018,28,2
C00498907,2202018.0,1000,2018,20,2
C00498907,2262018.0,150,2018,26,2
C00498907,2262018.0,250,2018,26,2
C00498907,2022018.0,500,2018,02,2
C00498907,2282018.0,100,2018,28,2
C00498907,2022018.0,2700,2018,02,2
C00498907,2012018.0,250,2018,01,2
C00498907,2262018.0,50,2018,26,2
C00498907,2262018.0,100,2018,26,2
C00498907,2262018.0,100,2018,26,2
C00498907,2112018.0,250,2018,11,2
C00498907,2252018.0,15,2018,25,2
C00498907,2172018.0,300,2018,17,2
C00498907,2262018.0,100,2018,26,2
C00498907,2182018.0,500,2018,18,2
C00498907,2262018.0,500,2018,26,2
C00498907,2202018.0,100,2018,20,2
C00498907,2272018.0,33,2018,27,2
C00498907,2082018.0,1000,2018,08,2
C00498907,2252018.0,2500,2018,25,2
C00498907,2052018.0,250,2018,05,2
C00498907,2062018.0,200,2018,06,2
C00498907,2122018.0,250,2018,12,2
C00498907,2252018.0,2500,2018,25,2
C00498907,2272018.0,200,2018,27,2
C00498907,2182018.0,500,2018,18,2
C00498907,2022018.0,1000,2018,02,2
C00498907,2022018.0,1000,2018,02,2
C00498907,2172018.0,-300,2018,17,2
C00498907,2262018.0,150,2018,26,2
C00498907,2272018.0,250,2018,27,2
C00498907,2122018.0,2500,2018,12,2
C00498907,2112018.0,500,2018,11,2
C00498907,2062018.0,500,2018,06,2
C00498907,2012018.0,50,2018,01,2
C00498907,2262018.0,1000,2018,26,2
C00498907,2262018.0,250,2018,26,2
C00498907,2172018.0,1000,2018,17,2
C00498907,2112018.0,250,2018,11,2
C00498907,2012018.0,100,2018,01,2
C00498907,2152018.0,200,2018,15,2
C00498907,2262018.0,250,2018,26,2
C00498907,2082018.0,250,2018,08,2
C00498907,2262018.0,100,2018,26,2
C00498907,2012018.0,312,2018,01,2
C00498907,2202018.0,500,2018,20,2
C00498907,2052018.0,1000,2018,05,2
C00498907,2262018.0,750,2018,26,2
C00498907,2262018.0,500,2018,26,2
C00498907,2062018.0,-2700,2018,06,2
C00498907,2062018.0,2700,2018,06,2
C00498907,2262018.0,150,2018,26,2
C00498907,2112018.0,500,2018,11,2
C00498907,2262018.0,250,2018,26,2
C00498907,2172018.0,50,2018,17,2
C00498907,2272018.0,25,2018,27,2
C00498907,2222018.0,100,2018,22,2
C00498907,2232018.0,250,2018,23,2
C00498907,2262018.0,500,2018,26,2
C00498907,2272018.0,25,2018,27,2
C00376939,2122018.0,250,2018,12,2
C00376939,2282018.0,10,2018,28,2
C00376939,2192018.0,50,2018,19,2
C00376939,2262018.0,25,2018,26,2
C00376939,2052018.0,2700,2018,05,2
C00376939,2212018.0,500,2018,21,2
C00376939,2202018.0,2700,2018,20,2
C00376939,2282018.0,50,2018,28,2
C00376939,2072018.0,1000,2018,07,2
C00376939,2212018.0,8100,2018,21,2
C00376939,2212018.0,-5400,2018,21,2
C00376939,2212018.0,5400,2018,21,2
C00376939,2212018.0,-2700,2018,21,2
C00376939,2212018.0,2700,2018,21,2
C00376939,2072018.0,1000,2018,07,2
C00376939,2072018.0,1000,2018,07,2
C00376939,2172018.0,500,2018,17,2
C00376939,2152018.0,500,2018,15,2
C00376939,2212018.0,50,2018,21,2
C00376939,2282018.0,500,2018,28,2
C00376939,2122018.0,100,2018,12,2
C00376939,2072018.0,105,2018,07,2
C00376939,2162018.0,1000,2018,16,2
C00376939,2132018.0,1000,2018,13,2
C00376939,2192018.0,500,2018,19,2
C00376939,2052018.0,2500,2018,05,2
C00376939,2102018.0,50,2018,10,2
C00376939,2282018.0,250,2018,28,2
C00376939,2272018.0,500,2018,27,2
C00376939,2282018.0,1000,2018,28,2
C00376939,2282018.0,5400,2018,28,2
C00376939,2212018.0,2500,2018,21,2
C00376939,2132018.0,2500,2018,13,2
C00376939,2282018.0,-2700,2018,28,2
C00376939,2282018.0,2700,2018,28,2
C00376939,2262018.0,1000,2018,26,2
C00376939,2272018.0,500,2018,27,2
C00376939,2222018.0,-300,2018,22,2
C00376939,2222018.0,300,2018,22,2
C00376939,2072018.0,500,2018,07,2
C00376939,2192018.0,50,2018,19,2
C00376939,2182018.0,50,2018,18,2
C00376939,2282018.0,100,2018,28,2
C00376939,2132018.0,25,2018,13,2
C00376939,2272018.0,250,2018,27,2
C00376939,2212018.0,2500,2018,21,2
C00376939,2202018.0,250,2018,20,2
C00376939,2052018.0,250,2018,05,2
C00376939,2192018.0,50,2018,19,2
C00376939,2272018.0,100,2018,27,2
C00376939,2012018.0,25,2018,01,2
C00376939,2102018.0,50,2018,10,2
C00376939,2122018.0,1000,2018,12,2
C00376939,2072018.0,1000,2018,07,2
C00376939,2072018.0,1000,2018,07,2
C00376939,2272018.0,2700,2018,27,2
C00376939,2272018.0,2700,2018,27,2
C00376939,2122018.0,1000,2018,12,2
C00376939,2142018.0,250,2018,14,2
C00376939,2262018.0,2700,2018,26,2
C00376939,2262018.0,2700,2018,26,2
C00376939,2062018.0,1000,2018,06,2
C00376939,2272018.0,1000,2018,27,2
C00376939,2272018.0,25,2018,27,2
C00376939,2262018.0,500,2018,26,2
C00376939,2132018.0,250,2018,13,2
C00376939,2072018.0,100,2018,07,2
C00376939,2282018.0,1000,2018,28,2
C00376939,2282018.0,-300,2018,28,2
C00376939,2282018.0,300,2018,28,2
C00376939,2132018.0,1000,2018,13,2
C00376939,2282018.0,1700,2018,28,2
C00376939,2092018.0,1500,2018,09,2
C00376939,2072018.0,1000,2018,07,2
C00376939,2062018.0,50,2018,06,2
C00376939,2262018.0,50,2018,26,2
C00376939,2262018.0,50,2018,26,2
C00376939,2282018.0,50,2018,28,2
C00376939,2012018.0,100,2018,01,2
C00376939,2262018.0,100,2018,26,2
C00376939,2132018.0,2500,2018,13,2
C00376939,2102018.0,100,2018,10,2
C00376939,2042018.0,1000,2018,04,2
C00376939,2212018.0,2700,2018,21,2
C00376939,2172018.0,50,2018,17,2
C00376939,2072018.0,500,2018,07,2
C00376939,2172018.0,50,2018,17,2
C00376939,2172018.0,3,2018,17,2
C00376939,2272018.0,2500,2018,27,2
C00376939,2272018.0,-2300,2018,27,2
C00376939,2262018.0,1372,2018,26,2
C00376939,2262018.0,127,2018,26,2
C00376939,2282018.0,1000,2018,28,2
C00376939,2282018.0,1000,2018,28,2
C00376939,2282018.0,500,2018,28,2
C00376939,2142018.0,250,2018,14,2
C00376939,2132018.0,1000,2018,13,2
C00376939,2072018.0,2500,2018,07,2
C00376939,2202018.0,500,2018,20,2
C00376939,2062018.0,50,2018,06,2
C00376939,2132018.0,1000,2018,13,2
C00376939,2082018.0,250,2018,08,2
C00376939,2272018.0,100,2018,27,2
C00376939,2212018.0,500,2018,21,2
C00376939,2152018.0,500,2018,15,2
C00376939,2122018.0,1000,2018,12,2
C00376939,2272018.0,2300,2018,27,2
C00376939,2262018.0,1000,2018,26,2
C00376939,2282018.0,50,2018,28,2
C00376939,2282018.0,25,2018,28,2
C00376939,2202018.0,1000,2018,20,2
C00376939,2082018.0,500,2018,08,2
C00376939,2222018.0,1500,2018,22,2
C00376939,2262018.0,100,2018,26,2
C00376939,2072018.0,50,2018,07,2
C00376939,2102018.0,100,2018,10,2
C00376939,2072018.0,2700,2018,07,2
C00376939,2142018.0,25,2018,14,2
C00376939,2112018.0,100,2018,11,2
C00376939,2262018.0,500,2018,26,2
C00376939,2072018.0,100,2018,07,2
C00376939,2062018.0,50,2018,06,2
C00376939,2132018.0,250,2018,13,2
C00376939,2212018.0,250,2018,21,2
C00376939,2262018.0,500,2018,26,2
C00376939,2122018.0,100,2018,12,2
C00376939,2212018.0,500,2018,21,2
C00376939,2122018.0,1000,2018,12,2
C00376939,2132018.0,50,2018,13,2
C00376939,2092018.0,50,2018,09,2
C00376939,2282018.0,1000,2018,28,2
C00376939,2062018.0,500,2018,06,2
C00376939,2072018.0,500,2018,07,2
C00376939,2052018.0,1000,2018,05,2
C00376939,2132018.0,500,2018,13,2
C00376939,2142018.0,100,2018,14,2
C00376939,2132018.0,25,2018,13,2
C00376939,2142018.0,25,2018,14,2
C00376939,2132018.0,100,2018,13,2
C00376939,2152018.0,500,2018,15,2
C00376939,2172018.0,50,2018,17,2
C00376939,2132018.0,500,2018,13,2
C00376939,2132018.0,25,2018,13,2
C00376939,2122018.0,50,2018,12,2
C00376939,2132018.0,50,2018,13,2
C00376939,2112018.0,25,2018,11,2
C00376939,2142018.0,50,2018,14,2
C00376939,2132018.0,100,2018,13,2
C00376939,2142018.0,250,2018,14,2
C00376939,2132018.0,500,2018,13,2
C00376939,2282018.0,25,2018,28,2
C00376939,2132018.0,25,2018,13,2
C00376939,2262018.0,25,2018,26,2
C00376939,2052018.0,1000,2018,05,2
C00376939,2212018.0,400,2018,21,2
C00376939,2132018.0,1000,2018,13,2
C00376939,2132018.0,1000,2018,13,2
C00376939,2162018.0,50,2018,16,2
C00376939,2182018.0,50,2018,18,2
C00376939,2212018.0,250,2018,21,2
C00376939,2272018.0,2700,2018,27,2
C00376939,2222018.0,250,2018,22,2
C00376939,2082018.0,250,2018,08,2
C00376939,2212018.0,1000,2018,21,2
C00376939,2272018.0,100,2018,27,2
C00376939,2182018.0,25,2018,18,2
C00376939,2282018.0,25,2018,28,2
C00376939,2122018.0,1000,2018,12,2
C00376939,2122018.0,500,2018,12,2
C00376939,2122018.0,300,2018,12,2
C00376939,2082018.0,2300,2018,08,2
C00376939,2072018.0,1000,2018,07,2
C00376939,2122018.0,500,2018,12,2
C00376939,2012018.0,2700,2018,01,2
C00376939,2102018.0,50,2018,10,2
C00376939,2192018.0,25,2018,19,2
C00376939,2282018.0,100,2018,28,2
C00376939,2072018.0,1000,2018,07,2
C00376939,2202018.0,10,2018,20,2
C00376939,2212018.0,1000,2018,21,2
C00376939,2122018.0,500,2018,12,2
C00376939,2072018.0,1000,2018,07,2
C00376939,2082018.0,500,2018,08,2
C00376939,2072018.0,100,2018,07,2
C00376939,2062018.0,1000,2018,06,2
C00376939,2082018.0,1000,2018,08,2
C00376939,2222018.0,500,2018,22,2
C00376939,2182018.0,5,2018,18,2
C00376939,2212018.0,50,2018,21,2
C00376939,2222018.0,300,2018,22,2
C00376939,2262018.0,1000,2018,26,2
C00376939,2172018.0,100,2018,17,2
C00376939,2202018.0,100,2018,20,2
C00376939,2072018.0,500,2018,07,2
C00376939,2262018.0,1000,2018,26,2
C00376939,2262018.0,-800,2018,26,2
C00376939,2262018.0,800,2018,26,2
C00376939,2052018.0,500,2018,05,2
C00376939,2072018.0,1000,2018,07,2
C00376939,2262018.0,100,2018,26,2
C00376939,2072018.0,100,2018,07,2
C00376939,2272018.0,250,2018,27,2
C00376939,2082018.0,500,2018,08,2
C00376939,2272018.0,250,2018,27,2
C00376939,2172018.0,250,2018,17,2
C00376939,2202018.0,2000,2018,20,2
C00376939,2172018.0,50,2018,17,2
C00376939,2272018.0,500,2018,27,2
C00376939,2062018.0,2700,2018,06,2
C00376939,2272018.0,1000,2018,27,2
C00376939,2142018.0,2700,2018,14,2
C00376939,2092018.0,25,2018,09,2
C00376939,2212018.0,500,2018,21,2
C00376939,2262018.0,1000,2018,26,2
C00376939,2272018.0,100,2018,27,2
C00376939,2272018.0,2700,2018,27,2
C00376939,2102018.0,50,2018,10,2
C00376939,2272018.0,50,2018,27,2
C00376939,2212018.0,-200,2018,21,2
C00376939,2212018.0,200,2018,21,2
C00376939,2262018.0,1000,2018,26,2
C00376939,2062018.0,-2550,2018,06,2
C00376939,2062018.0,2550,2018,06,2
C00376939,2282018.0,50,2018,28,2
C00376939,2052018.0,100,2018,05,2
C00376939,2132018.0,1000,2018,13,2
C00376939,2212018.0,500,2018,21,2
C00376939,2212018.0,250,2018,21,2
C00376939,2072018.0,2700,2018,07,2
C00376939,2072018.0,500,2018,07,2
C00376939,2132018.0,1000,2018,13,2
C00376939,2122018.0,50,2018,12,2
C00376939,2192018.0,1000,2018,19,2
C00376939,2072018.0,5400,2018,07,2
C00376939,2072018.0,-2700,2018,07,2
C00376939,2072018.0,2700,2018,07,2
C00376939,2092018.0,500,2018,09,2
C00376939,2012018.0,100,2018,01,2
C00376939,2202018.0,500,2018,20,2
C00376939,2132018.0,1000,2018,13,2
C00376939,2262018.0,2700,2018,26,2
C00376939,2202018.0,5,2018,20,2
C00376939,2202018.0,5,2018,20,2
C00376939,2202018.0,5,2018,20,2
C00376939,2202018.0,5,2018,20,2
C00376939,2212018.0,5,2018,21,2
C00376939,2202018.0,5,2018,20,2
C00376939,2222018.0,5,2018,22,2
C00376939,2202018.0,5,2018,20,2
C00376939,2272018.0,5,2018,27,2
C00376939,2062018.0,500,2018,06,2
C00376939,2232018.0,2000,2018,23,2
C00376939,2122018.0,1000,2018,12,2
C00376939,2222018.0,100,2018,22,2
C00376939,2272018.0,100,2018,27,2
C00376939,2122018.0,2500,2018,12,2
C00376939,2082018.0,5000,2018,08,2
C00376939,2082018.0,250,2018,08,2
C00376939,2082018.0,-2300,2018,08,2
C00376939,2132018.0,1000,2018,13,2
C00376939,2262018.0,500,2018,26,2
C00376939,2072018.0,5400,2018,07,2
C00376939,2072018.0,-2700,2018,07,2
C00376939,2072018.0,2700,2018,07,2
C00376939,2032018.0,5400,2018,03,2
C00376939,2032018.0,-2700,2018,03,2
C00376939,2092018.0,50,2018,09,2
C00376939,2082018.0,250,2018,08,2
C00376939,2092018.0,250,2018,09,2
C00376939,2132018.0,2500,2018,13,2
C00376939,2282018.0,50,2018,28,2
C00376939,2062018.0,50,2018,06,2
C00376939,2012018.0,1000,2018,01,2
C00376939,2272018.0,500,2018,27,2
C00376939,2072018.0,1000,2018,07,2
C00376939,2062018.0,50,2018,06,2
C00376939,2012018.0,100,2018,01,2
C00376939,2052018.0,100,2018,05,2
C00376939,2172018.0,50,2018,17,2
C00376939,2212018.0,500,2018,21,2
C00376939,2262018.0,1000,2018,26,2
C00376939,2152018.0,1000,2018,15,2
C00376939,2072018.0,100,2018,07,2
C00376939,2072018.0,100,2018,07,2
C00376939,2152018.0,1000,2018,15,2
C00376939,2052018.0,2700,2018,05,2
C00376939,2162018.0,250,2018,16,2
C00376939,2132018.0,200,2018,13,2
C00376939,2192018.0,250,2018,19,2
C00376939,2212018.0,500,2018,21,2
C00376939,2282018.0,250,2018,28,2
C00376939,2082018.0,500,2018,08,2
C00376939,2212018.0,500,2018,21,2
C00376939,2072018.0,2700,2018,07,2
C00376939,2032018.0,1000,2018,03,2
C00376939,2032018.0,-400,2018,03,2
C00376939,2032018.0,400,2018,03,2
C00376939,2252018.0,500,2018,25,2
C00376939,2122018.0,50,2018,12,2
C00376939,2172018.0,25,2018,17,2
C00376939,2272018.0,25,2018,27,2
C00376939,2282018.0,25,2018,28,2
C00376939,2122018.0,1200,2018,12,2
C00376939,2082018.0,20,2018,08,2
C00376939,2262018.0,1000,2018,26,2
C00376939,2132018.0,250,2018,13,2
C00376939,2222018.0,250,2018,22,2
C00376939,2032018.0,2700,2018,03,2
C00376939,2182018.0,40,2018,18,2
C00376939,2262018.0,2700,2018,26,2
C00376939,2172018.0,20,2018,17,2
C00376939,2132018.0,2000,2018,13,2
C00376939,2122018.0,300,2018,12,2
C00376939,2282018.0,1500,2018,28,2
C00376939,2132018.0,1000,2018,13,2
C00376939,2072018.0,300,2018,07,2
C00376939,2072018.0,1000,2018,07,2
C00376939,2132018.0,2700,2018,13,2
C00376939,2132018.0,2700,2018,13,2
C00376939,2122018.0,1000,2018,12,2
C00376939,2082018.0,100,2018,08,2
C00376939,2272018.0,250,2018,27,2
C00376939,2192018.0,1000,2018,19,2
C00376939,2272018.0,1500,2018,27,2
C00376939,2282018.0,50,2018,28,2
C00376939,2262018.0,100,2018,26,2
C00376939,2282018.0,100,2018,28,2
C00376939,2072018.0,500,2018,07,2
C00376939,2132018.0,500,2018,13,2
C00376939,2192018.0,500,2018,19,2
C00376939,2132018.0,2700,2018,13,2
C00376939,2272018.0,5400,2018,27,2
C00376939,2212018.0,500,2018,21,2
C00376939,2132018.0,500,2018,13,2
C00376939,2262018.0,7300,2018,26,2
C00376939,2272018.0,1000,2018,27,2
C00376939,2212018.0,2500,2018,21,2
C00376939,2072018.0,500,2018,07,2
C00376939,2132018.0,10,2018,13,2
C00376939,2132018.0,50,2018,13,2
C00376939,2072018.0,500,2018,07,2
C00376939,2122018.0,100,2018,12,2
C00376939,2082018.0,2700,2018,08,2
C00376939,2212018.0,200,2018,21,2
C00376939,2212018.0,25,2018,21,2
C00376939,2212018.0,1500,2018,21,2
C00376939,2212018.0,1500,2018,21,2
C00376939,2212018.0,1000,2018,21,2
C00376939,2212018.0,500,2018,21,2
C00376939,2272018.0,500,2018,27,2
C00376939,2232018.0,2700,2018,23,2
C00376939,2162018.0,1000,2018,16,2
C00376939,2212018.0,250,2018,21,2
C00376939,2212018.0,100,2018,21,2
C00376939,2172018.0,500,2018,17,2
C00376939,2212018.0,500,2018,21,2
C00376939,2262018.0,2700,2018,26,2
C00376939,2242018.0,500,2018,24,2
C00376939,2072018.0,500,2018,07,2
C00376939,2272018.0,500,2018,27,2
C00376939,2132018.0,1000,2018,13,2
C00376939,2272018.0,500,2018,27,2
C00376939,2142018.0,100,2018,14,2
C00376939,2282018.0,500,2018,28,2
C00376939,2172018.0,25,2018,17,2
C00376939,2092018.0,100,2018,09,2
C00376939,2212018.0,100,2018,21,2
C00376939,2192018.0,250,2018,19,2
C00376939,2102018.0,50,2018,10,2
C00376939,2072018.0,1350,2018,07,2
C00376939,2072018.0,1350,2018,07,2
C00376939,2082018.0,50,2018,08,2
C00376939,2132018.0,1000,2018,13,2
C00376939,2122018.0,50,2018,12,2
C00376939,2142018.0,500,2018,14,2
C00376939,2282018.0,25,2018,28,2
C00376939,2052018.0,100,2018,05,2
C00376939,2262018.0,2700,2018,26,2
C00376939,2262018.0,2700,2018,26,2
C00376939,2082018.0,1000,2018,08,2
C00376939,2222018.0,250,2018,22,2
C00376939,2072018.0,50,2018,07,2
C00376939,2262018.0,1500,2018,26,2
C00376939,2122018.0,25,2018,12,2
C00376939,2132018.0,-2700,2018,13,2
C00376939,2132018.0,5400,2018,13,2
C00376939,2132018.0,2700,2018,13,2
C00376939,2272018.0,25,2018,27,2
C00376939,2212018.0,500,2018,21,2
C00376939,2272018.0,1700,2018,27,2
C00376939,2072018.0,1000,2018,07,2
C00376939,2262018.0,500,2018,26,2
C00376939,2052018.0,1000,2018,05,2
C00376939,2052018.0,-300,2018,05,2
C00376939,2052018.0,300,2018,05,2
C00376939,2022018.0,1000,2018,02,2
C00376939,2122018.0,100,2018,12,2
C00376939,2282018.0,500,2018,28,2
C00376939,2272018.0,1000,2018,27,2
C00376939,2072018.0,1000,2018,07,2
C00376939,2222018.0,500,2018,22,2
C00376939,2272018.0,100,2018,27,2
C00376939,2052018.0,500,2018,05,2
C00376939,2152018.0,50,2018,15,2
C00376939,2052018.0,500,2018,05,2
C00376939,2122018.0,250,2018,12,2
C00376939,2122018.0,250,2018,12,2
C00376939,2262018.0,2700,2018,26,2
C00376939,2062018.0,500,2018,06,2
C00376939,2132018.0,500,2018,13,2
C00376939,2282018.0,1000,2018,28,2
C00376939,2132018.0,2500,2018,13,2
C00376939,2132018.0,100,2018,13,2
C00376939,2222018.0,1000,2018,22,2
C00376939,2212018.0,1000,2018,21,2
C00376939,2272018.0,250,2018,27,2
C00376939,2142018.0,100,2018,14,2
C00376939,2132018.0,50,2018,13,2
C00376939,2132018.0,1000,2018,13,2
C00376939,2152018.0,50,2018,15,2
C00376939,2132018.0,500,2018,13,2
C00376939,2132018.0,1000,2018,13,2
C00376939,2152018.0,100,2018,15,2
C00376939,2132018.0,55,2018,13,2
C00376939,2212018.0,250,2018,21,2
C00376939,2212018.0,500,2018,21,2
C00376939,2212018.0,25,2018,21,2
C00376939,2212018.0,50,2018,21,2
C00376939,2092018.0,50,2018,09,2
C00376939,2212018.0,1000,2018,21,2
C00376939,2202018.0,50,2018,20,2
C00376939,2012018.0,2700,2018,01,2
C00376939,2052018.0,2700,2018,05,2
C00376939,2162018.0,2700,2018,16,2
C00376939,2162018.0,-2700,2018,16,2
C00376939,2262018.0,1000,2018,26,2
C00376939,2122018.0,100,2018,12,2
C00376939,2202018.0,500,2018,20,2
C00376939,2212018.0,250,2018,21,2
C00376939,2012018.0,100,2018,01,2
C00376939,2282018.0,1500,2018,28,2
C00376939,2282018.0,500,2018,28,2
C00376939,2282018.0,500,2018,28,2
C00376939,2062018.0,1000,2018,06,2
C00658773,2042018.0,100,2018,04,2
C00658773,2262018.0,20,2018,26,2
C00658773,2012018.0,250,2018,01,2
C00658773,2252018.0,500,2018,25,2
C00658773,2192018.0,125,2018,19,2
C00658773,2262018.0,50,2018,26,2
C00658773,2202018.0,725,2018,20,2
C00658773,2212018.0,1000,2018,21,2
C00658773,2162018.0,100,2018,16,2
C00658773,2012018.0,500,2018,01,2
C00658773,2262018.0,2700,2018,26,2
C00658773,2262018.0,1744,2018,26,2
C00658773,2072018.0,1000,2018,07,2
C00658773,2192018.0,8,2018,19,2
C00658773,2202018.0,725,2018,20,2
C00658773,2032018.0,250,2018,03,2
C00658773,2282018.0,100,2018,28,2
C00658773,2212018.0,500,2018,21,2
C00658773,2032018.0,1000,2018,03,2
C00658773,2222018.0,250,2018,22,2
C00658773,2092018.0,150,2018,09,2
C00658773,2282018.0,25,2018,28,2
C00658773,2252018.0,500,2018,25,2
C00658773,2202018.0,1000,2018,20,2
C00658773,2012018.0,250,2018,01,2
C00658773,2012018.0,2700,2018,01,2
C00658773,2252018.0,100,2018,25,2
C00658773,2192018.0,500,2018,19,2
C00658773,2252018.0,500,2018,25,2
C00658773,2052018.0,100,2018,05,2
C00658773,2072018.0,500,2018,07,2
C00658773,2072018.0,250,2018,07,2
C00658773,2262018.0,250,2018,26,2
C00658773,2282018.0,250,2018,28,2
C00658773,2282018.0,25,2018,28,2
C00658773,2272018.0,100,2018,27,2
C00658773,2052018.0,1000,2018,05,2
C00658773,2192018.0,250,2018,19,2
C00658773,2012018.0,250,2018,01,2
C00658773,2212018.0,500,2018,21,2
C00658773,2082018.0,500,2018,08,2
C00658773,2192018.0,1000,2018,19,2
C00658773,2242018.0,27,2018,24,2
C00658773,2082018.0,50,2018,08,2
C00658773,2202018.0,500,2018,20,2
C00658773,2192018.0,500,2018,19,2
C00658773,2082018.0,500,2018,08,2
C00658773,2262018.0,500,2018,26,2
C00658773,2252018.0,100,2018,25,2
C00658773,2262018.0,25,2018,26,2
C00658773,2082018.0,250,2018,08,2
C00658773,2012018.0,500,2018,01,2
C00658773,2282018.0,100,2018,28,2
C00658773,2252018.0,500,2018,25,2
C00658773,2012018.0,250,2018,01,2
C00658773,2262018.0,1000,2018,26,2
C00658773,2012018.0,250,2018,01,2
C00658773,2092018.0,2500,2018,09,2
C00658773,2012018.0,250,2018,01,2
C00658773,2012018.0,160,2018,01,2
C00658773,2162018.0,99,2018,16,2
C00658773,2252018.0,100,2018,25,2
C00658773,2082018.0,250,2018,08,2
C00658773,2192018.0,250,2018,19,2
C00658773,2082018.0,250,2018,08,2
C00658773,2082018.0,250,2018,08,2
C00658773,2012018.0,500,2018,01,2
C00196774,2062018.0,1000,2018,06,2
C00196774,2222018.0,300,2018,22,2
C00196774,2172018.0,5,2018,17,2
C00196774,2242018.0,25,2018,24,2
C00196774,2222018.0,700,2018,22,2
C00196774,2262018.0,250,2018,26,2
C00196774,2212018.0,25,2018,21,2
C00196774,2232018.0,1000,2018,23,2
C00196774,2262018.0,1000,2018,26,2
C00196774,2282018.0,15,2018,28,2
C00196774,2172018.0,38,2018,17,2
C00196774,2132018.0,10,2018,13,2
C00196774,2162018.0,25,2018,16,2
C00196774,2192018.0,1000,2018,19,2
C00196774,2272018.0,250,2018,27,2
C00196774,2282018.0,19,2018,28,2
C00196774,2242018.0,5,2018,24,2
C00196774,2272018.0,250,2018,27,2
C00196774,2082018.0,500,2018,08,2
C00196774,2222018.0,1000,2018,22,2
C00196774,2182018.0,5,2018,18,2
C00196774,2262018.0,110,2018,26,2
C00196774,2092018.0,10,2018,09,2
C00196774,2262018.0,25,2018,26,2
C00196774,2202018.0,2700,2018,20,2
C00196774,2212018.0,100,2018,21,2
C00196774,2082018.0,250,2018,08,2
C00196774,2122018.0,1000,2018,12,2
C00196774,2262018.0,50,2018,26,2
C00196774,2282018.0,100,2018,28,2
C00196774,2212018.0,1000,2018,21,2
C00196774,2282018.0,38,2018,28,2
C00196774,2242018.0,10,2018,24,2
C00196774,2212018.0,250,2018,21,2
C00196774,2132018.0,10,2018,13,2
C00196774,2272018.0,250,2018,27,2
C00196774,2132018.0,100,2018,13,2
C00196774,2162018.0,2700,2018,16,2
C00196774,2172018.0,10,2018,17,2
C00196774,2212018.0,100,2018,21,2
C00196774,2072018.0,1700,2018,07,2
C00196774,2262018.0,500,2018,26,2
C00196774,2102018.0,5,2018,10,2
C00196774,2242018.0,50,2018,24,2
C00196774,2282018.0,1000,2018,28,2
C00196774,2222018.0,15,2018,22,2
C00196774,2092018.0,25,2018,09,2
C00196774,2212018.0,50,2018,21,2
C00196774,2092018.0,10,2018,09,2
C00196774,2072018.0,50,2018,07,2
C00196774,2252018.0,5,2018,25,2
C00196774,2212018.0,250,2018,21,2
C00196774,2142018.0,2700,2018,14,2
C00196774,2242018.0,50,2018,24,2
C00196774,2262018.0,250,2018,26,2
C00196774,2102018.0,2700,2018,10,2
C00196774,2012018.0,10,2018,01,2
C00196774,2142018.0,25,2018,14,2
C00196774,2092018.0,1250,2018,09,2
C00196774,2172018.0,100,2018,17,2
C00196774,2072018.0,10,2018,07,2
C00196774,2012018.0,500,2018,01,2
C00196774,2092018.0,500,2018,09,2
C00196774,2242018.0,10,2018,24,2
C00196774,2282018.0,100,2018,28,2
C00196774,2262018.0,5,2018,26,2
C00196774,2272018.0,500,2018,27,2
C00196774,2192018.0,100,2018,19,2
C00196774,2152018.0,2000,2018,15,2
C00196774,2272018.0,500,2018,27,2
C00196774,2262018.0,100,2018,26,2
C00196774,2172018.0,2700,2018,17,2
C00196774,2262018.0,250,2018,26,2
C00196774,2272018.0,5,2018,27,2
C00196774,2272018.0,250,2018,27,2
C00196774,2282018.0,500,2018,28,2
C00196774,2282018.0,500,2018,28,2
C00196774,2262018.0,100,2018,26,2
C00196774,2122018.0,500,2018,12,2
C00196774,2212018.0,100,2018,21,2
C00196774,2282018.0,5,2018,28,2
C00196774,2132018.0,25,2018,13,2
C00196774,2132018.0,50,2018,13,2
C00196774,2282018.0,5,2018,28,2
C00196774,2222018.0,35,2018,22,2
C00196774,2142018.0,250,2018,14,2
C00196774,2232018.0,1000,2018,23,2
C00196774,2252018.0,10,2018,25,2
C00196774,2282018.0,10,2018,28,2
C00196774,2282018.0,100,2018,28,2
C00196774,2242018.0,25,2018,24,2
C00196774,2082018.0,5400,2018,08,2
C00196774,2082018.0,-2700,2018,08,2
C00196774,2082018.0,2700,2018,08,2
C00196774,2282018.0,250,2018,28,2
C00196774,2022018.0,1,2018,02,2
C00196774,2232018.0,2700,2018,23,2
C00196774,2282018.0,75,2018,28,2
C00196774,2272018.0,250,2018,27,2
C00196774,2082018.0,10,2018,08,2
C00196774,2282018.0,10,2018,28,2
C00196774,2272018.0,250,2018,27,2
C00196774,2132018.0,25,2018,13,2
C00196774,2282018.0,10,2018,28,2
C00196774,2132018.0,10,2018,13,2
C00196774,2212018.0,10,2018,21,2
C00196774,2282018.0,25,2018,28,2
C00196774,2272018.0,250,2018,27,2
C00196774,2092018.0,25,2018,09,2
C00196774,2282018.0,10,2018,28,2
C00196774,2142018.0,10,2018,14,2
C00196774,2142018.0,25,2018,14,2
C00196774,2282018.0,25,2018,28,2
C00196774,2232018.0,1000,2018,23,2
C00196774,2012018.0,25,2018,01,2
C00196774,2272018.0,37,2018,27,2
C00196774,2212018.0,1000,2018,21,2
C00196774,2102018.0,2700,2018,10,2
C00196774,2252018.0,50,2018,25,2
C00196774,2132018.0,100,2018,13,2
C00196774,2262018.0,300,2018,26,2
C00196774,2202018.0,500,2018,20,2
C00196774,2252018.0,12,2018,25,2
C00196774,2282018.0,100,2018,28,2
C00196774,2012018.0,5,2018,01,2
C00196774,2242018.0,50,2018,24,2
C00196774,2082018.0,500,2018,08,2
C00196774,2212018.0,500,2018,21,2
C00196774,2282018.0,2700,2018,28,2
C00196774,2202018.0,2700,2018,20,2
C00196774,2192018.0,2000,2018,19,2
C00196774,2272018.0,1000,2018,27,2
C00196774,2172018.0,2700,2018,17,2
C00196774,2132018.0,5,2018,13,2
C00196774,2122018.0,25,2018,12,2
C00196774,2272018.0,1000,2018,27,2
C00196774,2142018.0,100,2018,14,2
C00196774,2202018.0,500,2018,20,2
C00196774,2072018.0,10,2018,07,2
C00196774,2142018.0,250,2018,14,2
C00196774,2282018.0,300,2018,28,2
C00196774,2282018.0,25,2018,28,2
C00196774,2072018.0,25,2018,07,2
C00196774,2072018.0,800,2018,07,2
C00196774,2012018.0,5,2018,01,2
C00196774,2282018.0,300,2018,28,2
C00196774,2082018.0,1000,2018,08,2
C00196774,2282018.0,1500,2018,28,2
C00238907,2222018.0,80,2018,22,2
C00238907,2222018.0,250,2018,22,2
C00238907,2282018.0,200,2018,28,2
C00238907,2222018.0,450,2018,22,2
C00238907,2272018.0,500,2018,27,2
C00238907,2222018.0,1000,2018,22,2
C00238907,2282018.0,250,2018,28,2
C00238907,2242018.0,250,2018,24,2
C00238907,2262018.0,250,2018,26,2
C00238907,2272018.0,250,2018,27,2
C00238907,2202018.0,800,2018,20,2
C00238907,2222018.0,50,2018,22,2
C00238907,2222018.0,250,2018,22,2
C00238907,2202018.0,1700,2018,20,2
C00238907,2222018.0,250,2018,22,2
C00238907,2222018.0,500,2018,22,2
C00238907,2222018.0,500,2018,22,2
C00238907,2222018.0,250,2018,22,2
C00238907,2262018.0,250,2018,26,2
C00238907,2052018.0,50,2018,05,2
C00238907,2212018.0,500,2018,21,2
C00238907,2282018.0,2300,2018,28,2
C00238907,2232018.0,250,2018,23,2
C00238907,2222018.0,250,2018,22,2
C00575548,2122018.0,50,2018,12,2
C00575548,2282018.0,50,2018,28,2
C00575548,2272018.0,12,2018,27,2
C00575548,2122018.0,125,2018,12,2
C00575548,2052018.0,25,2018,05,2
C00575548,2282018.0,50,2018,28,2
C00575548,2192018.0,25,2018,19,2
C00575548,2032018.0,50,2018,03,2
C00575548,2282018.0,50,2018,28,2
C00575548,2092018.0,175,2018,09,2
C00575548,2172018.0,1000,2018,17,2
C00575548,2262018.0,6,2018,26,2
C00575548,2102018.0,25,2018,10,2
C00575548,2262018.0,3,2018,26,2
C00575548,2162018.0,5,2018,16,2
C00575548,2062018.0,25,2018,06,2
C00575548,2182018.0,25,2018,18,2
C00575548,2242018.0,5,2018,24,2
C00575548,2282018.0,25,2018,28,2
C00575548,2012018.0,100,2018,01,2
C00575548,2272018.0,25,2018,27,2
C00575548,2172018.0,250,2018,17,2
C00575548,2212018.0,40,2018,21,2
C00575548,2162018.0,25,2018,16,2
C00575548,2182018.0,100,2018,18,2
C00575548,2282018.0,12,2018,28,2
C00575548,2102018.0,5,2018,10,2
C00575548,2092018.0,500,2018,09,2
C00575548,2222018.0,35,2018,22,2
C00575548,2242018.0,7,2018,24,2
C00575548,2162018.0,15,2018,16,2
C00575548,2142018.0,10,2018,14,2
C00575548,2262018.0,100,2018,26,2
C00575548,2102018.0,75,2018,10,2
C00575548,2282018.0,100,2018,28,2
C00575548,2072018.0,250,2018,07,2
C00575548,2082018.0,2700,2018,08,2
C00575548,2082018.0,10,2018,08,2
C00575548,2082018.0,25,2018,08,2
C00575548,2282018.0,1000,2018,28,2
C00575548,2262018.0,35,2018,26,2
C00575548,2022018.0,12,2018,02,2
C00575548,2202018.0,12,2018,20,2
C00575548,2182018.0,25,2018,18,2
C00575548,2122018.0,25,2018,12,2
C00575548,2202018.0,25,2018,20,2
C00575548,2282018.0,25,2018,28,2
C00575548,2232018.0,25,2018,23,2
C00575548,2072018.0,12,2018,07,2
C00575548,2012018.0,25,2018,01,2
C00575548,2282018.0,25,2018,28,2
C00575548,2092018.0,25,2018,09,2
C00575548,2202018.0,2700,2018,20,2
C00575548,2212018.0,4,2018,21,2
C00575548,2042018.0,10,2018,04,2
C00575548,2212018.0,100,2018,21,2
C00575548,2282018.0,25,2018,28,2
C00575548,2252018.0,5,2018,25,2
C00575548,2012018.0,25,2018,01,2
C00575548,2242018.0,5,2018,24,2
C00575548,2072018.0,12,2018,07,2
C00575548,2222018.0,25,2018,22,2
C00575548,2192018.0,1000,2018,19,2
C00575548,2202018.0,2700,2018,20,2
C00575548,2132018.0,1,2018,13,2
C00575548,2072018.0,12,2018,07,2
C00575548,2222018.0,15,2018,22,2
C00575548,2042018.0,15,2018,04,2
C00575548,2102018.0,12,2018,10,2
C00575548,2102018.0,5,2018,10,2
C00575548,2162018.0,5,2018,16,2
C00575548,2182018.0,5,2018,18,2
C00575548,2202018.0,10,2018,20,2
C00575548,2262018.0,100,2018,26,2
C00575548,2192018.0,20,2018,19,2
C00575548,2132018.0,1000,2018,13,2
C00575548,2162018.0,10,2018,16,2
C00575548,2222018.0,10,2018,22,2
C00575548,2122018.0,25,2018,12,2
C00575548,2202018.0,2700,2018,20,2
C00575548,2212018.0,100,2018,21,2
C00575548,2222018.0,10,2018,22,2
C00575548,2202018.0,500,2018,20,2
C00575548,2102018.0,10,2018,10,2
C00575548,2052018.0,2,2018,05,2
C00575548,2282018.0,10,2018,28,2
C00575548,2102018.0,200,2018,10,2
C00575548,2082018.0,25,2018,08,2
C00575548,2142018.0,1000,2018,14,2
C00575548,2182018.0,25,2018,18,2
C00575548,2052018.0,25,2018,05,2
C00575548,2062018.0,50,2018,06,2
C00575548,2242018.0,15,2018,24,2
C00575548,2262018.0,12,2018,26,2
C00575548,2122018.0,2,2018,12,2
C00575548,2272018.0,50,2018,27,2
C00575548,2182018.0,50,2018,18,2
C00575548,2172018.0,250,2018,17,2
C00575548,2162018.0,25,2018,16,2
C00575548,2052018.0,50,2018,05,2
C00575548,2172018.0,12,2018,17,2
C00575548,2272018.0,25,2018,27,2
C00575548,2252018.0,250,2018,25,2
C00575548,2282018.0,15,2018,28,2
C00575548,2072018.0,7,2018,07,2
C00575548,2222018.0,25,2018,22,2
C00575548,2092018.0,100,2018,09,2
C00575548,2282018.0,12,2018,28,2
C00575548,2122018.0,0,2018,12,2
C00575548,2222018.0,250,2018,22,2
C00575548,2202018.0,2700,2018,20,2
C00575548,2162018.0,250,2018,16,2
C00575548,2072018.0,25,2018,07,2
C00575548,2082018.0,25,2018,08,2
C00575548,2132018.0,25,2018,13,2
C00575548,2042018.0,2,2018,04,2
C00575548,2212018.0,25,2018,21,2
C00575548,2082018.0,2700,2018,08,2
C00575548,2142018.0,10,2018,14,2
C00575548,2092018.0,25,2018,09,2
C00575548,2102018.0,25,2018,10,2
C00575548,2172018.0,500,2018,17,2
C00575548,2282018.0,12,2018,28,2
C00575548,2102018.0,1,2018,10,2
C00575548,2102018.0,5,2018,10,2
C00575548,2242018.0,50,2018,24,2
C00575548,2232018.0,50,2018,23,2
C00575548,2202018.0,75,2018,20,2
C00575548,2112018.0,7,2018,11,2
C00575548,2052018.0,25,2018,05,2
C00575548,2282018.0,25,2018,28,2
C00575548,2182018.0,25,2018,18,2
C00575548,2232018.0,50,2018,23,2
C00575548,2052018.0,18,2018,05,2
C00575548,2042018.0,5,2018,04,2
C00575548,2212018.0,12,2018,21,2
C00663781,2152018.0,2700,2018,15,2
C00663781,2122018.0,1000,2018,12,2
C00663781,2222018.0,250,2018,22,2
C00663781,2152018.0,500,2018,15,2
C00663781,2082018.0,1000,2018,08,2
C00663781,2202018.0,500,2018,20,2
C00663781,2152018.0,2000,2018,15,2
C00663781,2282018.0,400,2018,28,2
C00663781,2282018.0,300,2018,28,2
C00663781,2282018.0,2300,2018,28,2
C00663781,2282018.0,500,2018,28,2
C00663781,2072018.0,500,2018,07,2
C00663781,2272018.0,250,2018,27,2
C00663781,2012018.0,1000,2018,01,2
C00663781,2152018.0,500,2018,15,2
C00663781,2152018.0,2700,2018,15,2
C00663781,2212018.0,250,2018,21,2
C00663781,2232018.0,1500,2018,23,2
C00663781,2062018.0,250,2018,06,2
C00663781,2092018.0,500,2018,09,2
C00663781,2062018.0,2700,2018,06,2
C00663781,2062018.0,2700,2018,06,2
C00663781,2212018.0,250,2018,21,2
C00663781,2202018.0,250,2018,20,2
C00663781,2172018.0,2700,2018,17,2
C00663781,2152018.0,2700,2018,15,2
C00663781,2162018.0,250,2018,16,2
C00663781,2242018.0,60,2018,24,2
C00663781,2152018.0,500,2018,15,2
C00663781,2152018.0,250,2018,15,2
C00663781,2222018.0,250,2018,22,2
C00663781,2282018.0,100,2018,28,2
C00663781,2282018.0,500,2018,28,2
C00663781,2282018.0,2700,2018,28,2
C00663781,2122018.0,250,2018,12,2
C00663781,2162018.0,300,2018,16,2
C00663781,2192018.0,1700,2018,19,2
C00663781,2192018.0,250,2018,19,2
C00663781,2152018.0,500,2018,15,2
C00663781,2162018.0,2700,2018,16,2
C00663781,2132018.0,250,2018,13,2
C00663781,2142018.0,250,2018,14,2
C00663781,2092018.0,250,2018,09,2
C00663781,2082018.0,500,2018,08,2
C00663781,2282018.0,100,2018,28,2
C00663781,2282018.0,100,2018,28,2
C00663781,2202018.0,250,2018,20,2
C00663781,2192018.0,500,2018,19,2
C00663781,2052018.0,2700,2018,05,2
C00663781,2192018.0,100,2018,19,2
C00663781,2092018.0,2700,2018,09,2
C00663781,2172018.0,250,2018,17,2
C00663781,2162018.0,500,2018,16,2
C00663781,2262018.0,100,2018,26,2
C00663781,2282018.0,500,2018,28,2
C00663781,2192018.0,500,2018,19,2
C00663781,2192018.0,250,2018,19,2
C00663781,2192018.0,250,2018,19,2
C00663781,2212018.0,300,2018,21,2
C00663781,2192018.0,500,2018,19,2
C00663781,2262018.0,100,2018,26,2
C00663781,2152018.0,400,2018,15,2
C00663781,2212018.0,250,2018,21,2
C00663781,2152018.0,500,2018,15,2
C00663781,2132018.0,2700,2018,13,2
C00663781,2132018.0,2700,2018,13,2
C00663781,2212018.0,250,2018,21,2
C00663781,2212018.0,250,2018,21,2
C00663781,2202018.0,2700,2018,20,2
C00663781,2202018.0,250,2018,20,2
C00663781,2222018.0,500,2018,22,2
C00663781,2162018.0,2700,2018,16,2
C00663781,2192018.0,1000,2018,19,2
C00663781,2132018.0,250,2018,13,2
C00663781,2062018.0,250,2018,06,2
C00663781,2222018.0,2000,2018,22,2
C00663781,2062018.0,1700,2018,06,2
C00663781,2062018.0,2700,2018,06,2
C00663781,2212018.0,250,2018,21,2
C00663781,2282018.0,500,2018,28,2
C00663781,2282018.0,500,2018,28,2
C00663781,2132018.0,500,2018,13,2
C00663781,2062018.0,2700,2018,06,2
C00663781,2072018.0,1000,2018,07,2
C00663781,2132018.0,500,2018,13,2
C00663781,2212018.0,250,2018,21,2
C00663781,2152018.0,500,2018,15,2
C00663781,2152018.0,250,2018,15,2
C00663781,2152018.0,500,2018,15,2
C00663781,2232018.0,500,2018,23,2
C00663781,2202018.0,250,2018,20,2
C00663781,2212018.0,250,2018,21,2
C00663781,2272018.0,250,2018,27,2
C00663781,2212018.0,500,2018,21,2
C00663781,2232018.0,500,2018,23,2
C00663781,2192018.0,250,2018,19,2
C00663781,2092018.0,250,2018,09,2
C00663781,2162018.0,250,2018,16,2
C00663781,2112018.0,1000,2018,11,2
C00663781,2062018.0,2700,2018,06,2
C00663781,2282018.0,500,2018,28,2
C00663781,2202018.0,250,2018,20,2
C00663781,2272018.0,200,2018,27,2
C00663781,2162018.0,1000,2018,16,2
C00663781,2262018.0,50,2018,26,2
C00663781,2202018.0,150,2018,20,2
C00663781,2202018.0,100,2018,20,2
C00663781,2232018.0,250,2018,23,2
C00663781,2202018.0,250,2018,20,2
C00663781,2052018.0,500,2018,05,2
C00663781,2152018.0,300,2018,15,2
C00663781,2132018.0,300,2018,13,2
C00663781,2032018.0,500,2018,03,2
C00663781,2282018.0,500,2018,28,2
C00663781,2212018.0,2700,2018,21,2
C00663781,2212018.0,700,2018,21,2
C00663781,2102018.0,10,2018,10,2
C00663781,2202018.0,1000,2018,20,2
C00663781,2072018.0,100,2018,07,2
C00663781,2182018.0,250,2018,18,2
C00663781,2132018.0,2000,2018,13,2
C00663781,2222018.0,250,2018,22,2
C00663781,2212018.0,500,2018,21,2
C00663781,2212018.0,2500,2018,21,2
C00663781,2212018.0,2500,2018,21,2
C00663781,2162018.0,1000,2018,16,2
C00663781,2272018.0,500,2018,27,2
C00663781,2152018.0,250,2018,15,2
C00663781,2212018.0,2700,2018,21,2
C00663781,2212018.0,2700,2018,21,2
C00663781,2212018.0,2700,2018,21,2
C00663781,2212018.0,300,2018,21,2
C00663781,2132018.0,500,2018,13,2
C00663781,2132018.0,500,2018,13,2
C00663781,2212018.0,250,2018,21,2
C00663781,2072018.0,1350,2018,07,2
C00663781,2272018.0,1000,2018,27,2
C00663781,2202018.0,250,2018,20,2
C00663781,2272018.0,250,2018,27,2
C00663781,2012018.0,1000,2018,01,2
C00663781,2272018.0,1800,2018,27,2
C00663781,2062018.0,250,2018,06,2
C00663781,2282018.0,100,2018,28,2
C00663781,2152018.0,250,2018,15,2
C00663781,2162018.0,1000,2018,16,2
C00663781,2182018.0,250,2018,18,2
C00663781,2142018.0,500,2018,14,2
C00663781,2232018.0,500,2018,23,2
C00663781,2232018.0,500,2018,23,2
C00663781,2262018.0,500,2018,26,2
C00663781,2072018.0,250,2018,07,2
C00663781,2272018.0,250,2018,27,2
C00663781,2272018.0,250,2018,27,2
C00663781,2132018.0,250,2018,13,2
C00663781,2272018.0,250,2018,27,2
C00663781,2232018.0,250,2018,23,2
C00663781,2132018.0,2500,2018,13,2
C00663781,2062018.0,2000,2018,06,2
C00663781,2152018.0,2700,2018,15,2
C00663781,2152018.0,250,2018,15,2
C00663781,2202018.0,300,2018,20,2
C00663781,2162018.0,250,2018,16,2
C00663781,2192018.0,250,2018,19,2
C00663781,2152018.0,300,2018,15,2
C00663781,2272018.0,600,2018,27,2
C00663781,2152018.0,100,2018,15,2
C00663781,2272018.0,600,2018,27,2
C00663781,2152018.0,300,2018,15,2
C00663781,2132018.0,1000,2018,13,2
C00663781,2192018.0,500,2018,19,2
C00663781,2132018.0,250,2018,13,2
C00663781,2012018.0,250,2018,01,2
C00663781,2222018.0,500,2018,22,2
C00663781,2222018.0,2700,2018,22,2
C00663781,2202018.0,250,2018,20,2
C00663781,2232018.0,500,2018,23,2
C00663781,2232018.0,60,2018,23,2
C00663781,2162018.0,250,2018,16,2
C00663781,2062018.0,500,2018,06,2
C00663781,2282018.0,1000,2018,28,2
C00663781,2212018.0,250,2018,21,2
C00663781,2132018.0,1000,2018,13,2
C00663781,2162018.0,250,2018,16,2
C00663781,2152018.0,250,2018,15,2
C00663781,2282018.0,600,2018,28,2
C00663781,2242018.0,300,2018,24,2
C00663781,2232018.0,1000,2018,23,2
C00663781,2192018.0,1000,2018,19,2
C00663781,2072018.0,50,2018,07,2
C00663781,2072018.0,250,2018,07,2
C00663781,2282018.0,100,2018,28,2
C00663781,2212018.0,250,2018,21,2
C00663781,2162018.0,250,2018,16,2
C00663781,2282018.0,500,2018,28,2
C00663781,2152018.0,250,2018,15,2
C00663781,2132018.0,500,2018,13,2
C00663781,2072018.0,100,2018,07,2
C00663781,2212018.0,100,2018,21,2
C00663781,2062018.0,500,2018,06,2
C00663781,2062018.0,500,2018,06,2
C00663781,2272018.0,500,2018,27,2
C00663781,2212018.0,250,2018,21,2
C00663781,2082018.0,1000,2018,08,2
C00663781,2082018.0,1000,2018,08,2
C00663781,2022018.0,250,2018,02,2
C00663781,2282018.0,250,2018,28,2
C00663781,2152018.0,2700,2018,15,2
C00663781,2152018.0,2700,2018,15,2
C00663781,2232018.0,500,2018,23,2
C00663781,2152018.0,2700,2018,15,2
C00663781,2212018.0,500,2018,21,2
C00663781,2032018.0,250,2018,03,2
C00663781,2272018.0,250,2018,27,2
C00663781,2122018.0,2700,2018,12,2
C00663781,2082018.0,2000,2018,08,2
C00663781,2202018.0,250,2018,20,2
C00663781,2202018.0,250,2018,20,2
C00663781,2142018.0,500,2018,14,2
C00663781,2212018.0,25,2018,21,2
C00663781,2212018.0,500,2018,21,2
C00663781,2252018.0,6000,2018,25,2
C00663781,2162018.0,1000,2018,16,2
C00663781,2172018.0,250,2018,17,2
C00663781,2222018.0,1200,2018,22,2
C00663781,2102018.0,500,2018,10,2
C00663781,2282018.0,500,2018,28,2
C00663781,2152018.0,500,2018,15,2
C00663781,2192018.0,1000,2018,19,2
C00663781,2082018.0,250,2018,08,2
C00663781,2122018.0,500,2018,12,2
C00663781,2272018.0,250,2018,27,2
C00663781,2152018.0,250,2018,15,2
C00663781,2172018.0,2700,2018,17,2
C00663781,2232018.0,500,2018,23,2
C00663781,2232018.0,250,2018,23,2
C00663781,2282018.0,1000,2018,28,2
C00663781,2182018.0,500,2018,18,2
C00663781,2252018.0,600,2018,25,2
C00663781,2222018.0,500,2018,22,2
C00663781,2232018.0,600,2018,23,2
C00663781,2192018.0,500,2018,19,2
C00663781,2012018.0,1000,2018,01,2
C00663781,2072018.0,1000,2018,07,2
C00663781,2202018.0,250,2018,20,2
C00663781,2162018.0,1000,2018,16,2
C00663781,2122018.0,275,2018,12,2
C00663781,2272018.0,2500,2018,27,2
C00663781,2212018.0,100,2018,21,2
C00620518,2262018.0,15,2018,26,2
C00620518,2262018.0,25,2018,26,2
C00620518,2262018.0,25,2018,26,2
C00620518,2262018.0,10,2018,26,2
C00620518,2012018.0,5,2018,01,2
C00620518,2012018.0,100,2018,01,2
C00620518,2012018.0,100,2018,01,2
C00620518,2012018.0,50,2018,01,2
C00620518,2012018.0,10,2018,01,2
C00620518,2022018.0,50,2018,02,2
C00620518,2282018.0,100,2018,28,2
C00620518,2282018.0,15,2018,28,2
C00620518,2282018.0,100,2018,28,2
C00620518,2282018.0,10,2018,28,2
C00620518,2282018.0,10,2018,28,2
C00620518,2282018.0,100,2018,28,2
C00620518,2282018.0,250,2018,28,2
C00620518,2072018.0,250,2018,07,2
C00620518,2072018.0,250,2018,07,2
C00620518,2072018.0,35,2018,07,2
C00620518,2072018.0,15,2018,07,2
C00620518,2072018.0,50,2018,07,2
C00620518,2052018.0,15,2018,05,2
C00620518,2052018.0,25,2018,05,2
C00620518,2052018.0,10,2018,05,2
C00620518,2052018.0,25,2018,05,2
C00620518,2052018.0,25,2018,05,2
C00620518,2052018.0,25,2018,05,2
C00620518,2262018.0,250,2018,26,2
C00620518,2262018.0,50,2018,26,2
C00620518,2262018.0,100,2018,26,2
C00620518,2262018.0,25,2018,26,2
C00620518,2262018.0,50,2018,26,2
C00620518,2262018.0,250,2018,26,2
C00620518,2262018.0,25,2018,26,2
C00620518,2052018.0,35,2018,05,2
C00620518,2082018.0,100,2018,08,2
C00620518,2082018.0,100,2018,08,2
C00620518,2082018.0,250,2018,08,2
C00620518,2092018.0,100,2018,09,2
C00620518,2092018.0,500,2018,09,2
C00620518,2052018.0,25,2018,05,2
C00620518,2052018.0,100,2018,05,2
C00620518,2052018.0,50,2018,05,2
C00620518,2052018.0,50,2018,05,2
C00620518,2052018.0,50,2018,05,2
C00620518,2052018.0,100,2018,05,2
C00620518,2052018.0,25,2018,05,2
C00620518,2052018.0,100,2018,05,2
C00620518,2052018.0,25,2018,05,2
C00620518,2052018.0,100,2018,05,2
C00620518,2052018.0,50,2018,05,2
C00620518,2052018.0,15,2018,05,2
C00620518,2052018.0,25,2018,05,2
C00620518,2022018.0,25,2018,02,2
C00620518,2022018.0,50,2018,02,2
C00620518,2022018.0,100,2018,02,2
C00620518,2022018.0,25,2018,02,2
C00620518,2022018.0,50,2018,02,2
C00620518,2022018.0,25,2018,02,2
C00620518,2122018.0,75,2018,12,2
C00620518,2122018.0,75,2018,12,2
C00620518,2122018.0,25,2018,12,2
C00620518,2132018.0,1000,2018,13,2
C00620518,2132018.0,190,2018,13,2
C00620518,2132018.0,100,2018,13,2
C00620518,2092018.0,1000,2018,09,2
C00620518,2092018.0,225,2018,09,2
C00620518,2092018.0,100,2018,09,2
C00620518,2102018.0,100,2018,10,2
C00620518,2102018.0,50,2018,10,2
C00620518,2102018.0,25,2018,10,2
C00620518,2102018.0,25,2018,10,2
C00620518,2102018.0,100,2018,10,2
C00620518,2112018.0,50,2018,11,2
C00620518,2122018.0,10,2018,12,2
C00620518,2122018.0,100,2018,12,2
C00620518,2122018.0,100,2018,12,2
C00620518,2022018.0,100,2018,02,2
C00620518,2022018.0,25,2018,02,2
C00620518,2022018.0,50,2018,02,2
C00620518,2022018.0,25,2018,02,2
C00620518,2222018.0,50,2018,22,2
C00620518,2222018.0,100,2018,22,2
C00620518,2232018.0,25,2018,23,2
C00620518,2232018.0,100,2018,23,2
C00620518,2232018.0,100,2018,23,2
C00620518,2232018.0,25,2018,23,2
C00620518,2232018.0,250,2018,23,2
C00620518,2232018.0,25,2018,23,2
C00620518,2232018.0,100,2018,23,2
C00620518,2232018.0,25,2018,23,2
C00620518,2232018.0,100,2018,23,2
C00620518,2232018.0,500,2018,23,2
C00620518,2242018.0,500,2018,24,2
C00620518,2252018.0,100,2018,25,2
C00620518,2262018.0,50,2018,26,2
C00620518,2262018.0,25,2018,26,2
C00620518,2262018.0,150,2018,26,2
C00620518,2262018.0,100,2018,26,2
C00620518,2262018.0,100,2018,26,2
C00620518,2062018.0,100,2018,06,2
C00620518,2062018.0,250,2018,06,2
C00620518,2062018.0,50,2018,06,2
C00620518,2062018.0,25,2018,06,2
C00620518,2062018.0,5,2018,06,2
C00620518,2062018.0,25,2018,06,2
C00620518,2062018.0,25,2018,06,2
C00620518,2072018.0,50,2018,07,2
C00620518,2072018.0,20,2018,07,2
C00620518,2072018.0,100,2018,07,2
C00620518,2072018.0,1000,2018,07,2
C00620518,2072018.0,50,2018,07,2
C00620518,2072018.0,202,2018,07,2
C00620518,2072018.0,25,2018,07,2
C00620518,2072018.0,100,2018,07,2
C00620518,2072018.0,25,2018,07,2
C00620518,2072018.0,100,2018,07,2
C00620518,2072018.0,250,2018,07,2
C00620518,2262018.0,5,2018,26,2
C00620518,2262018.0,125,2018,26,2
C00620518,2262018.0,25,2018,26,2
C00620518,2262018.0,50,2018,26,2
C00620518,2262018.0,25,2018,26,2
C00620518,2262018.0,25,2018,26,2
C00620518,2262018.0,25,2018,26,2
C00620518,2262018.0,100,2018,26,2
C00620518,2272018.0,25,2018,27,2
C00620518,2272018.0,25,2018,27,2
C00620518,2272018.0,250,2018,27,2
C00620518,2072018.0,30,2018,07,2
C00620518,2282018.0,5,2018,28,2
C00620518,2282018.0,10,2018,28,2
C00620518,2282018.0,50,2018,28,2
C00620518,2272018.0,100,2018,27,2
C00620518,2272018.0,200,2018,27,2
C00620518,2272018.0,500,2018,27,2
C00620518,2272018.0,25,2018,27,2
C00620518,2282018.0,25,2018,28,2
C00620518,2282018.0,20,2018,28,2
C00620518,2282018.0,50,2018,28,2
C00620518,2282018.0,25,2018,28,2
C00620518,2052018.0,100,2018,05,2
C00620518,2012018.0,25,2018,01,2
C00620518,2022018.0,25,2018,02,2
C00620518,2022018.0,10,2018,02,2
C00620518,2022018.0,50,2018,02,2
C00620518,2022018.0,25,2018,02,2
C00620518,2022018.0,25,2018,02,2
C00620518,2022018.0,250,2018,02,2
C00620518,2022018.0,10,2018,02,2
C00620518,2022018.0,50,2018,02,2
C00620518,2022018.0,50,2018,02,2
C00620518,2032018.0,25,2018,03,2
C00620518,2032018.0,50,2018,03,2
C00620518,2032018.0,50,2018,03,2
C00620518,2052018.0,25,2018,05,2
C00620518,2052018.0,15,2018,05,2
C00620518,2052018.0,25,2018,05,2
C00620518,2032018.0,100,2018,03,2
C00620518,2042018.0,25,2018,04,2
C00620518,2042018.0,25,2018,04,2
C00620518,2052018.0,25,2018,05,2
C00620518,2052018.0,100,2018,05,2
C00620518,2052018.0,100,2018,05,2
C00620518,2052018.0,25,2018,05,2
C00620518,2122018.0,10,2018,12,2
C00620518,2122018.0,5,2018,12,2
C00620518,2122018.0,25,2018,12,2
C00620518,2122018.0,25,2018,12,2
C00620518,2122018.0,50,2018,12,2
C00620518,2122018.0,25,2018,12,2
C00620518,2122018.0,100,2018,12,2
C00620518,2052018.0,25,2018,05,2
C00620518,2052018.0,50,2018,05,2
C00620518,2052018.0,25,2018,05,2
C00620518,2052018.0,15,2018,05,2
C00620518,2052018.0,25,2018,05,2
C00620518,2052018.0,30,2018,05,2
C00620518,2052018.0,25,2018,05,2
C00620518,2052018.0,50,2018,05,2
C00620518,2062018.0,25,2018,06,2
C00620518,2062018.0,25,2018,06,2
C00620518,2122018.0,50,2018,12,2
C00620518,2122018.0,15,2018,12,2
C00620518,2122018.0,25,2018,12,2
C00620518,2122018.0,100,2018,12,2
C00620518,2122018.0,10,2018,12,2
C00620518,2122018.0,10,2018,12,2
C00620518,2122018.0,1000,2018,12,2
C00620518,2122018.0,5,2018,12,2
C00620518,2122018.0,200,2018,12,2
C00620518,2122018.0,100,2018,12,2
C00620518,2122018.0,100,2018,12,2
C00620518,2122018.0,25,2018,12,2
C00620518,2012018.0,10,2018,01,2
C00620518,2012018.0,20,2018,01,2
C00620518,2012018.0,10,2018,01,2
C00620518,2012018.0,100,2018,01,2
C00620518,2012018.0,25,2018,01,2
C00620518,2012018.0,10,2018,01,2
C00620518,2012018.0,100,2018,01,2
C00620518,2012018.0,1000,2018,01,2
C00620518,2012018.0,30,2018,01,2
C00620518,2012018.0,10,2018,01,2
C00620518,2012018.0,25,2018,01,2
C00620518,2012018.0,25,2018,01,2
C00620518,2012018.0,25,2018,01,2
C00620518,2132018.0,500,2018,13,2
C00620518,2132018.0,50,2018,13,2
C00620518,2132018.0,1000,2018,13,2
C00620518,2142018.0,50,2018,14,2
C00620518,2152018.0,100,2018,15,2
C00620518,2142018.0,50,2018,14,2
C00620518,2142018.0,5,2018,14,2
C00620518,2142018.0,50,2018,14,2
C00620518,2152018.0,25,2018,15,2
C00620518,2152018.0,25,2018,15,2
C00620518,2152018.0,50,2018,15,2
C00620518,2162018.0,25,2018,16,2
C00620518,2162018.0,100,2018,16,2
C00620518,2162018.0,100,2018,16,2
C00620518,2172018.0,10,2018,17,2
C00620518,2172018.0,100,2018,17,2
C00620518,2172018.0,25,2018,17,2
C00620518,2182018.0,25,2018,18,2
C00620518,2222018.0,500,2018,22,2
C00620518,2222018.0,250,2018,22,2
C00620518,2222018.0,25,2018,22,2
C00620518,2222018.0,15,2018,22,2
C00620518,2222018.0,25,2018,22,2
C00620518,2222018.0,100,2018,22,2
C00620518,2222018.0,250,2018,22,2
C00620518,2222018.0,50,2018,22,2
C00620518,2222018.0,50,2018,22,2
C00620518,2222018.0,250,2018,22,2
C00620518,2222018.0,100,2018,22,2
C00620518,2222018.0,25,2018,22,2
C00620518,2222018.0,500,2018,22,2
C00620518,2222018.0,250,2018,22,2
C00620518,2222018.0,25,2018,22,2
C00620518,2222018.0,20,2018,22,2
C00620518,2182018.0,500,2018,18,2
C00620518,2202018.0,1100,2018,20,2
C00620518,2202018.0,100,2018,20,2
C00620518,2202018.0,2700,2018,20,2
C00620518,2202018.0,-850,2018,20,2
C00620518,2202018.0,850,2018,20,2
C00620518,2202018.0,200,2018,20,2
C00620518,2202018.0,250,2018,20,2
C00620518,2142018.0,20,2018,14,2
C00620518,2142018.0,25,2018,14,2
C00620518,2142018.0,50,2018,14,2
C00620518,2142018.0,5,2018,14,2
C00620518,2142018.0,25,2018,14,2
C00620518,2142018.0,2700,2018,14,2
C00620518,2142018.0,500,2018,14,2
C00620518,2142018.0,25,2018,14,2
C00620518,2142018.0,100,2018,14,2
C00620518,2142018.0,25,2018,14,2
C00620518,2142018.0,25,2018,14,2
C00620518,2202018.0,150,2018,20,2
C00620518,2202018.0,50,2018,20,2
C00620518,2202018.0,100,2018,20,2
C00620518,2202018.0,150,2018,20,2
C00620518,2202018.0,150,2018,20,2
C00620518,2142018.0,1000,2018,14,2
C00620518,2142018.0,300,2018,14,2
C00620518,2142018.0,15,2018,14,2
C00620518,2142018.0,50,2018,14,2
C00620518,2142018.0,100,2018,14,2
C00620518,2142018.0,25,2018,14,2
C00620518,2142018.0,50,2018,14,2
C00620518,2142018.0,25,2018,14,2
C00620518,2222018.0,10,2018,22,2
C00620518,2222018.0,35,2018,22,2
C00620518,2122018.0,15,2018,12,2
C00620518,2222018.0,25,2018,22,2
C00620518,2212018.0,1900,2018,21,2
C00620518,2212018.0,12,2018,21,2
C00620518,2222018.0,100,2018,22,2
C00620518,2222018.0,20,2018,22,2
C00620518,2202018.0,450,2018,20,2
C00620518,2202018.0,100,2018,20,2
C00620518,2202018.0,100,2018,20,2
C00620518,2202018.0,20,2018,20,2
C00620518,2202018.0,100,2018,20,2
C00620518,2202018.0,50,2018,20,2
C00620518,2202018.0,500,2018,20,2
C00620518,2202018.0,150,2018,20,2
C00620518,2202018.0,10,2018,20,2
C00620518,2202018.0,100,2018,20,2
C00620518,2202018.0,100,2018,20,2
C00620518,2212018.0,200,2018,21,2
C00620518,2212018.0,50,2018,21,2
C00620518,2212018.0,200,2018,21,2
C00620518,2212018.0,1000,2018,21,2
C00620518,2212018.0,400,2018,21,2
C00620518,2212018.0,220,2018,21,2
C00620518,2142018.0,25,2018,14,2
C00620518,2142018.0,5,2018,14,2
C00620518,2142018.0,10,2018,14,2
C00620518,2142018.0,35,2018,14,2
C00620518,2142018.0,100,2018,14,2
C00620518,2142018.0,25,2018,14,2
C00475392,2102018.0,12,2018,10,2
C00475392,2092018.0,15,2018,09,2
C00475392,2212018.0,10,2018,21,2
C00475392,2222018.0,25,2018,22,2
C00475392,2282018.0,50,2018,28,2
C00475392,2092018.0,25,2018,09,2
C00475392,2012018.0,50,2018,01,2
C00475392,2282018.0,200,2018,28,2
C00475392,2052018.0,25,2018,05,2
C00475392,2092018.0,25,2018,09,2
C00475392,2232018.0,50,2018,23,2
C00475392,2212018.0,100,2018,21,2
C00499988,2272018.0,25,2018,27,2
C00499988,2272018.0,25,2018,27,2
C00499988,2012018.0,100,2018,01,2
C00499988,2012018.0,100,2018,01,2
C00499988,2012018.0,100,2018,01,2
C00499988,2012018.0,100,2018,01,2
C00499988,2022018.0,500,2018,02,2
C00499988,2022018.0,30,2018,02,2
C00499988,2032018.0,25,2018,03,2
C00499988,2032018.0,25,2018,03,2
C00499988,2052018.0,50,2018,05,2
C00499988,2052018.0,25,2018,05,2
C00499988,2052018.0,25,2018,05,2
C00499988,2052018.0,25,2018,05,2
C00499988,2052018.0,50,2018,05,2
C00499988,2052018.0,25,2018,05,2
C00499988,2052018.0,10,2018,05,2
C00499988,2242018.0,50,2018,24,2
C00499988,2242018.0,25,2018,24,2
C00499988,2242018.0,25,2018,24,2
C00499988,2252018.0,45,2018,25,2
C00499988,2252018.0,100,2018,25,2
C00499988,2262018.0,100,2018,26,2
C00499988,2262018.0,50,2018,26,2
C00499988,2262018.0,100,2018,26,2
C00499988,2262018.0,100,2018,26,2
C00499988,2262018.0,25,2018,26,2
C00499988,2262018.0,25,2018,26,2
C00499988,2112018.0,25,2018,11,2
C00499988,2132018.0,1000,2018,13,2
C00499988,2052018.0,100,2018,05,2
C00499988,2072018.0,2000,2018,07,2
C00499988,2092018.0,100,2018,09,2
C00499988,2262018.0,100,2018,26,2
C00499988,2262018.0,250,2018,26,2
C00499988,2262018.0,25,2018,26,2
C00499988,2262018.0,100,2018,26,2
C00499988,2262018.0,100,2018,26,2
C00499988,2262018.0,125,2018,26,2
C00499988,2262018.0,35,2018,26,2
C00499988,2262018.0,100,2018,26,2
C00499988,2262018.0,50,2018,26,2
C00499988,2262018.0,100,2018,26,2
C00499988,2262018.0,50,2018,26,2
C00499988,2262018.0,250,2018,26,2
C00499988,2262018.0,100,2018,26,2
C00499988,2262018.0,100,2018,26,2
C00499988,2262018.0,100,2018,26,2
C00499988,2202018.0,50,2018,20,2
C00499988,2202018.0,200,2018,20,2
C00499988,2212018.0,50,2018,21,2
C00499988,2212018.0,100,2018,21,2
C00499988,2212018.0,50,2018,21,2
C00499988,2212018.0,100,2018,21,2
C00499988,2222018.0,100,2018,22,2
C00499988,2212018.0,95,2018,21,2
C00499988,2212018.0,40,2018,21,2
C00499988,2222018.0,250,2018,22,2
C00499988,2222018.0,100,2018,22,2
C00499988,2222018.0,100,2018,22,2
C00499988,2222018.0,100,2018,22,2
C00499988,2232018.0,100,2018,23,2
C00499988,2232018.0,35,2018,23,2
C00499988,2232018.0,75,2018,23,2
C00499988,2232018.0,50,2018,23,2
C00499988,2232018.0,100,2018,23,2
C00499988,2232018.0,50,2018,23,2
C00499988,2232018.0,250,2018,23,2
C00499988,2232018.0,50,2018,23,2
C00499988,2232018.0,100,2018,23,2
C00499988,2232018.0,25,2018,23,2
C00499988,2232018.0,2000,2018,23,2
C00499988,2232018.0,75,2018,23,2
C00499988,2232018.0,25,2018,23,2
C00499988,2132018.0,2700,2018,13,2
C00499988,2132018.0,1000,2018,13,2
C00499988,2132018.0,2000,2018,13,2
C00499988,2132018.0,25,2018,13,2
C00499988,2162018.0,250,2018,16,2
C00499988,2172018.0,50,2018,17,2
C00499988,2202018.0,25,2018,20,2
C00499988,2202018.0,200,2018,20,2
C00499988,2202018.0,100,2018,20,2
C00499988,2202018.0,20,2018,20,2
C00499988,2202018.0,35,2018,20,2
C00499988,2202018.0,100,2018,20,2
C00499988,2202018.0,100,2018,20,2
C00499988,2202018.0,100,2018,20,2
C00499988,2202018.0,100,2018,20,2
C00499988,2202018.0,75,2018,20,2
C00499988,2262018.0,200,2018,26,2
C00499988,2262018.0,250,2018,26,2
C00499988,2262018.0,100,2018,26,2
C00499988,2262018.0,50,2018,26,2
C00499988,2262018.0,300,2018,26,2
C00499988,2262018.0,50,2018,26,2
C00499988,2262018.0,25,2018,26,2
C00499988,2262018.0,100,2018,26,2
C00499988,2262018.0,100,2018,26,2
C00499988,2262018.0,1000,2018,26,2
C00499988,2262018.0,100,2018,26,2
C00499988,2262018.0,250,2018,26,2
C00499988,2262018.0,10,2018,26,2
C00499988,2262018.0,75,2018,26,2
C00499988,2262018.0,50,2018,26,2
C00499988,2262018.0,1000,2018,26,2
C00499988,2262018.0,75,2018,26,2
C00499988,2262018.0,300,2018,26,2
C00499988,2262018.0,50,2018,26,2
C00499988,2262018.0,35,2018,26,2
C00499988,2262018.0,25,2018,26,2
C00499988,2262018.0,50,2018,26,2
C00499988,2262018.0,95,2018,26,2
C00499988,2262018.0,100,2018,26,2
C00499988,2262018.0,1000,2018,26,2
C00499988,2262018.0,50,2018,26,2
C00499988,2262018.0,50,2018,26,2
C00499988,2272018.0,100,2018,27,2
C00499988,2272018.0,37,2018,27,2
C00499988,2272018.0,50,2018,27,2
C00499988,2272018.0,100,2018,27,2
C00499988,2272018.0,100,2018,27,2
C00499988,2272018.0,1620,2018,27,2
C00499988,2272018.0,50,2018,27,2
C00499988,2272018.0,25,2018,27,2
C00499988,2202018.0,75,2018,20,2
C00499988,2202018.0,100,2018,20,2
C00499988,2202018.0,200,2018,20,2
C00499988,2202018.0,100,2018,20,2
C00499988,2202018.0,500,2018,20,2
C00499988,2202018.0,250,2018,20,2
C00499988,2202018.0,100,2018,20,2
C00499988,2202018.0,35,2018,20,2
C00499988,2202018.0,50,2018,20,2
C00499988,2272018.0,125,2018,27,2
C00499988,2272018.0,50,2018,27,2
C00499988,2272018.0,125,2018,27,2
C00499988,2272018.0,50,2018,27,2
C00499988,2202018.0,500,2018,20,2
C00499988,2262018.0,100,2018,26,2
C00499988,2262018.0,100,2018,26,2
C00499988,2262018.0,100,2018,26,2
C00499988,2262018.0,25,2018,26,2
C00499988,2262018.0,500,2018,26,2
C00499988,2262018.0,50,2018,26,2
C00499988,2262018.0,250,2018,26,2
C00499988,2262018.0,250,2018,26,2
C00499988,2262018.0,75,2018,26,2
C00499988,2262018.0,100,2018,26,2
C00499988,2262018.0,250,2018,26,2
C00499988,2262018.0,100,2018,26,2
C00499988,2262018.0,100,2018,26,2
C00499988,2262018.0,50,2018,26,2
C00499988,2262018.0,50,2018,26,2
C00499988,2282018.0,25,2018,28,2
C00499988,2272018.0,100,2018,27,2
C00499988,2272018.0,100,2018,27,2
C00499988,2282018.0,100,2018,28,2
C00499988,2282018.0,50,2018,28,2
C00499988,2282018.0,100,2018,28,2
C00499988,2282018.0,50,2018,28,2
C00499988,2282018.0,25,2018,28,2
C00499988,2282018.0,20,2018,28,2
C00499988,2282018.0,40,2018,28,2
C00499988,2282018.0,250,2018,28,2
C00499988,2282018.0,50,2018,28,2
C00499988,2282018.0,35,2018,28,2
C00499988,2282018.0,100,2018,28,2
C00508804,2242018.0,50,2018,24,2
C00508804,2242018.0,25,2018,24,2
C00508804,2242018.0,100,2018,24,2
C00508804,2242018.0,500,2018,24,2
C00508804,2242018.0,50,2018,24,2
C00508804,2242018.0,50,2018,24,2
C00508804,2242018.0,100,2018,24,2
C00508804,2242018.0,250,2018,24,2
C00508804,2242018.0,50,2018,24,2
C00508804,2142018.0,500,2018,14,2
C00508804,2142018.0,2700,2018,14,2
C00508804,2142018.0,500,2018,14,2
C00508804,2142018.0,1000,2018,14,2
C00508804,2152018.0,250,2018,15,2
C00508804,2152018.0,500,2018,15,2
C00508804,2152018.0,1000,2018,15,2
C00508804,2152018.0,50,2018,15,2
C00508804,2152018.0,500,2018,15,2
C00508804,2152018.0,250,2018,15,2
C00508804,2152018.0,20,2018,15,2
C00508804,2152018.0,100,2018,15,2
C00508804,2152018.0,400,2018,15,2
C00508804,2052018.0,8,2018,05,2
C00508804,2052018.0,250,2018,05,2
C00508804,2052018.0,50,2018,05,2
C00508804,2052018.0,50,2018,05,2
C00508804,2052018.0,250,2018,05,2
C00508804,2052018.0,250,2018,05,2
C00508804,2052018.0,500,2018,05,2
C00508804,2052018.0,1000,2018,05,2
C00508804,2052018.0,500,2018,05,2
C00508804,2282018.0,10,2018,28,2
C00508804,2282018.0,50,2018,28,2
C00508804,2282018.0,100,2018,28,2
C00508804,2282018.0,25,2018,28,2
C00508804,2282018.0,100,2018,28,2
C00508804,2282018.0,300,2018,28,2
C00508804,2282018.0,700,2018,28,2
C00508804,2282018.0,200,2018,28,2
C00508804,2282018.0,50,2018,28,2
C00508804,2282018.0,1000,2018,28,2
C00508804,2282018.0,50,2018,28,2
C00508804,2282018.0,45,2018,28,2
C00508804,2282018.0,45,2018,28,2
C00508804,2282018.0,50,2018,28,2
C00508804,2282018.0,25,2018,28,2
C00508804,2152018.0,200,2018,15,2
C00508804,2172018.0,500,2018,17,2
C00508804,2172018.0,500,2018,17,2
C00508804,2182018.0,20,2018,18,2
C00508804,2182018.0,75,2018,18,2
C00508804,2182018.0,25,2018,18,2
C00508804,2182018.0,100,2018,18,2
C00508804,2182018.0,250,2018,18,2
C00508804,2182018.0,500,2018,18,2
C00508804,2182018.0,250,2018,18,2
C00508804,2182018.0,500,2018,18,2
C00508804,2052018.0,1000,2018,05,2
C00508804,2052018.0,300,2018,05,2
C00508804,2052018.0,500,2018,05,2
C00508804,2052018.0,250,2018,05,2
C00508804,2052018.0,1000,2018,05,2
C00508804,2052018.0,500,2018,05,2
C00508804,2052018.0,500,2018,05,2
C00508804,2052018.0,250,2018,05,2
C00508804,2062018.0,80,2018,06,2
C00508804,2062018.0,100,2018,06,2
C00508804,2062018.0,250,2018,06,2
C00508804,2282018.0,25,2018,28,2
C00508804,2282018.0,25,2018,28,2
C00508804,2282018.0,25,2018,28,2
C00508804,2282018.0,100,2018,28,2
C00508804,2022018.0,1700,2018,02,2
C00508804,2232018.0,100,2018,23,2
C00508804,2232018.0,500,2018,23,2
C00508804,2232018.0,500,2018,23,2
C00508804,2232018.0,250,2018,23,2
C00508804,2232018.0,1000,2018,23,2
C00508804,2242018.0,250,2018,24,2
C00508804,2242018.0,250,2018,24,2
C00508804,2242018.0,50,2018,24,2
C00508804,2242018.0,250,2018,24,2
C00508804,2022018.0,50,2018,02,2
C00508804,2022018.0,500,2018,02,2
C00508804,2242018.0,500,2018,24,2
C00508804,2242018.0,100,2018,24,2
C00508804,2242018.0,200,2018,24,2
C00508804,2282018.0,500,2018,28,2
C00508804,2282018.0,500,2018,28,2
C00508804,2282018.0,50,2018,28,2
C00508804,2022018.0,1000,2018,02,2
C00508804,2022018.0,1000,2018,02,2
C00508804,2022018.0,1000,2018,02,2
C00508804,2022018.0,250,2018,02,2
C00508804,2022018.0,1000,2018,02,2
C00508804,2022018.0,2700,2018,02,2
C00508804,2022018.0,2700,2018,02,2
C00508804,2022018.0,2700,2018,02,2
C00508804,2022018.0,2700,2018,02,2
C00508804,2022018.0,500,2018,02,2
C00508804,2022018.0,333,2018,02,2
C00508804,2022018.0,250,2018,02,2
C00508804,2032018.0,25,2018,03,2
C00508804,2032018.0,50,2018,03,2
C00508804,2042018.0,-800,2018,04,2
C00508804,2042018.0,100,2018,04,2
C00508804,2152018.0,800,2018,15,2
C00508804,2152018.0,25,2018,15,2
C00508804,2152018.0,90,2018,15,2
C00508804,2152018.0,410,2018,15,2
C00508804,2152018.0,250,2018,15,2
C00508804,2152018.0,500,2018,15,2
C00508804,2152018.0,100,2018,15,2
C00508804,2152018.0,500,2018,15,2
C00508804,2152018.0,230,2018,15,2
C00508804,2152018.0,1000,2018,15,2
C00508804,2152018.0,1000,2018,15,2
C00508804,2152018.0,25,2018,15,2
C00508804,2152018.0,10,2018,15,2
C00508804,2042018.0,10,2018,04,2
C00508804,2042018.0,1000,2018,04,2
C00508804,2042018.0,25,2018,04,2
C00508804,2042018.0,1000,2018,04,2
C00508804,2152018.0,50,2018,15,2
C00508804,2212018.0,2700,2018,21,2
C00508804,2212018.0,2700,2018,21,2
C00508804,2212018.0,1000,2018,21,2
C00508804,2212018.0,2700,2018,21,2
C00508804,2212018.0,500,2018,21,2
C00508804,2212018.0,2700,2018,21,2
C00508804,2162018.0,223,2018,16,2
C00508804,2162018.0,100,2018,16,2
C00508804,2162018.0,50,2018,16,2
C00508804,2222018.0,25,2018,22,2
C00508804,2222018.0,25,2018,22,2
C00508804,2222018.0,250,2018,22,2
C00508804,2222018.0,25,2018,22,2
C00508804,2222018.0,25,2018,22,2
C00508804,2222018.0,250,2018,22,2
C00508804,2222018.0,250,2018,22,2
C00508804,2222018.0,25,2018,22,2
C00508804,2222018.0,250,2018,22,2
C00508804,2222018.0,1700,2018,22,2
C00508804,2222018.0,500,2018,22,2
C00508804,2262018.0,300,2018,26,2
C00508804,2222018.0,700,2018,22,2
C00508804,2222018.0,125,2018,22,2
C00508804,2222018.0,4,2018,22,2
C00508804,2162018.0,100,2018,16,2
C00508804,2162018.0,20,2018,16,2
C00508804,2162018.0,500,2018,16,2
C00508804,2162018.0,25,2018,16,2
C00508804,2162018.0,100,2018,16,2
C00508804,2162018.0,5,2018,16,2
C00508804,2162018.0,20,2018,16,2
C00508804,2162018.0,50,2018,16,2
C00508804,2202018.0,2700,2018,20,2
C00508804,2202018.0,1000,2018,20,2
C00508804,2202018.0,250,2018,20,2
C00508804,2272018.0,100,2018,27,2
C00508804,2272018.0,1000,2018,27,2
C00508804,2272018.0,250,2018,27,2
C00508804,2272018.0,250,2018,27,2
C00508804,2272018.0,150,2018,27,2
C00508804,2272018.0,250,2018,27,2
C00508804,2272018.0,1000,2018,27,2
C00508804,2272018.0,25,2018,27,2
C00508804,2202018.0,500,2018,20,2
C00508804,2202018.0,250,2018,20,2
C00508804,2202018.0,1000,2018,20,2
C00508804,2202018.0,250,2018,20,2
C00508804,2202018.0,1000,2018,20,2
C00508804,2212018.0,20,2018,21,2
C00508804,2202018.0,1000,2018,20,2
C00508804,2202018.0,1000,2018,20,2
C00508804,2212018.0,1000,2018,21,2
C00508804,2072018.0,400,2018,07,2
C00508804,2062018.0,2700,2018,06,2
C00508804,2062018.0,2700,2018,06,2
C00508804,2262018.0,250,2018,26,2
C00508804,2272018.0,25,2018,27,2
C00508804,2272018.0,50,2018,27,2
C00508804,2272018.0,100,2018,27,2
C00508804,2272018.0,100,2018,27,2
C00508804,2272018.0,50,2018,27,2
C00508804,2272018.0,2000,2018,27,2
C00508804,2272018.0,100,2018,27,2
C00508804,2272018.0,250,2018,27,2
C00508804,2272018.0,500,2018,27,2
C00508804,2272018.0,1000,2018,27,2
C00508804,2272018.0,2700,2018,27,2
C00508804,2272018.0,500,2018,27,2
C00508804,2272018.0,250,2018,27,2
C00508804,2272018.0,400,2018,27,2
C00508804,2272018.0,250,2018,27,2
C00508804,2272018.0,2500,2018,27,2
C00508804,2272018.0,250,2018,27,2
C00508804,2272018.0,500,2018,27,2
C00508804,2272018.0,250,2018,27,2
C00508804,2272018.0,250,2018,27,2
C00508804,2272018.0,1000,2018,27,2
C00508804,2272018.0,250,2018,27,2
C00508804,2272018.0,10,2018,27,2
C00508804,2272018.0,250,2018,27,2
C00508804,2272018.0,500,2018,27,2
C00508804,2272018.0,1000,2018,27,2
C00508804,2272018.0,250,2018,27,2
C00508804,2272018.0,250,2018,27,2
C00508804,2272018.0,250,2018,27,2
C00508804,2272018.0,1000,2018,27,2
C00508804,2272018.0,500,2018,27,2
C00508804,2282018.0,1000,2018,28,2
C00508804,2282018.0,500,2018,28,2
C00508804,2212018.0,500,2018,21,2
C00508804,2212018.0,250,2018,21,2
C00508804,2212018.0,25,2018,21,2
C00508804,2212018.0,500,2018,21,2
C00508804,2212018.0,2200,2018,21,2
C00508804,2212018.0,250,2018,21,2
C00508804,2272018.0,135,2018,27,2
C00508804,2272018.0,250,2018,27,2
C00508804,2272018.0,500,2018,27,2
C00508804,2272018.0,250,2018,27,2
C00508804,2282018.0,50,2018,28,2
C00508804,2282018.0,400,2018,28,2
C00508804,2282018.0,100,2018,28,2
C00508804,2282018.0,100,2018,28,2
C00508804,2282018.0,500,2018,28,2
C00508804,2282018.0,100,2018,28,2
C00508804,2282018.0,25,2018,28,2
C00508804,2212018.0,25,2018,21,2
C00508804,2212018.0,250,2018,21,2
C00508804,2212018.0,250,2018,21,2
C00508804,2262018.0,10,2018,26,2
C00508804,2262018.0,10,2018,26,2
C00508804,2262018.0,50,2018,26,2
C00508804,2262018.0,120,2018,26,2
C00508804,2262018.0,200,2018,26,2
C00508804,2262018.0,250,2018,26,2
C00508804,2262018.0,25,2018,26,2
C00508804,2262018.0,250,2018,26,2
C00508804,2262018.0,1000,2018,26,2
C00508804,2262018.0,1000,2018,26,2
C00508804,2262018.0,1000,2018,26,2
C00508804,2262018.0,1000,2018,26,2
C00508804,2282018.0,340,2018,28,2
C00508804,2282018.0,250,2018,28,2
C00508804,2072018.0,2000,2018,07,2
C00508804,2072018.0,50,2018,07,2
C00508804,2072018.0,25,2018,07,2
C00508804,2072018.0,2700,2018,07,2
C00508804,2072018.0,500,2018,07,2
C00508804,2072018.0,1000,2018,07,2
C00508804,2072018.0,500,2018,07,2
C00508804,2072018.0,2000,2018,07,2
C00508804,2072018.0,250,2018,07,2
C00508804,2072018.0,250,2018,07,2
C00508804,2072018.0,250,2018,07,2
C00508804,2072018.0,250,2018,07,2
C00508804,2262018.0,250,2018,26,2
C00508804,2262018.0,500,2018,26,2
C00508804,2082018.0,250,2018,08,2
C00508804,2082018.0,40,2018,08,2
C00508804,2082018.0,10,2018,08,2
C00508804,2082018.0,10,2018,08,2
C00508804,2142018.0,199,2018,14,2
C00508804,2152018.0,50,2018,15,2
C00508804,2182018.0,12,2018,18,2
C00508804,2182018.0,150,2018,18,2
C00508804,2252018.0,25,2018,25,2
C00508804,2252018.0,150,2018,25,2
C00508804,2252018.0,1,2018,25,2
C00508804,2252018.0,100,2018,25,2
C00508804,2252018.0,3,2018,25,2
C00508804,2272018.0,17,2018,27,2
C00508804,2272018.0,3,2018,27,2
C00508804,2142018.0,1050,2018,14,2
C00508804,2282018.0,100,2018,28,2
C00508804,2282018.0,5,2018,28,2
C00508804,2282018.0,1000,2018,28,2
C00508804,2282018.0,50,2018,28,2
C00508804,2282018.0,250,2018,28,2
C00508804,2282018.0,1000,2018,28,2
C00508804,2282018.0,250,2018,28,2
C00508804,2282018.0,2000,2018,28,2
C00508804,2282018.0,1000,2018,28,2
C00508804,2282018.0,1000,2018,28,2
C00508804,2282018.0,250,2018,28,2
C00508804,2262018.0,500,2018,26,2
C00508804,2262018.0,500,2018,26,2
C00508804,2282018.0,50,2018,28,2
C00508804,2282018.0,50,2018,28,2
C00508804,2282018.0,50,2018,28,2
C00508804,2282018.0,27,2018,28,2
C00508804,2282018.0,27,2018,28,2
C00508804,2282018.0,50,2018,28,2
C00508804,2282018.0,25,2018,28,2
C00508804,2282018.0,40,2018,28,2
C00508804,2282018.0,50,2018,28,2
C00508804,2282018.0,15,2018,28,2
C00508804,2282018.0,100,2018,28,2
C00508804,2282018.0,100,2018,28,2
C00508804,2282018.0,10,2018,28,2
C00508804,2282018.0,10,2018,28,2
C00508804,2282018.0,25,2018,28,2
C00508804,2282018.0,10,2018,28,2
C00508804,2282018.0,50,2018,28,2
C00508804,2282018.0,200,2018,28,2
C00508804,2282018.0,25,2018,28,2
C00508804,2282018.0,50,2018,28,2
C00508804,2042018.0,1,2018,04,2
C00508804,2042018.0,19,2018,04,2
C00508804,2042018.0,20,2018,04,2
C00508804,2062018.0,500,2018,06,2
C00508804,2062018.0,50,2018,06,2
C00508804,2082018.0,5,2018,08,2
C00508804,2082018.0,25,2018,08,2
C00508804,2112018.0,300,2018,11,2
C00508804,2112018.0,25,2018,11,2
C00508804,2132018.0,7,2018,13,2
C00508804,2132018.0,7,2018,13,2
C00508804,2132018.0,50,2018,13,2
C00508804,2242018.0,2700,2018,24,2
C00508804,2242018.0,2700,2018,24,2
C00508804,2252018.0,50,2018,25,2
C00508804,2252018.0,80,2018,25,2
C00508804,2252018.0,100,2018,25,2
C00508804,2252018.0,100,2018,25,2
C00508804,2252018.0,100,2018,25,2
C00508804,2252018.0,500,2018,25,2
C00508804,2252018.0,50,2018,25,2
C00508804,2252018.0,35,2018,25,2
C00508804,2252018.0,100,2018,25,2
C00508804,2252018.0,100,2018,25,2
C00508804,2252018.0,50,2018,25,2
C00508804,2252018.0,7,2018,25,2
C00508804,2172018.0,100,2018,17,2
C00508804,2172018.0,2000,2018,17,2
C00508804,2172018.0,7,2018,17,2
C00508804,2172018.0,10,2018,17,2
C00508804,2172018.0,100,2018,17,2
C00508804,2172018.0,25,2018,17,2
C00508804,2172018.0,150,2018,17,2
C00508804,2172018.0,300,2018,17,2
C00508804,2172018.0,400,2018,17,2
C00508804,2172018.0,50,2018,17,2
C00508804,2172018.0,25,2018,17,2
C00508804,2172018.0,150,2018,17,2
C00508804,2172018.0,1000,2018,17,2
C00508804,2172018.0,2700,2018,17,2
C00508804,2172018.0,1000,2018,17,2
C00508804,2172018.0,1000,2018,17,2
C00508804,2222018.0,500,2018,22,2
C00508804,2222018.0,250,2018,22,2
C00508804,2222018.0,250,2018,22,2
C00508804,2222018.0,2700,2018,22,2
C00508804,2222018.0,1000,2018,22,2
C00508804,2222018.0,500,2018,22,2
C00508804,2232018.0,200,2018,23,2
C00508804,2032018.0,100,2018,03,2
C00508804,2032018.0,100,2018,03,2
C00508804,2032018.0,250,2018,03,2
C00508804,2032018.0,500,2018,03,2
C00508804,2032018.0,500,2018,03,2
C00508804,2232018.0,500,2018,23,2
C00508804,2232018.0,25,2018,23,2
C00508804,2232018.0,500,2018,23,2
C00508804,2232018.0,25,2018,23,2
C00508804,2102018.0,7,2018,10,2
C00508804,2102018.0,100,2018,10,2
C00508804,2252018.0,50,2018,25,2
C00508804,2252018.0,10,2018,25,2
C00508804,2252018.0,100,2018,25,2
C00508804,2252018.0,25,2018,25,2
C00508804,2282018.0,100,2018,28,2
C00508804,2282018.0,100,2018,28,2
C00508804,2282018.0,250,2018,28,2
C00508804,2282018.0,25,2018,28,2
C00508804,2282018.0,25,2018,28,2
C00508804,2282018.0,250,2018,28,2
C00508804,2282018.0,25,2018,28,2
C00508804,2282018.0,25,2018,28,2
C00508804,2282018.0,100,2018,28,2
C00508804,2232018.0,10,2018,23,2
C00508804,2232018.0,10,2018,23,2
C00508804,2232018.0,50,2018,23,2
C00508804,2232018.0,50,2018,23,2
C00508804,2232018.0,10,2018,23,2
C00508804,2232018.0,12,2018,23,2
C00508804,2232018.0,500,2018,23,2
C00508804,2232018.0,100,2018,23,2
C00508804,2272018.0,2700,2018,27,2
C00508804,2272018.0,1000,2018,27,2
C00508804,2272018.0,1000,2018,27,2
C00508804,2272018.0,1000,2018,27,2
C00508804,2272018.0,1000,2018,27,2
C00508804,2272018.0,1000,2018,27,2
C00508804,2272018.0,1000,2018,27,2
C00508804,2272018.0,1000,2018,27,2
C00508804,2272018.0,1000,2018,27,2
C00508804,2272018.0,500,2018,27,2
C00508804,2272018.0,250,2018,27,2
C00508804,2272018.0,500,2018,27,2
C00508804,2102018.0,250,2018,10,2
C00508804,2102018.0,50,2018,10,2
C00508804,2102018.0,100,2018,10,2
C00508804,2102018.0,100,2018,10,2
C00508804,2102018.0,100,2018,10,2
C00508804,2102018.0,16,2018,10,2
C00508804,2102018.0,500,2018,10,2
C00508804,2282018.0,25,2018,28,2
C00508804,2282018.0,25,2018,28,2
C00508804,2282018.0,250,2018,28,2
C00508804,2282018.0,100,2018,28,2
C00508804,2282018.0,100,2018,28,2
C00508804,2282018.0,250,2018,28,2
C00508804,2282018.0,10,2018,28,2
C00508804,2272018.0,250,2018,27,2
C00508804,2282018.0,10,2018,28,2
C00508804,2282018.0,250,2018,28,2
C00508804,2282018.0,100,2018,28,2
C00508804,2282018.0,40,2018,28,2
C00508804,2282018.0,50,2018,28,2
C00508804,2282018.0,2700,2018,28,2
C00508804,2282018.0,100,2018,28,2
C00508804,2282018.0,300,2018,28,2
C00508804,2282018.0,100,2018,28,2
C00508804,2282018.0,100,2018,28,2
C00508804,2282018.0,100,2018,28,2
C00508804,2282018.0,100,2018,28,2
C00508804,2282018.0,500,2018,28,2
C00508804,2282018.0,500,2018,28,2
C00508804,2282018.0,10,2018,28,2
C00508804,2282018.0,80,2018,28,2
C00508804,2282018.0,40,2018,28,2
C00508804,2282018.0,100,2018,28,2
C00508804,2282018.0,25,2018,28,2
C00508804,2282018.0,25,2018,28,2
C00508804,2282018.0,25,2018,28,2
C00508804,2282018.0,5,2018,28,2
C00508804,2282018.0,10,2018,28,2
C00508804,2282018.0,25,2018,28,2
C00508804,2282018.0,250,2018,28,2
C00508804,2092018.0,50,2018,09,2
C00508804,2092018.0,500,2018,09,2
C00508804,2092018.0,150,2018,09,2
C00508804,2092018.0,200,2018,09,2
C00508804,2092018.0,1000,2018,09,2
C00508804,2092018.0,2700,2018,09,2
C00508804,2092018.0,2700,2018,09,2
C00508804,2152018.0,25,2018,15,2
C00508804,2152018.0,2700,2018,15,2
C00508804,2152018.0,5,2018,15,2
C00508804,2152018.0,50,2018,15,2
C00508804,2152018.0,50,2018,15,2
C00508804,2152018.0,25,2018,15,2
C00508804,2152018.0,100,2018,15,2
C00508804,2152018.0,250,2018,15,2
C00508804,2052018.0,250,2018,05,2
C00508804,2112018.0,7,2018,11,2
C00508804,2112018.0,25,2018,11,2
C00508804,2112018.0,100,2018,11,2
C00508804,2112018.0,50,2018,11,2
C00508804,2112018.0,100,2018,11,2
C00508804,2112018.0,300,2018,11,2
C00508804,2112018.0,100,2018,11,2
C00508804,2112018.0,2700,2018,11,2
C00508804,2112018.0,250,2018,11,2
C00508804,2112018.0,250,2018,11,2
C00508804,2142018.0,250,2018,14,2
C00508804,2102018.0,100,2018,10,2
C00508804,2102018.0,1000,2018,10,2
C00508804,2102018.0,250,2018,10,2
C00508804,2102018.0,1000,2018,10,2
C00508804,2102018.0,1000,2018,10,2
C00508804,2102018.0,500,2018,10,2
C00508804,2102018.0,250,2018,10,2
C00508804,2102018.0,250,2018,10,2
C00508804,2112018.0,1000,2018,11,2
C00508804,2112018.0,250,2018,11,2
C00508804,2012018.0,250,2018,01,2
C00508804,2012018.0,100,2018,01,2
C00508804,2012018.0,25,2018,01,2
C00508804,2012018.0,-9,2018,01,2
C00508804,2012018.0,50,2018,01,2
C00508804,2012018.0,100,2018,01,2
C00508804,2012018.0,200,2018,01,2
C00508804,2012018.0,100,2018,01,2
C00508804,2012018.0,1000,2018,01,2
C00508804,2092018.0,2700,2018,09,2
C00508804,2092018.0,2700,2018,09,2
C00508804,2062018.0,1000,2018,06,2
C00508804,2062018.0,50,2018,06,2
C00508804,2062018.0,100,2018,06,2
C00508804,2062018.0,300,2018,06,2
C00508804,2062018.0,700,2018,06,2
C00508804,2062018.0,250,2018,06,2
C00508804,2062018.0,25,2018,06,2
C00508804,2062018.0,25,2018,06,2
C00508804,2062018.0,100,2018,06,2
C00508804,2062018.0,1000,2018,06,2
C00508804,2062018.0,2700,2018,06,2
C00508804,2062018.0,500,2018,06,2
C00508804,2062018.0,1000,2018,06,2
C00508804,2062018.0,1000,2018,06,2
C00508804,2062018.0,1000,2018,06,2
C00508804,2142018.0,100,2018,14,2
C00508804,2142018.0,300,2018,14,2
C00508804,2142018.0,250,2018,14,2
C00508804,2142018.0,500,2018,14,2
C00508804,2132018.0,250,2018,13,2
C00508804,2112018.0,100,2018,11,2
C00508804,2132018.0,250,2018,13,2
C00508804,2132018.0,250,2018,13,2
C00508804,2132018.0,500,2018,13,2
C00508804,2092018.0,500,2018,09,2
C00508804,2092018.0,300,2018,09,2
C00508804,2102018.0,50,2018,10,2
C00508804,2102018.0,250,2018,10,2
C00508804,2102018.0,100,2018,10,2
C00508804,2102018.0,10,2018,10,2
C00508804,2102018.0,250,2018,10,2
C00508804,2102018.0,35,2018,10,2
C00508804,2102018.0,250,2018,10,2
C00508804,2102018.0,10,2018,10,2
C00508804,2102018.0,25,2018,10,2
C00508804,2102018.0,500,2018,10,2
C00508804,2132018.0,25,2018,13,2
C00508804,2062018.0,1000,2018,06,2
C00508804,2062018.0,1000,2018,06,2
C00508804,2062018.0,2700,2018,06,2
C00508804,2062018.0,2700,2018,06,2
C00508804,2122018.0,500,2018,12,2
C00508804,2122018.0,1000,2018,12,2
C00508804,2122018.0,250,2018,12,2
C00508804,2122018.0,1000,2018,12,2
C00508804,2122018.0,500,2018,12,2
C00508804,2122018.0,100,2018,12,2
C00508804,2122018.0,300,2018,12,2
C00508804,2122018.0,700,2018,12,2
C00508804,2122018.0,250,2018,12,2
C00508804,2122018.0,700,2018,12,2
C00508804,2122018.0,1800,2018,12,2
C00508804,2122018.0,1150,2018,12,2
C00508804,2122018.0,340,2018,12,2
C00508804,2122018.0,100,2018,12,2
C00508804,2122018.0,100,2018,12,2
C00508804,2122018.0,1000,2018,12,2
C00508804,2152018.0,100,2018,15,2
C00508804,2152018.0,100,2018,15,2
C00508804,2282018.0,15,2018,28,2
C00508804,2282018.0,100,2018,28,2
C00508804,2012018.0,500,2018,01,2
C00508804,2012018.0,300,2018,01,2
C00508804,2012018.0,1000,2018,01,2
C00508804,2012018.0,340,2018,01,2
C00508804,2012018.0,250,2018,01,2
C00508804,2012018.0,250,2018,01,2
C00508804,2012018.0,500,2018,01,2
C00508804,2012018.0,300,2018,01,2
C00508804,2022018.0,500,2018,02,2
C00508804,2022018.0,2700,2018,02,2
C00508804,2022018.0,1000,2018,02,2
C00508804,2022018.0,300,2018,02,2
C00508804,2082018.0,35,2018,08,2
C00508804,2082018.0,50,2018,08,2
C00508804,2082018.0,1000,2018,08,2
C00508804,2152018.0,250,2018,15,2
C00508804,2152018.0,100,2018,15,2
C00508804,2152018.0,100,2018,15,2
C00508804,2152018.0,1000,2018,15,2
C00508804,2152018.0,100,2018,15,2
C00508804,2152018.0,250,2018,15,2
C00508804,2152018.0,250,2018,15,2
C00508804,2152018.0,250,2018,15,2
C00508804,2152018.0,500,2018,15,2
C00508804,2152018.0,1250,2018,15,2
C00508804,2152018.0,250,2018,15,2
C00508804,2152018.0,250,2018,15,2
C00508804,2152018.0,1000,2018,15,2
C00508804,2152018.0,2700,2018,15,2
C00508804,2152018.0,1000,2018,15,2
C00508804,2152018.0,500,2018,15,2
C00508804,2152018.0,1000,2018,15,2
C00508804,2152018.0,500,2018,15,2
C00508804,2152018.0,250,2018,15,2
C00508804,2192018.0,500,2018,19,2
C00508804,2192018.0,500,2018,19,2
C00508804,2192018.0,250,2018,19,2
C00508804,2192018.0,2700,2018,19,2
C00508804,2192018.0,500,2018,19,2
C00508804,2012018.0,9,2018,01,2
C00508804,2042018.0,100,2018,04,2
C00508804,2042018.0,800,2018,04,2
C00508804,2082018.0,85,2018,08,2
C00508804,2082018.0,50,2018,08,2
C00508804,2082018.0,10,2018,08,2
C00508804,2132018.0,100,2018,13,2
C00508804,2132018.0,3,2018,13,2
C00508804,2132018.0,100,2018,13,2
C00508804,2132018.0,10,2018,13,2
C00508804,2132018.0,1000,2018,13,2
C00508804,2132018.0,250,2018,13,2
C00508804,2132018.0,25,2018,13,2
C00508804,2132018.0,500,2018,13,2
C00508804,2132018.0,100,2018,13,2
C00508804,2132018.0,100,2018,13,2
C00508804,2132018.0,100,2018,13,2
C00508804,2132018.0,100,2018,13,2
C00508804,2132018.0,100,2018,13,2
C00508804,2132018.0,500,2018,13,2
C00508804,2082018.0,1000,2018,08,2
C00508804,2082018.0,500,2018,08,2
C00508804,2082018.0,1000,2018,08,2
C00508804,2082018.0,500,2018,08,2
C00508804,2082018.0,250,2018,08,2
C00508804,2092018.0,200,2018,09,2
C00508804,2082018.0,250,2018,08,2
C00508804,2082018.0,250,2018,08,2
C00508804,2092018.0,150,2018,09,2
C00508804,2092018.0,10,2018,09,2
C00508804,2092018.0,500,2018,09,2
C00508804,2092018.0,250,2018,09,2
C00508804,2092018.0,1000,2018,09,2
C00508804,2132018.0,250,2018,13,2
C00508804,2132018.0,250,2018,13,2
C00508804,2132018.0,500,2018,13,2
C00508804,2132018.0,1000,2018,13,2
C00508804,2092018.0,100,2018,09,2
C00508804,2122018.0,2350,2018,12,2
C00508804,2122018.0,500,2018,12,2
C00508804,2122018.0,250,2018,12,2
C00508804,2122018.0,500,2018,12,2
C00508804,2122018.0,250,2018,12,2
C00508804,2122018.0,500,2018,12,2
C00508804,2192018.0,500,2018,19,2
C00508804,2202018.0,1000,2018,20,2
C00508804,2202018.0,500,2018,20,2
C00508804,2202018.0,1000,2018,20,2
C00508804,2202018.0,10,2018,20,2
C00508804,2202018.0,500,2018,20,2
C00508804,2202018.0,100,2018,20,2
C00508804,2202018.0,100,2018,20,2
C00508804,2202018.0,15,2018,20,2
C00508804,2202018.0,100,2018,20,2
C00508804,2202018.0,1000,2018,20,2
C00508804,2202018.0,2700,2018,20,2
C00508804,2202018.0,1000,2018,20,2
C00508804,2202018.0,500,2018,20,2
C00508804,2202018.0,1000,2018,20,2
C00508804,2202018.0,2700,2018,20,2
C00508804,2202018.0,1000,2018,20,2
C00508804,2252018.0,50,2018,25,2
C00508804,2252018.0,25,2018,25,2
C00508804,2252018.0,250,2018,25,2
C00508804,2252018.0,250,2018,25,2
C00508804,2192018.0,100,2018,19,2
C00508804,2192018.0,100,2018,19,2
C00508804,2192018.0,1000,2018,19,2
C00508804,2192018.0,25,2018,19,2
C00508804,2192018.0,200,2018,19,2
C00508804,2192018.0,300,2018,19,2
C00508804,2192018.0,828,2018,19,2
C00508804,2192018.0,250,2018,19,2
C00508804,2192018.0,2700,2018,19,2
C00508804,2192018.0,2700,2018,19,2
C00508804,2192018.0,1000,2018,19,2
C00508804,2192018.0,1000,2018,19,2
C00508804,2192018.0,500,2018,19,2
C00508804,2242018.0,500,2018,24,2
C00508804,2132018.0,1000,2018,13,2
C00508804,2132018.0,500,2018,13,2
C00508804,2132018.0,1000,2018,13,2
C00508804,2132018.0,1000,2018,13,2
C00508804,2142018.0,50,2018,14,2
C00508804,2142018.0,500,2018,14,2
C00508804,2132018.0,1000,2018,13,2
C00508804,2162018.0,100,2018,16,2
C00508804,2162018.0,100,2018,16,2
C00508804,2162018.0,250,2018,16,2
C00508804,2162018.0,100,2018,16,2
C00508804,2162018.0,25,2018,16,2
C00508804,2162018.0,50,2018,16,2
C00508804,2162018.0,750,2018,16,2
C00508804,2162018.0,500,2018,16,2
C00508804,2162018.0,50,2018,16,2
C00508804,2162018.0,100,2018,16,2
C00508804,2162018.0,2700,2018,16,2
C00508804,2122018.0,250,2018,12,2
C00508804,2122018.0,1000,2018,12,2
C00508804,2132018.0,200,2018,13,2
C00508804,2122018.0,500,2018,12,2
C00508804,2132018.0,200,2018,13,2
C00508804,2132018.0,400,2018,13,2
C00508804,2162018.0,2700,2018,16,2
C00508804,2162018.0,500,2018,16,2
C00508804,2162018.0,250,2018,16,2
C00508804,2162018.0,250,2018,16,2
C00508804,2162018.0,500,2018,16,2
C00508804,2162018.0,2700,2018,16,2
C00508804,2132018.0,400,2018,13,2
C00508804,2132018.0,10,2018,13,2
C00508804,2132018.0,60,2018,13,2
C00508804,2132018.0,250,2018,13,2
C00508804,2132018.0,50,2018,13,2
C00508804,2132018.0,100,2018,13,2
C00508804,2162018.0,25,2018,16,2
C00508804,2162018.0,50,2018,16,2
C00508804,2162018.0,250,2018,16,2
C00508804,2162018.0,100,2018,16,2
C00508804,2162018.0,500,2018,16,2
C00508804,2262018.0,50,2018,26,2
C00508804,2262018.0,250,2018,26,2
C00508804,2262018.0,250,2018,26,2
C00508804,2262018.0,200,2018,26,2
C00508804,2262018.0,50,2018,26,2
C00508804,2282018.0,10,2018,28,2
C00508804,2142018.0,15,2018,14,2
C00508804,2142018.0,10,2018,14,2
C00508804,2142018.0,100,2018,14,2
C00508804,2142018.0,1302,2018,14,2
C00508804,2142018.0,1697,2018,14,2
C00508804,2142018.0,100,2018,14,2
C00508804,2142018.0,-199,2018,14,2
C00384529,2152018.0,250,2018,15,2
C00384529,2152018.0,1000,2018,15,2
C00384529,2232018.0,250,2018,23,2
C00384529,2152018.0,500,2018,15,2
C00384529,2152018.0,500,2018,15,2
C00650374,2022018.0,250,2018,02,2
C00650374,2282018.0,1000,2018,28,2
C00650374,2072018.0,2700,2018,07,2
C00650374,2082018.0,300,2018,08,2
C00650374,2122018.0,250,2018,12,2
C00650374,2052018.0,250,2018,05,2
C00650374,2192018.0,25,2018,19,2
C00650374,2262018.0,500,2018,26,2
C00650374,2032018.0,500,2018,03,2
C00650374,2022018.0,25,2018,02,2
C00650374,2282018.0,250,2018,28,2
C00650374,2172018.0,50,2018,17,2
C00650374,2282018.0,2500,2018,28,2
C00650374,2282018.0,100,2018,28,2
C00650374,2072018.0,100,2018,07,2
C00650374,2282018.0,25,2018,28,2
C00650374,2082018.0,250,2018,08,2
C00650374,2282018.0,100,2018,28,2
C00650374,2052018.0,35,2018,05,2
C00650374,2282018.0,500,2018,28,2
C00650374,2282018.0,200,2018,28,2
C00650374,2152018.0,100,2018,15,2
C00650374,2062018.0,10,2018,06,2
C00650374,2282018.0,200,2018,28,2
C00650374,2242018.0,50,2018,24,2
C00650374,2282018.0,25,2018,28,2
C00650374,2262018.0,25,2018,26,2
C00650374,2272018.0,25,2018,27,2
C00650374,2152018.0,1000,2018,15,2
C00650374,2152018.0,-900,2018,15,2
C00650374,2152018.0,900,2018,15,2
C00650374,2012018.0,25,2018,01,2
C00650374,2032018.0,500,2018,03,2
C00650374,2072018.0,25,2018,07,2
C00650374,2132018.0,250,2018,13,2
C00650374,2062018.0,25,2018,06,2
C00650374,2142018.0,50,2018,14,2
C00650374,2282018.0,100,2018,28,2
C00650374,2202018.0,25,2018,20,2
C00650374,2242018.0,25,2018,24,2
C00650374,2052018.0,35,2018,05,2
C00650374,2282018.0,2700,2018,28,2
C00650374,2152018.0,100,2018,15,2
C00650374,2282018.0,25,2018,28,2
C00650374,2122018.0,25,2018,12,2
C00650374,2022018.0,100,2018,02,2
C00650374,2282018.0,25,2018,28,2
C00650374,2132018.0,50,2018,13,2
C00650374,2132018.0,50,2018,13,2
C00650374,2282018.0,25,2018,28,2
C00650374,2162018.0,100,2018,16,2
C00650374,2152018.0,25,2018,15,2
C00650374,2082018.0,50,2018,08,2
C00650374,2132018.0,100,2018,13,2
C00650374,2192018.0,35,2018,19,2
C00650374,2072018.0,1000,2018,07,2
C00650374,2032018.0,25,2018,03,2
C00650374,2282018.0,50,2018,28,2
C00650374,2132018.0,25,2018,13,2
C00650374,2072018.0,2700,2018,07,2
C00650374,2072018.0,20,2018,07,2
C00650374,2262018.0,25,2018,26,2
C00650374,2262018.0,25,2018,26,2
C00650374,2202018.0,250,2018,20,2
C00650374,2022018.0,2700,2018,02,2
C00650374,2202018.0,250,2018,20,2
C00650374,2282018.0,500,2018,28,2
C00650374,2282018.0,100,2018,28,2
C00650374,2282018.0,25,2018,28,2
C00650374,2132018.0,25,2018,13,2
C00650374,2282018.0,1000,2018,28,2
C00650374,2092018.0,50,2018,09,2
C00650374,2282018.0,100,2018,28,2
C00650374,2282018.0,500,2018,28,2
C00650374,2222018.0,25,2018,22,2
C00650374,2022018.0,10,2018,02,2
C00650374,2132018.0,25,2018,13,2
C00650374,2172018.0,50,2018,17,2
C00650374,2282018.0,250,2018,28,2
C00650374,2132018.0,15,2018,13,2
C00650374,2282018.0,750,2018,28,2
C00650374,2282018.0,2700,2018,28,2
C00650374,2222018.0,100,2018,22,2
C00650374,2282018.0,1000,2018,28,2
C00650374,2282018.0,2500,2018,28,2
C00650374,2242018.0,75,2018,24,2
C00650374,2282018.0,100,2018,28,2
C00650374,2282018.0,150,2018,28,2
C00650374,2182018.0,10,2018,18,2
C00650374,2282018.0,25,2018,28,2
C00650374,2262018.0,35,2018,26,2
C00650374,2282018.0,500,2018,28,2
C00650374,2282018.0,50,2018,28,2
C00650374,2222018.0,25,2018,22,2
C00650374,2282018.0,250,2018,28,2
C00650374,2212018.0,250,2018,21,2
C00650374,2072018.0,75,2018,07,2
C00650374,2202018.0,250,2018,20,2
C00650374,2282018.0,75,2018,28,2
C00650374,2222018.0,250,2018,22,2
C00650374,2202018.0,25,2018,20,2
C00650374,2202018.0,50,2018,20,2
C00650374,2062018.0,50,2018,06,2
C00650374,2272018.0,300,2018,27,2
C00650374,2082018.0,2700,2018,08,2
C00650374,2262018.0,500,2018,26,2
C00650374,2282018.0,250,2018,28,2
C00650374,2132018.0,250,2018,13,2
C00650374,2282018.0,250,2018,28,2
C00650374,2232018.0,50,2018,23,2
C00650374,2282018.0,500,2018,28,2
C00650374,2282018.0,100,2018,28,2
C00650374,2282018.0,100,2018,28,2
C00650374,2282018.0,150,2018,28,2
C00650374,2162018.0,50,2018,16,2
C00650374,2052018.0,100,2018,05,2
C00650374,2242018.0,100,2018,24,2
C00650374,2282018.0,100,2018,28,2
C00650374,2232018.0,50,2018,23,2
C00650374,2282018.0,100,2018,28,2
C00650374,2152018.0,25,2018,15,2
C00650374,2282018.0,40,2018,28,2
C00650374,2202018.0,50,2018,20,2
C00650374,2282018.0,1000,2018,28,2
C00573758,2092018.0,50,2018,09,2
C00573758,2092018.0,25,2018,09,2
C00573758,2092018.0,50,2018,09,2
C00573758,2282018.0,100,2018,28,2
C00573758,2162018.0,25,2018,16,2
C00573758,2072018.0,25,2018,07,2
C00573758,2092018.0,50,2018,09,2
C00573758,2072018.0,25,2018,07,2
C00573758,2012018.0,10,2018,01,2
C00573758,2022018.0,25,2018,02,2
C00573758,2092018.0,25,2018,09,2
C00573758,2142018.0,5,2018,14,2
C00573758,2272018.0,25,2018,27,2
C00573758,2102018.0,25,2018,10,2
C00573758,2082018.0,25,2018,08,2
C00573758,2282018.0,25,2018,28,2
C00573758,2132018.0,10,2018,13,2
C00573758,2282018.0,25,2018,28,2
C00573758,2282018.0,25,2018,28,2
C00573758,2262018.0,100,2018,26,2
C00573758,2132018.0,25,2018,13,2
C00573758,2212018.0,25,2018,21,2
C00573758,2012018.0,25,2018,01,2
C00573758,2012018.0,25,2018,01,2
C00573758,2202018.0,10,2018,20,2
C00573758,2282018.0,25,2018,28,2
C00573758,2062018.0,10,2018,06,2
C00573758,2282018.0,5,2018,28,2
C00573758,2282018.0,25,2018,28,2
C00573758,2282018.0,25,2018,28,2
C00573758,2282018.0,5,2018,28,2
C00573758,2122018.0,25,2018,12,2
C00573758,2012018.0,25,2018,01,2
C00573758,2012018.0,25,2018,01,2
C00573758,2282018.0,25,2018,28,2
C00573758,2222018.0,50,2018,22,2
C00573758,2092018.0,25,2018,09,2
C00573758,2092018.0,50,2018,09,2
C00573758,2092018.0,15,2018,09,2
C00573758,2212018.0,10,2018,21,2
C00573758,2022018.0,15,2018,02,2
C00573758,2062018.0,25,2018,06,2
C00573758,2282018.0,15,2018,28,2
C00573758,2142018.0,25,2018,14,2
C00573758,2282018.0,5,2018,28,2
C00573758,2232018.0,15,2018,23,2
C00573758,2202018.0,25,2018,20,2
C00573758,2082018.0,5,2018,08,2
C00573758,2202018.0,5,2018,20,2
C00573758,2282018.0,5,2018,28,2
C00573758,2102018.0,5,2018,10,2
C00573758,2282018.0,10,2018,28,2
C00573758,2232018.0,25,2018,23,2
C00573758,2102018.0,25,2018,10,2
C00573758,2282018.0,25,2018,28,2
C00573758,2082018.0,25,2018,08,2
C00573758,2012018.0,25,2018,01,2
C00573758,2072018.0,25,2018,07,2
C00573758,2052018.0,100,2018,05,2
C00573758,2202018.0,5,2018,20,2
C00573758,2252018.0,5,2018,25,2
C00573758,2272018.0,15,2018,27,2
C00573758,2202018.0,5,2018,20,2
C00573758,2232018.0,50,2018,23,2
C00573758,2202018.0,50,2018,20,2
C00573758,2282018.0,25,2018,28,2
C00573758,2132018.0,100,2018,13,2
C00573758,2282018.0,25,2018,28,2
C00573758,2062018.0,5,2018,06,2
C00573758,2282018.0,100,2018,28,2
C00573758,2132018.0,100,2018,13,2
C00573758,2262018.0,25,2018,26,2
C00573758,2182018.0,20,2018,18,2
C00573758,2142018.0,25,2018,14,2
C00573758,2282018.0,25,2018,28,2
C00573758,2282018.0,25,2018,28,2
C00573758,2112018.0,30,2018,11,2
C00573758,2282018.0,100,2018,28,2
C00573758,2042018.0,50,2018,04,2
C00573758,2272018.0,100,2018,27,2
C00573758,2272018.0,25,2018,27,2
C00573758,2072018.0,25,2018,07,2
C00573758,2282018.0,50,2018,28,2
C00573758,2142018.0,100,2018,14,2
C00573758,2092018.0,25,2018,09,2
C00573758,2282018.0,10,2018,28,2
C00573758,2012018.0,50,2018,01,2
C00573758,2282018.0,25,2018,28,2
C00573758,2142018.0,25,2018,14,2
C00573758,2022018.0,25,2018,02,2
C00573758,2082018.0,25,2018,08,2
C00573758,2052018.0,200,2018,05,2
C00573758,2282018.0,20,2018,28,2
C00573758,2062018.0,25,2018,06,2
C00573758,2132018.0,25,2018,13,2
C00573758,2132018.0,10,2018,13,2
C00573758,2232018.0,50,2018,23,2
C00573758,2232018.0,25,2018,23,2
C00573758,2072018.0,50,2018,07,2
C00573758,2142018.0,25,2018,14,2
C00573758,2102018.0,25,2018,10,2
C00573758,2282018.0,25,2018,28,2
C00573758,2022018.0,50,2018,02,2
C00573758,2232018.0,25,2018,23,2
C00573758,2282018.0,25,2018,28,2
C00573758,2022018.0,25,2018,02,2
C00573758,2222018.0,25,2018,22,2
C00573758,2282018.0,25,2018,28,2
C00573758,2162018.0,25,2018,16,2
C00573758,2232018.0,50,2018,23,2
C00573758,2022018.0,1000,2018,02,2
C00573758,2082018.0,1000,2018,08,2
C00573758,2172018.0,100,2018,17,2
C00573758,2202018.0,50,2018,20,2
C00573758,2032018.0,5,2018,03,2
C00573758,2182018.0,5,2018,18,2
C00573758,2012018.0,15,2018,01,2
C00573758,2232018.0,100,2018,23,2
C00573758,2262018.0,25,2018,26,2
C00573758,2282018.0,10,2018,28,2
C00573758,2212018.0,25,2018,21,2
C00573758,2172018.0,100,2018,17,2
C00573758,2282018.0,50,2018,28,2
C00573758,2012018.0,100,2018,01,2
C00573758,2282018.0,25,2018,28,2
C00573758,2102018.0,25,2018,10,2
C00573758,2112018.0,250,2018,11,2
C00573758,2082018.0,25,2018,08,2
C00573758,2152018.0,25,2018,15,2
C00573758,2012018.0,25,2018,01,2
C00573758,2032018.0,100,2018,03,2
C00573758,2282018.0,100,2018,28,2
C00573758,2102018.0,25,2018,10,2
C00573758,2182018.0,15,2018,18,2
C00573758,2282018.0,25,2018,28,2
C00573758,2242018.0,100,2018,24,2
C00573758,2032018.0,25,2018,03,2
C00573758,2082018.0,5,2018,08,2
C00573758,2282018.0,25,2018,28,2
C00573758,2232018.0,25,2018,23,2
C00573758,2282018.0,50,2018,28,2
C00573758,2222018.0,25,2018,22,2
C00573758,2282018.0,100,2018,28,2
C00573758,2282018.0,100,2018,28,2
C00573758,2282018.0,20,2018,28,2
C00573758,2232018.0,50,2018,23,2
C00573758,2082018.0,25,2018,08,2
C00573758,2162018.0,25,2018,16,2
C00573758,2172018.0,25,2018,17,2
C00573758,2222018.0,50,2018,22,2
C00573758,2042018.0,50,2018,04,2
C00573758,2052018.0,25,2018,05,2
C00573758,2282018.0,25,2018,28,2
C00573758,2282018.0,25,2018,28,2
C00573758,2262018.0,25,2018,26,2
C00663146,2202018.0,100,2018,20,2
C00663146,2252018.0,500,2018,25,2
C00663146,2272018.0,2700,2018,27,2
C00663146,2052018.0,250,2018,05,2
C00663146,2262018.0,250,2018,26,2
C00663146,2262018.0,500,2018,26,2
C00663146,2262018.0,500,2018,26,2
C00663146,2222018.0,250,2018,22,2
C00663146,2262018.0,1500,2018,26,2
C00663146,2282018.0,250,2018,28,2
C00663146,2202018.0,100,2018,20,2
C00663146,2262018.0,250,2018,26,2
C00663146,2252018.0,2700,2018,25,2
C00663146,2262018.0,2700,2018,26,2
C00663146,2262018.0,2700,2018,26,2
C00663146,2252018.0,250,2018,25,2
C00663146,2252018.0,1500,2018,25,2
C00663146,2212018.0,700,2018,21,2
C00663146,2212018.0,300,2018,21,2
C00663146,2052018.0,2700,2018,05,2
C00663146,2262018.0,250,2018,26,2
C00663146,2022018.0,500,2018,02,2
C00663146,2212018.0,500,2018,21,2
C00663146,2062018.0,1000,2018,06,2
C00663146,2262018.0,1000,2018,26,2
C00663146,2242018.0,500,2018,24,2
C00663146,2262018.0,500,2018,26,2
C00663146,2272018.0,250,2018,27,2
C00663146,2152018.0,250,2018,15,2
C00663146,2082018.0,1000,2018,08,2
C00663146,2192018.0,500,2018,19,2
C00663146,2202018.0,100,2018,20,2
C00663146,2052018.0,2700,2018,05,2
C00663146,2212018.0,500,2018,21,2
C00663146,2192018.0,2000,2018,19,2
C00663146,2232018.0,250,2018,23,2
C00663146,2262018.0,2000,2018,26,2
C00663146,2262018.0,1260,2018,26,2
C00663146,2262018.0,500,2018,26,2
C00663146,2052018.0,2700,2018,05,2
C00663146,2052018.0,2700,2018,05,2
C00663146,2182018.0,1000,2018,18,2
C00663146,2262018.0,250,2018,26,2
C00663146,2262018.0,2000,2018,26,2
C00663146,2262018.0,2700,2018,26,2
C00663146,2252018.0,250,2018,25,2
C00663146,2052018.0,500,2018,05,2
C00663146,2152018.0,250,2018,15,2
C00663146,2202018.0,250,2018,20,2
C00663146,2232018.0,1000,2018,23,2
C00663146,2202018.0,500,2018,20,2
C00663146,2052018.0,300,2018,05,2
C00663146,2282018.0,500,2018,28,2
C00663146,2122018.0,1000,2018,12,2
C00588772,2282018.0,25,2018,28,2
C00588772,2262018.0,25,2018,26,2
C00588772,2152018.0,25,2018,15,2
C00588772,2282018.0,10,2018,28,2
C00588772,2062018.0,5,2018,06,2
C00588772,2182018.0,125,2018,18,2
C00588772,2162018.0,125,2018,16,2
C00588772,2192018.0,62,2018,19,2
C00588772,2132018.0,12,2018,13,2
C00588772,2072018.0,25,2018,07,2
C00588772,2282018.0,22,2018,28,2
C00588772,2272018.0,5,2018,27,2
C00588772,2162018.0,250,2018,16,2
C00588772,2242018.0,3,2018,24,2
C00588772,2242018.0,5,2018,24,2
C00588772,2272018.0,2,2018,27,2
C00588772,2062018.0,7,2018,06,2
C00588772,2072018.0,7,2018,07,2
C00588772,2142018.0,5,2018,14,2
C00588772,2192018.0,7,2018,19,2
C00588772,2222018.0,10,2018,22,2
C00588772,2202018.0,7,2018,20,2
C00588772,2172018.0,250,2018,17,2
C00588772,2142018.0,5,2018,14,2
C00588772,2172018.0,25,2018,17,2
C00588772,2282018.0,125,2018,28,2
C00588772,2102018.0,25,2018,10,2
C00588772,2272018.0,100,2018,27,2
C00588772,2082018.0,50,2018,08,2
C00588772,2082018.0,25,2018,08,2
C00588772,2242018.0,50,2018,24,2
C00588772,2282018.0,10,2018,28,2
C00588772,2062018.0,5,2018,06,2
C00588772,2072018.0,10,2018,07,2
C00588772,2012018.0,25,2018,01,2
C00588772,2282018.0,25,2018,28,2
C00588772,2162018.0,12,2018,16,2
C00588772,2282018.0,50,2018,28,2
C00588772,2222018.0,12,2018,22,2
C00588772,2162018.0,25,2018,16,2
C00588772,2252018.0,10,2018,25,2
C00588772,2192018.0,5,2018,19,2
C00588772,2042018.0,100,2018,04,2
C00588772,2092018.0,50,2018,09,2
C00588772,2262018.0,50,2018,26,2
C00588772,2152018.0,25,2018,15,2
C00588772,2082018.0,12,2018,08,2
C00588772,2052018.0,12,2018,05,2
C00588772,2112018.0,25,2018,11,2
C00588772,2032018.0,15,2018,03,2
C00588772,2282018.0,50,2018,28,2
C00588772,2032018.0,25,2018,03,2
C00588772,2102018.0,25,2018,10,2
C00588772,2262018.0,125,2018,26,2
C00588772,2202018.0,25,2018,20,2
C00588772,2282018.0,50,2018,28,2
C00588772,2012018.0,25,2018,01,2
C00588772,2272018.0,15,2018,27,2
C00588772,2172018.0,125,2018,17,2
C00588772,2062018.0,1000,2018,06,2
C00588772,2182018.0,37,2018,18,2
C00588772,2282018.0,12,2018,28,2
C00588772,2112018.0,25,2018,11,2
C00588772,2032018.0,7,2018,03,2
C00588772,2202018.0,12,2018,20,2
C00588772,2152018.0,50,2018,15,2
C00588772,2272018.0,50,2018,27,2
C00588772,2162018.0,100,2018,16,2
C00588772,2022018.0,100,2018,02,2
C00588772,2152018.0,5,2018,15,2
C00588772,2162018.0,2000,2018,16,2
C00588772,2252018.0,50,2018,25,2
C00588772,2272018.0,20,2018,27,2
C00588772,2082018.0,25,2018,08,2
C00588772,2162018.0,25,2018,16,2
C00588772,2142018.0,50,2018,14,2
C00588772,2132018.0,25,2018,13,2
C00588772,2092018.0,50,2018,09,2
C00588772,2242018.0,50,2018,24,2
C00588772,2282018.0,50,2018,28,2
C00588772,2162018.0,150,2018,16,2
C00588772,2082018.0,5,2018,08,2
C00588772,2082018.0,25,2018,08,2
C00588772,2202018.0,100,2018,20,2
C00588772,2072018.0,15,2018,07,2
C00588772,2142018.0,50,2018,14,2
C00588772,2052018.0,25,2018,05,2
C00588772,2182018.0,25,2018,18,2
C00588772,2212018.0,12,2018,21,2
C00588772,2192018.0,75,2018,19,2
C00588772,2262018.0,25,2018,26,2
C00588772,2082018.0,50,2018,08,2
C00588772,2282018.0,50,2018,28,2
C00588772,2162018.0,40,2018,16,2
C00588772,2282018.0,100,2018,28,2
C00588772,2262018.0,12,2018,26,2
C00588772,2152018.0,25,2018,15,2
C00588772,2192018.0,25,2018,19,2
C00588772,2192018.0,15,2018,19,2
C00588772,2282018.0,15,2018,28,2
C00588772,2042018.0,2,2018,04,2
C00588772,2092018.0,25,2018,09,2
C00588772,2162018.0,15,2018,16,2
C00588772,2202018.0,20,2018,20,2
C00588772,2172018.0,25,2018,17,2
C00588772,2152018.0,25,2018,15,2
C00588772,2192018.0,25,2018,19,2
C00588772,2212018.0,25,2018,21,2
C00588772,2252018.0,25,2018,25,2
C00588772,2242018.0,25,2018,24,2
C00588772,2262018.0,25,2018,26,2
C00588772,2182018.0,125,2018,18,2
C00588772,2082018.0,25,2018,08,2
C00588772,2042018.0,10,2018,04,2
C00588772,2052018.0,6,2018,05,2
C00588772,2092018.0,70,2018,09,2
C00588772,2182018.0,125,2018,18,2
C00588772,2142018.0,7,2018,14,2
C00588772,2122018.0,15,2018,12,2
C00588772,2242018.0,15,2018,24,2
C00588772,2282018.0,20,2018,28,2
C00588772,2282018.0,25,2018,28,2
C00588772,2182018.0,5,2018,18,2
C00588772,2152018.0,5,2018,15,2
C00588772,2122018.0,10,2018,12,2
C00588772,2242018.0,20,2018,24,2
C00588772,2242018.0,3,2018,24,2
C00588772,2082018.0,12,2018,08,2
C00588772,2052018.0,2,2018,05,2
C00588772,2152018.0,5,2018,15,2
C00588772,2082018.0,1,2018,08,2
C00588772,2192018.0,50,2018,19,2
C00588772,2052018.0,5,2018,05,2
C00588772,2142018.0,12,2018,14,2
C00588772,2192018.0,12,2018,19,2
C00588772,2252018.0,12,2018,25,2
C00588772,2182018.0,15,2018,18,2
C00588772,2092018.0,5,2018,09,2
C00588772,2202018.0,100,2018,20,2
C00588772,2052018.0,50,2018,05,2
C00588772,2192018.0,25,2018,19,2
C00588772,2282018.0,50,2018,28,2
C00588772,2162018.0,62,2018,16,2
C00588772,2192018.0,10,2018,19,2
C00588772,2062018.0,25,2018,06,2
C00588772,2192018.0,15,2018,19,2
C00588772,2172018.0,25,2018,17,2
C00588772,2282018.0,250,2018,28,2
C00588772,2072018.0,25,2018,07,2
C00588772,2182018.0,25,2018,18,2
C00344051,2122018.0,100,2018,12,2
C00344051,2042018.0,70,2018,04,2
C00344051,2202018.0,15,2018,20,2
C00344051,2232018.0,25,2018,23,2
C00344051,2262018.0,25,2018,26,2
C00344051,2232018.0,100,2018,23,2
C00344051,2232018.0,2700,2018,23,2
C00344051,2232018.0,-2700,2018,23,2
C00344051,2242018.0,50,2018,24,2
C00344051,2212018.0,100,2018,21,2
C00344051,2062018.0,500,2018,06,2
C00344051,2262018.0,25,2018,26,2
C00344051,2242018.0,75,2018,24,2
C00344051,2112018.0,25,2018,11,2
C00344051,2202018.0,25,2018,20,2
C00344051,2152018.0,25,2018,15,2
C00344051,2272018.0,25,2018,27,2
C00344051,2122018.0,25,2018,12,2
C00344051,2272018.0,250,2018,27,2
C00344051,2242018.0,250,2018,24,2
C00344051,2252018.0,75,2018,25,2
C00344051,2282018.0,2700,2018,28,2
C00344051,2252018.0,500,2018,25,2
C00344051,2062018.0,75,2018,06,2
C00344051,2242018.0,75,2018,24,2
C00344051,2282018.0,150,2018,28,2
C00344051,2282018.0,25,2018,28,2
C00344051,2242018.0,100,2018,24,2
C00344051,2252018.0,80,2018,25,2
C00344051,2142018.0,500,2018,14,2
C00344051,2232018.0,70,2018,23,2
C00344051,2052018.0,200,2018,05,2
C00344051,2272018.0,200,2018,27,2
C00344051,2052018.0,50,2018,05,2
C00344051,2272018.0,100,2018,27,2
C00344051,2052018.0,100,2018,05,2
C00344051,2252018.0,30,2018,25,2
C00344051,2282018.0,6,2018,28,2
C00344051,2252018.0,150,2018,25,2
C00344051,2222018.0,100,2018,22,2
C00344051,2142018.0,70,2018,14,2
C00344051,2272018.0,70,2018,27,2
C00344051,2062018.0,250,2018,06,2
C00344051,2082018.0,15,2018,08,2
C00344051,2122018.0,2700,2018,12,2
C00344051,2122018.0,2700,2018,12,2
C00344051,2152018.0,70,2018,15,2
C00344051,2122018.0,5,2018,12,2
C00344051,2262018.0,1000,2018,26,2
C00344051,2272018.0,10,2018,27,2
C00344051,2092018.0,1000,2018,09,2
C00344051,2042018.0,10,2018,04,2
C00344051,2222018.0,100,2018,22,2
C00344051,2222018.0,35,2018,22,2
C00344051,2212018.0,500,2018,21,2
C00344051,2282018.0,30,2018,28,2
C00344051,2092018.0,1000,2018,09,2
C00344051,2052018.0,25,2018,05,2
C00344051,2262018.0,20,2018,26,2
C00344051,2042018.0,25,2018,04,2
C00344051,2232018.0,25,2018,23,2
C00344051,2052018.0,50,2018,05,2
C00344051,2092018.0,500,2018,09,2
C00344051,2162018.0,50,2018,16,2
C00344051,2042018.0,25,2018,04,2
C00344051,2272018.0,10,2018,27,2
C00344051,2282018.0,25,2018,28,2
C00344051,2042018.0,100,2018,04,2
C00344051,2262018.0,100,2018,26,2
C00344051,2272018.0,50,2018,27,2
C00344051,2282018.0,100,2018,28,2
C00344051,2052018.0,100,2018,05,2
C00344051,2252018.0,10,2018,25,2
C00344051,2052018.0,100,2018,05,2
C00344051,2262018.0,20,2018,26,2
C00344051,2282018.0,25,2018,28,2
C00344051,2122018.0,20,2018,12,2
C00344051,2282018.0,25,2018,28,2
C00344051,2282018.0,500,2018,28,2
C00344051,2122018.0,100,2018,12,2
C00344051,2212018.0,1000,2018,21,2
C00344051,2132018.0,250,2018,13,2
C00344051,2092018.0,100,2018,09,2
C00344051,2152018.0,75,2018,15,2
C00344051,2122018.0,1000,2018,12,2
C00344051,2112018.0,25,2018,11,2
C00344051,2172018.0,10,2018,17,2
C00344051,2282018.0,20,2018,28,2
C00344051,2282018.0,10,2018,28,2
C00344051,2262018.0,500,2018,26,2
C00344051,2052018.0,25,2018,05,2
C00344051,2262018.0,25,2018,26,2
C00344051,2202018.0,25,2018,20,2
C00344051,2282018.0,25,2018,28,2
C00344051,2232018.0,2700,2018,23,2
C00344051,2032018.0,25,2018,03,2
C00344051,2272018.0,50,2018,27,2
C00344051,2282018.0,25,2018,28,2
C00344051,2222018.0,40,2018,22,2
C00344051,2052018.0,250,2018,05,2
C00344051,2052018.0,50,2018,05,2
C00344051,2232018.0,25,2018,23,2
C00344051,2062018.0,25,2018,06,2
C00344051,2082018.0,2700,2018,08,2
C00344051,2172018.0,25,2018,17,2
C00344051,2062018.0,50,2018,06,2
C00344051,2232018.0,1000,2018,23,2
C00344051,2122018.0,500,2018,12,2
C00344051,2122018.0,1000,2018,12,2
C00344051,2032018.0,1000,2018,03,2
C00344051,2152018.0,1000,2018,15,2
C00344051,2152018.0,1000,2018,15,2
C00344051,2192018.0,10,2018,19,2
C00344051,2272018.0,10,2018,27,2
C00344051,2122018.0,250,2018,12,2
C00344051,2222018.0,250,2018,22,2
C00344051,2282018.0,250,2018,28,2
C00344051,2072018.0,250,2018,07,2
C00344051,2092018.0,150,2018,09,2
C00344051,2282018.0,150,2018,28,2
C00344051,2052018.0,25,2018,05,2
C00344051,2132018.0,25,2018,13,2
C00344051,2232018.0,25,2018,23,2
C00344051,2282018.0,25,2018,28,2
C00344051,2282018.0,100,2018,28,2
C00344051,2192018.0,100,2018,19,2
C00344051,2272018.0,25,2018,27,2
C00344051,2272018.0,100,2018,27,2
C00344051,2172018.0,100,2018,17,2
C00344051,2032018.0,100,2018,03,2
C00344051,2112018.0,100,2018,11,2
C00344051,2222018.0,200,2018,22,2
C00344051,2272018.0,100,2018,27,2
C00344051,2122018.0,75,2018,12,2
C00344051,2192018.0,500,2018,19,2
C00344051,2192018.0,500,2018,19,2
C00344051,2062018.0,6,2018,06,2
C00344051,2072018.0,2416,2018,07,2
C00344051,2072018.0,283,2018,07,2
C00344051,2272018.0,100,2018,27,2
C00344051,2082018.0,50,2018,08,2
C00344051,2142018.0,50,2018,14,2
C00344051,2042018.0,10,2018,04,2
C00344051,2232018.0,100,2018,23,2
C00344051,2202018.0,500,2018,20,2
C00344051,2272018.0,25,2018,27,2
C00344051,2092018.0,25,2018,09,2
C00344051,2152018.0,2700,2018,15,2
C00344051,2152018.0,2700,2018,15,2
C00344051,2272018.0,100,2018,27,2
C00344051,2032018.0,5,2018,03,2
C00344051,2092018.0,5,2018,09,2
C00344051,2252018.0,150,2018,25,2
C00344051,2062018.0,1000,2018,06,2
C00344051,2132018.0,5,2018,13,2
C00344051,2252018.0,250,2018,25,2
C00344051,2222018.0,100,2018,22,2
C00344051,2232018.0,25,2018,23,2
C00344051,2242018.0,15,2018,24,2
C00344051,2282018.0,50,2018,28,2
C00344051,2032018.0,25,2018,03,2
C00344051,2142018.0,6,2018,14,2
C00344051,2222018.0,4,2018,22,2
C00344051,2162018.0,100,2018,16,2
C00344051,2092018.0,35,2018,09,2
C00344051,2282018.0,35,2018,28,2
C00344051,2262018.0,250,2018,26,2
C00344051,2092018.0,200,2018,09,2
C00344051,2232018.0,500,2018,23,2
C00344051,2062018.0,35,2018,06,2
C00344051,2222018.0,25,2018,22,2
C00344051,2282018.0,50,2018,28,2
C00344051,2172018.0,35,2018,17,2
C00344051,2152018.0,25,2018,15,2
C00344051,2182018.0,25,2018,18,2
C00344051,2212018.0,250,2018,21,2
C00344051,2232018.0,250,2018,23,2
C00344051,2052018.0,2000,2018,05,2
C00344051,2282018.0,25,2018,28,2
C00344051,2262018.0,50,2018,26,2
C00344051,2282018.0,50,2018,28,2
C00344051,2062018.0,25,2018,06,2
C00344051,2062018.0,1000,2018,06,2
C00344051,2212018.0,250,2018,21,2
C00344051,2052018.0,60,2018,05,2
C00344051,2062018.0,150,2018,06,2
C00344051,2222018.0,5,2018,22,2
C00344051,2282018.0,10,2018,28,2
C00344051,2232018.0,50,2018,23,2
C00344051,2212018.0,25,2018,21,2
C00344051,2072018.0,1000,2018,07,2
C00344051,2192018.0,25,2018,19,2
C00344051,2242018.0,500,2018,24,2
C00344051,2152018.0,25,2018,15,2
C00344051,2122018.0,25,2018,12,2
C00344051,2122018.0,100,2018,12,2
C00344051,2012018.0,500,2018,01,2
C00344051,2142018.0,70,2018,14,2
C00344051,2262018.0,250,2018,26,2
C00344051,2212018.0,30,2018,21,2
C00344051,2282018.0,6,2018,28,2
C00344051,2122018.0,1000,2018,12,2
C00344051,2272018.0,200,2018,27,2
C00344051,2142018.0,20,2018,14,2
C00344051,2192018.0,20,2018,19,2
C00344051,2282018.0,250,2018,28,2
C00344051,2072018.0,5,2018,07,2
C00344051,2232018.0,25,2018,23,2
C00344051,2022018.0,2700,2018,02,2
C00344051,2282018.0,-250,2018,28,2
C00344051,2272018.0,100,2018,27,2
C00344051,2152018.0,75,2018,15,2
C00344051,2122018.0,25,2018,12,2
C00344051,2262018.0,20,2018,26,2
C00344051,2152018.0,25,2018,15,2
C00344051,2262018.0,100,2018,26,2
C00344051,2272018.0,80,2018,27,2
C00344051,2082018.0,250,2018,08,2
C00344051,2182018.0,1000,2018,18,2
C00344051,2062018.0,50,2018,06,2
C00344051,2152018.0,20,2018,15,2
C00344051,2212018.0,60,2018,21,2
C00344051,2142018.0,35,2018,14,2
C00344051,2042018.0,15,2018,04,2
C00344051,2112018.0,50,2018,11,2
C00344051,2242018.0,25,2018,24,2
C00344051,2082018.0,50,2018,08,2
C00344051,2212018.0,40,2018,21,2
C00344051,2242018.0,25,2018,24,2
C00344051,2192018.0,40,2018,19,2
C00344051,2102018.0,25,2018,10,2
C00344051,2242018.0,25,2018,24,2
C00344051,2252018.0,25,2018,25,2
C00344051,2062018.0,50,2018,06,2
C00344051,2112018.0,50,2018,11,2
C00344051,2182018.0,35,2018,18,2
C00344051,2202018.0,50,2018,20,2
C00344051,2262018.0,100,2018,26,2
C00344051,2102018.0,35,2018,10,2
C00344051,2142018.0,100,2018,14,2
C00344051,2282018.0,50,2018,28,2
C00344051,2072018.0,35,2018,07,2
C00344051,2162018.0,100,2018,16,2
C00344051,2102018.0,20,2018,10,2
C00344051,2262018.0,50,2018,26,2
C00344051,2282018.0,35,2018,28,2
C00344051,2072018.0,80,2018,07,2
C00344051,2052018.0,25,2018,05,2
C00344051,2122018.0,50,2018,12,2
C00344051,2162018.0,20,2018,16,2
C00344051,2022018.0,50,2018,02,2
C00344051,2052018.0,500,2018,05,2
C00344051,2062018.0,200,2018,06,2
C00344051,2242018.0,250,2018,24,2
C00344051,2102018.0,250,2018,10,2
C00344051,2122018.0,1000,2018,12,2
C00344051,2282018.0,500,2018,28,2
C00344051,2272018.0,25,2018,27,2
C00344051,2012018.0,500,2018,01,2
C00344051,2052018.0,50,2018,05,2
C00344051,2122018.0,500,2018,12,2
C00344051,2192018.0,6,2018,19,2
C00344051,2062018.0,100,2018,06,2
C00344051,2132018.0,200,2018,13,2
C00344051,2092018.0,50,2018,09,2
C00344051,2062018.0,100,2018,06,2
C00344051,2132018.0,200,2018,13,2
C00344051,2182018.0,10,2018,18,2
C00344051,2212018.0,1500,2018,21,2
C00344051,2122018.0,50,2018,12,2
C00344051,2102018.0,250,2018,10,2
C00344051,2282018.0,25,2018,28,2
C00344051,2262018.0,300,2018,26,2
C00344051,2142018.0,25,2018,14,2
C00344051,2132018.0,500,2018,13,2
C00344051,2282018.0,100,2018,28,2
C00344051,2222018.0,25,2018,22,2
C00344051,2122018.0,250,2018,12,2
C00344051,2102018.0,250,2018,10,2
C00344051,2152018.0,25,2018,15,2
C00344051,2282018.0,25,2018,28,2
C00344051,2252018.0,5,2018,25,2
C00344051,2282018.0,25,2018,28,2
C00344051,2112018.0,35,2018,11,2
C00344051,2272018.0,40,2018,27,2
C00344051,2122018.0,1000,2018,12,2
C00344051,2012018.0,50,2018,01,2
C00344051,2152018.0,10,2018,15,2
C00344051,2072018.0,100,2018,07,2
C00344051,2052018.0,25,2018,05,2
C00344051,2052018.0,250,2018,05,2
C00344051,2072018.0,25,2018,07,2
C00344051,2262018.0,25,2018,26,2
C00344051,2122018.0,500,2018,12,2
C00344051,2052018.0,50,2018,05,2
C00344051,2282018.0,50,2018,28,2
C00344051,2242018.0,200,2018,24,2
C00344051,2092018.0,200,2018,09,2
C00344051,2162018.0,2000,2018,16,2
C00344051,2232018.0,100,2018,23,2
C00344051,2232018.0,100,2018,23,2
C00344051,2142018.0,20,2018,14,2
C00344051,2122018.0,50,2018,12,2
C00344051,2182018.0,500,2018,18,2
C00344051,2282018.0,25,2018,28,2
C00344051,2232018.0,50,2018,23,2
C00344051,2102018.0,15,2018,10,2
C00344051,2112018.0,100,2018,11,2
C00344051,2262018.0,250,2018,26,2
C00344051,2052018.0,50,2018,05,2
C00344051,2132018.0,1000,2018,13,2
C00344051,2212018.0,250,2018,21,2
C00344051,2192018.0,250,2018,19,2
C00344051,2122018.0,1000,2018,12,2
C00344051,2242018.0,50,2018,24,2
C00344051,2062018.0,200,2018,06,2
C00344051,2222018.0,500,2018,22,2
C00344051,2142018.0,75,2018,14,2
C00344051,2012018.0,2700,2018,01,2
C00344051,2122018.0,1000,2018,12,2
C00344051,2192018.0,250,2018,19,2
C00344051,2122018.0,35,2018,12,2
C00344051,2142018.0,20,2018,14,2
C00344051,2142018.0,30,2018,14,2
C00344051,2232018.0,40,2018,23,2
C00344051,2162018.0,100,2018,16,2
C00344051,2262018.0,250,2018,26,2
C00344051,2062018.0,100,2018,06,2
C00344051,2092018.0,100,2018,09,2
C00344051,2052018.0,1000,2018,05,2
C00344051,2052018.0,1700,2018,05,2
C00344051,2102018.0,500,2018,10,2
C00344051,2282018.0,25,2018,28,2
C00344051,2022018.0,250,2018,02,2
C00344051,2062018.0,50,2018,06,2
C00344051,2092018.0,3,2018,09,2
C00344051,2262018.0,250,2018,26,2
C00344051,2102018.0,80,2018,10,2
C00344051,2262018.0,60,2018,26,2
C00344051,2232018.0,100,2018,23,2
C00344051,2262018.0,40,2018,26,2
C00344051,2092018.0,50,2018,09,2
C00344051,2162018.0,20,2018,16,2
C00344051,2102018.0,100,2018,10,2
C00344051,2232018.0,50,2018,23,2
C00344051,2252018.0,25,2018,25,2
C00344051,2282018.0,50,2018,28,2
C00344051,2142018.0,20,2018,14,2
C00344051,2222018.0,75,2018,22,2
C00344051,2052018.0,250,2018,05,2
C00344051,2052018.0,150,2018,05,2
C00344051,2252018.0,5,2018,25,2
C00344051,2052018.0,1100,2018,05,2
C00344051,2082018.0,200,2018,08,2
C00344051,2272018.0,100,2018,27,2
C00344051,2282018.0,100,2018,28,2
C00344051,2092018.0,10,2018,09,2
C00344051,2152018.0,10,2018,15,2
C00344051,2162018.0,250,2018,16,2
C00344051,2082018.0,25,2018,08,2
C00344051,2212018.0,25,2018,21,2
C00344051,2272018.0,25,2018,27,2
C00344051,2082018.0,500,2018,08,2
C00344051,2232018.0,500,2018,23,2
C00344051,2092018.0,500,2018,09,2
C00344051,2162018.0,250,2018,16,2
C00344051,2032018.0,200,2018,03,2
C00344051,2092018.0,50,2018,09,2
C00344051,2132018.0,25,2018,13,2
C00344051,2082018.0,50,2018,08,2
C00344051,2162018.0,2,2018,16,2
C00344051,2142018.0,25,2018,14,2
C00344051,2252018.0,25,2018,25,2
C00344051,2262018.0,25,2018,26,2
C00344051,2202018.0,25,2018,20,2
C00344051,2242018.0,1000,2018,24,2
C00344051,2282018.0,25,2018,28,2
C00344051,2092018.0,100,2018,09,2
C00344051,2202018.0,25,2018,20,2
C00344051,2272018.0,20,2018,27,2
C00344051,2282018.0,25,2018,28,2
C00344051,2092018.0,300,2018,09,2
C00344051,2082018.0,250,2018,08,2
C00344051,2012018.0,1000,2018,01,2
C00344051,2272018.0,25,2018,27,2
C00344051,2162018.0,1000,2018,16,2
C00344051,2072018.0,25,2018,07,2
C00344051,2232018.0,25,2018,23,2
C00344051,2282018.0,25,2018,28,2
C00344051,2062018.0,25,2018,06,2
C00344051,2232018.0,25,2018,23,2
C00344051,2132018.0,25,2018,13,2
C00344051,2262018.0,12,2018,26,2
C00344051,2232018.0,35,2018,23,2
C00344051,2112018.0,20,2018,11,2
C00344051,2262018.0,50,2018,26,2
C00344051,2122018.0,10,2018,12,2
C00344051,2222018.0,25,2018,22,2
C00344051,2052018.0,100,2018,05,2
C00344051,2092018.0,50,2018,09,2
C00344051,2202018.0,100,2018,20,2
C00344051,2112018.0,25,2018,11,2
C00344051,2252018.0,25,2018,25,2
C00344051,2282018.0,25,2018,28,2
C00344051,2272018.0,200,2018,27,2
C00344051,2172018.0,100,2018,17,2
C00344051,2162018.0,25,2018,16,2
C00344051,2142018.0,28,2018,14,2
C00344051,2062018.0,25,2018,06,2
C00344051,2232018.0,2,2018,23,2
C00344051,2282018.0,25,2018,28,2
C00344051,2222018.0,25,2018,22,2
C00344051,2202018.0,6,2018,20,2
C00344051,2082018.0,10,2018,08,2
C00344051,2102018.0,10,2018,10,2
C00344051,2242018.0,200,2018,24,2
C00344051,2092018.0,2000,2018,09,2
C00344051,2102018.0,25,2018,10,2
C00344051,2262018.0,250,2018,26,2
C00344051,2052018.0,100,2018,05,2
C00344051,2052018.0,10,2018,05,2
C00344051,2082018.0,100,2018,08,2
C00344051,2242018.0,75,2018,24,2
C00344051,2282018.0,75,2018,28,2
C00344051,2192018.0,1000,2018,19,2
C00344051,2222018.0,1000,2018,22,2
C00344051,2132018.0,250,2018,13,2
C00344051,2232018.0,25,2018,23,2
C00344051,2272018.0,12,2018,27,2
C00344051,2112018.0,30,2018,11,2
C00344051,2062018.0,25,2018,06,2
C00344051,2152018.0,25,2018,15,2
C00344051,2222018.0,50,2018,22,2
C00344051,2212018.0,100,2018,21,2
C00344051,2092018.0,250,2018,09,2
C00344051,2092018.0,1000,2018,09,2
C00344051,2262018.0,1000,2018,26,2
C00344051,2202018.0,25,2018,20,2
C00344051,2202018.0,10,2018,20,2
C00344051,2232018.0,25,2018,23,2
C00344051,2222018.0,25,2018,22,2
C00344051,2112018.0,50,2018,11,2
C00344051,2132018.0,20,2018,13,2
C00344051,2202018.0,15,2018,20,2
C00344051,2222018.0,20,2018,22,2
C00344051,2012018.0,35,2018,01,2
C00344051,2032018.0,300,2018,03,2
C00344051,2212018.0,35,2018,21,2
C00344051,2172018.0,18,2018,17,2
C00344051,2092018.0,200,2018,09,2
C00344051,2052018.0,100,2018,05,2
C00344051,2152018.0,50,2018,15,2
C00344051,2272018.0,1000,2018,27,2
C00344051,2242018.0,75,2018,24,2
C00344051,2112018.0,50,2018,11,2
C00344051,2082018.0,20,2018,08,2
C00344051,2252018.0,25,2018,25,2
C00344051,2012018.0,250,2018,01,2
C00344051,2012018.0,250,2018,01,2
C00344051,2032018.0,25,2018,03,2
C00344051,2232018.0,1000,2018,23,2
C00344051,2162018.0,20,2018,16,2
C00344051,2232018.0,25,2018,23,2
C00344051,2272018.0,10,2018,27,2
C00344051,2252018.0,35,2018,25,2
C00344051,2222018.0,100,2018,22,2
C00344051,2282018.0,50,2018,28,2
C00344051,2242018.0,25,2018,24,2
C00344051,2102018.0,25,2018,10,2
C00344051,2262018.0,100,2018,26,2
C00344051,2202018.0,1000,2018,20,2
C00344051,2202018.0,1000,2018,20,2
C00344051,2272018.0,100,2018,27,2
C00344051,2222018.0,50,2018,22,2
C00344051,2232018.0,18,2018,23,2
C00344051,2272018.0,18,2018,27,2
C00344051,2242018.0,25,2018,24,2
C00344051,2232018.0,10,2018,23,2
C00344051,2222018.0,50,2018,22,2
C00344051,2242018.0,45,2018,24,2
C00344051,2272018.0,10,2018,27,2
C00344051,2282018.0,100,2018,28,2
C00344051,2252018.0,25,2018,25,2
C00344051,2152018.0,25,2018,15,2
C00344051,2282018.0,1700,2018,28,2
C00344051,2282018.0,2700,2018,28,2
C00344051,2212018.0,50,2018,21,2
C00344051,2272018.0,50,2018,27,2
C00344051,2122018.0,100,2018,12,2
C00344051,2012018.0,2700,2018,01,2
C00344051,2122018.0,1000,2018,12,2
C00344051,2262018.0,40,2018,26,2
C00344051,2192018.0,55,2018,19,2
C00344051,2072018.0,25,2018,07,2
C00344051,2132018.0,25,2018,13,2
C00344051,2252018.0,30,2018,25,2
C00344051,2282018.0,35,2018,28,2
C00344051,2242018.0,20,2018,24,2
C00344051,2142018.0,25,2018,14,2
C00344051,2232018.0,25,2018,23,2
C00344051,2282018.0,60,2018,28,2
C00344051,2052018.0,100,2018,05,2
C00344051,2282018.0,150,2018,28,2
C00344051,2222018.0,40,2018,22,2
C00344051,2282018.0,45,2018,28,2
C00344051,2122018.0,25,2018,12,2
C00344051,2152018.0,25,2018,15,2
C00344051,2092018.0,1000,2018,09,2
C00344051,2202018.0,5,2018,20,2
C00344051,2262018.0,20,2018,26,2
C00344051,2082018.0,50,2018,08,2
C00344051,2222018.0,40,2018,22,2
C00344051,2122018.0,2700,2018,12,2
C00344051,2162018.0,250,2018,16,2
C00344051,2242018.0,25,2018,24,2
C00344051,2192018.0,50,2018,19,2
C00344051,2072018.0,50,2018,07,2
C00344051,2072018.0,1000,2018,07,2
C00344051,2042018.0,5,2018,04,2
C00344051,2052018.0,100,2018,05,2
C00344051,2172018.0,1000,2018,17,2
C00344051,2062018.0,50,2018,06,2
C00344051,2222018.0,10,2018,22,2
C00344051,2172018.0,2,2018,17,2
C00344051,2242018.0,150,2018,24,2
C00344051,2082018.0,2700,2018,08,2
C00344051,2162018.0,150,2018,16,2
C00344051,2102018.0,100,2018,10,2
C00344051,2062018.0,10,2018,06,2
C00344051,2102018.0,10,2018,10,2
C00344051,2142018.0,25,2018,14,2
C00344051,2052018.0,35,2018,05,2
C00344051,2262018.0,100,2018,26,2
C00344051,2092018.0,1000,2018,09,2
C00344051,2092018.0,250,2018,09,2
C00344051,2252018.0,25,2018,25,2
C00344051,2252018.0,100,2018,25,2
C00344051,2052018.0,500,2018,05,2
C00344051,2242018.0,25,2018,24,2
C00344051,2282018.0,50,2018,28,2
C00344051,2092018.0,50,2018,09,2
C00344051,2102018.0,10,2018,10,2
C00344051,2222018.0,25,2018,22,2
C00344051,2082018.0,50,2018,08,2
C00344051,2262018.0,15,2018,26,2
C00344051,2032018.0,10,2018,03,2
C00344051,2092018.0,10,2018,09,2
C00344051,2102018.0,20,2018,10,2
C00344051,2282018.0,10,2018,28,2
C00344051,2272018.0,100,2018,27,2
C00344051,2282018.0,25,2018,28,2
C00344051,2252018.0,200,2018,25,2
C00344051,2262018.0,100,2018,26,2
C00344051,2062018.0,25,2018,06,2
C00344051,2032018.0,75,2018,03,2
C00344051,2272018.0,75,2018,27,2
C00344051,2232018.0,200,2018,23,2
C00344051,2122018.0,1000,2018,12,2
C00344051,2282018.0,40,2018,28,2
C00344051,2262018.0,25,2018,26,2
C00344051,2272018.0,25,2018,27,2
C00344051,2282018.0,6,2018,28,2
C00344051,2082018.0,10,2018,08,2
C00344051,2122018.0,25,2018,12,2
C00344051,2102018.0,40,2018,10,2
C00344051,2012018.0,10,2018,01,2
C00344051,2122018.0,15,2018,12,2
C00344051,2062018.0,200,2018,06,2
C00344051,2082018.0,20,2018,08,2
C00344051,2282018.0,100,2018,28,2
C00344051,2152018.0,25,2018,15,2
C00344051,2252018.0,500,2018,25,2
C00344051,2042018.0,1000,2018,04,2
C00344051,2282018.0,35,2018,28,2
C00344051,2082018.0,250,2018,08,2
C00344051,2102018.0,200,2018,10,2
C00344051,2282018.0,100,2018,28,2
C00344051,2212018.0,25,2018,21,2
C00344051,2122018.0,35,2018,12,2
C00344051,2102018.0,250,2018,10,2
C00344051,2162018.0,500,2018,16,2
C00344051,2092018.0,35,2018,09,2
C00344051,2262018.0,250,2018,26,2
C00344051,2062018.0,5,2018,06,2
C00344051,2092018.0,50,2018,09,2
C00344051,2152018.0,50,2018,15,2
C00344051,2082018.0,35,2018,08,2
C00344051,2272018.0,100,2018,27,2
C00344051,2232018.0,40,2018,23,2
C00344051,2082018.0,150,2018,08,2
C00344051,2022018.0,50,2018,02,2
C00344051,2022018.0,100,2018,02,2
C00344051,2202018.0,25,2018,20,2
C00344051,2062018.0,20,2018,06,2
C00344051,2182018.0,50,2018,18,2
C00344051,2122018.0,50,2018,12,2
C00344051,2282018.0,1000,2018,28,2
C00344051,2282018.0,50,2018,28,2
C00344051,2012018.0,250,2018,01,2
C00344051,2262018.0,20,2018,26,2
C00344051,2242018.0,250,2018,24,2
C00344051,2152018.0,20,2018,15,2
C00344051,2022018.0,500,2018,02,2
C00344051,2112018.0,500,2018,11,2
C00344051,2202018.0,5,2018,20,2
C00344051,2282018.0,25,2018,28,2
C00344051,2272018.0,25,2018,27,2
C00344051,2102018.0,75,2018,10,2
C00344051,2062018.0,25,2018,06,2
C00344051,2252018.0,25,2018,25,2
C00344051,2232018.0,50,2018,23,2
C00344051,2142018.0,50,2018,14,2
C00344051,2232018.0,25,2018,23,2
C00344051,2142018.0,500,2018,14,2
C00344051,2142018.0,25,2018,14,2
C00344051,2252018.0,25,2018,25,2
C00344051,2262018.0,500,2018,26,2
C00344051,2282018.0,25,2018,28,2
C00344051,2262018.0,40,2018,26,2
C00344051,2232018.0,200,2018,23,2
C00344051,2182018.0,100,2018,18,2
C00344051,2252018.0,40,2018,25,2
C00344051,2062018.0,6,2018,06,2
C00344051,2152018.0,50,2018,15,2
C00344051,2052018.0,1000,2018,05,2
C00344051,2272018.0,400,2018,27,2
C00344051,2132018.0,50,2018,13,2
C00344051,2122018.0,100,2018,12,2
C00344051,2262018.0,500,2018,26,2
C00344051,2062018.0,15,2018,06,2
C00344051,2272018.0,10,2018,27,2
C00344051,2262018.0,50,2018,26,2
C00344051,2282018.0,28,2018,28,2
C00344051,2012018.0,2700,2018,01,2
C00344051,2012018.0,2700,2018,01,2
C00344051,2112018.0,35,2018,11,2
C00344051,2242018.0,50,2018,24,2
C00344051,2252018.0,25,2018,25,2
C00344051,2152018.0,100,2018,15,2
C00344051,2232018.0,10,2018,23,2
C00344051,2182018.0,25,2018,18,2
C00344051,2012018.0,1000,2018,01,2
C00344051,2242018.0,50,2018,24,2
C00344051,2122018.0,2700,2018,12,2
C00344051,2012018.0,250,2018,01,2
C00344051,2012018.0,150,2018,01,2
C00344051,2142018.0,100,2018,14,2
C00344051,2262018.0,100,2018,26,2
C00344051,2282018.0,10,2018,28,2
C00344051,2242018.0,20,2018,24,2
C00344051,2042018.0,10,2018,04,2
C00344051,2222018.0,10,2018,22,2
C00344051,2232018.0,500,2018,23,2
C00344051,2252018.0,25,2018,25,2
C00344051,2182018.0,25,2018,18,2
C00344051,2102018.0,10,2018,10,2
C00344051,2152018.0,30,2018,15,2
C00344051,2232018.0,50,2018,23,2
C00344051,2102018.0,5,2018,10,2
C00344051,2282018.0,1000,2018,28,2
C00344051,2282018.0,1000,2018,28,2
C00344051,2142018.0,75,2018,14,2
C00344051,2082018.0,200,2018,08,2
C00344051,2012018.0,1000,2018,01,2
C00344051,2282018.0,25,2018,28,2
C00344051,2062018.0,100,2018,06,2
C00344051,2112018.0,10,2018,11,2
C00344051,2062018.0,25,2018,06,2
C00344051,2092018.0,3,2018,09,2
C00344051,2242018.0,25,2018,24,2
C00344051,2272018.0,10,2018,27,2
C00344051,2232018.0,25,2018,23,2
C00344051,2062018.0,2700,2018,06,2
C00344051,2122018.0,25,2018,12,2
C00344051,2142018.0,30,2018,14,2
C00344051,2282018.0,25,2018,28,2
C00344051,2012018.0,250,2018,01,2
C00344051,2272018.0,100,2018,27,2
C00344051,2242018.0,250,2018,24,2
C00344051,2092018.0,500,2018,09,2
C00344051,2022018.0,500,2018,02,2
C00344051,2282018.0,35,2018,28,2
C00344051,2122018.0,150,2018,12,2
C00344051,2092018.0,1000,2018,09,2
C00344051,2092018.0,1000,2018,09,2
C00344051,2132018.0,100,2018,13,2
C00344051,2012018.0,40,2018,01,2
C00344051,2122018.0,40,2018,12,2
C00344051,2232018.0,35,2018,23,2
C00344051,2052018.0,100,2018,05,2
C00344051,2262018.0,125,2018,26,2
C00344051,2162018.0,10,2018,16,2
C00344051,2282018.0,25,2018,28,2
C00344051,2272018.0,25,2018,27,2
C00344051,2212018.0,1700,2018,21,2
C00344051,2052018.0,25,2018,05,2
C00344051,2162018.0,100,2018,16,2
C00344051,2252018.0,75,2018,25,2
C00344051,2232018.0,100,2018,23,2
C00344051,2282018.0,25,2018,28,2
C00344051,2282018.0,40,2018,28,2
C00344051,2172018.0,25,2018,17,2
C00344051,2202018.0,25,2018,20,2
C00344051,2262018.0,25,2018,26,2
C00344051,2262018.0,100,2018,26,2
C00344051,2282018.0,25,2018,28,2
C00344051,2162018.0,25,2018,16,2
C00344051,2282018.0,6,2018,28,2
C00344051,2252018.0,75,2018,25,2
C00344051,2142018.0,50,2018,14,2
C00344051,2092018.0,25,2018,09,2
C00344051,2182018.0,50,2018,18,2
C00344051,2282018.0,25,2018,28,2
C00344051,2262018.0,55,2018,26,2
C00344051,2082018.0,50,2018,08,2
C00344051,2282018.0,50,2018,28,2
C00344051,2282018.0,55,2018,28,2
C00344051,2122018.0,2700,2018,12,2
C00344051,2142018.0,100,2018,14,2
C00344051,2132018.0,75,2018,13,2
C00344051,2272018.0,2700,2018,27,2
C00344051,2272018.0,2700,2018,27,2
C00344051,2122018.0,25,2018,12,2
C00344051,2122018.0,25,2018,12,2
C00344051,2072018.0,100,2018,07,2
C00344051,2282018.0,10,2018,28,2
C00344051,2162018.0,25,2018,16,2
C00344051,2142018.0,10,2018,14,2
C00344051,2222018.0,150,2018,22,2
C00344051,2172018.0,50,2018,17,2
C00344051,2282018.0,25,2018,28,2
C00344051,2122018.0,75,2018,12,2
C00344051,2242018.0,75,2018,24,2
C00344051,2222018.0,100,2018,22,2
C00344051,2092018.0,2700,2018,09,2
C00344051,2092018.0,300,2018,09,2
C00344051,2282018.0,30,2018,28,2
C00344051,2272018.0,75,2018,27,2
C00344051,2062018.0,150,2018,06,2
C00344051,2232018.0,200,2018,23,2
C00344051,2082018.0,50,2018,08,2
C00344051,2272018.0,200,2018,27,2
C00344051,2252018.0,50,2018,25,2
C00344051,2222018.0,25,2018,22,2
C00344051,2262018.0,1000,2018,26,2
C00344051,2072018.0,50,2018,07,2
C00344051,2262018.0,50,2018,26,2
C00344051,2152018.0,500,2018,15,2
C00344051,2122018.0,1000,2018,12,2
C00344051,2112018.0,140,2018,11,2
C00344051,2282018.0,2700,2018,28,2
C00344051,2052018.0,1000,2018,05,2
C00344051,2102018.0,150,2018,10,2
C00344051,2092018.0,50,2018,09,2
C00344051,2142018.0,50,2018,14,2
C00344051,2232018.0,75,2018,23,2
C00344051,2092018.0,15,2018,09,2
C00344051,2112018.0,5,2018,11,2
C00344051,2262018.0,12,2018,26,2
C00344051,2252018.0,25,2018,25,2
C00344051,2022018.0,25,2018,02,2
C00344051,2252018.0,100,2018,25,2
C00344051,2092018.0,250,2018,09,2
C00344051,2122018.0,250,2018,12,2
C00344051,2272018.0,500,2018,27,2
C00344051,2202018.0,250,2018,20,2
C00344051,2062018.0,15,2018,06,2
C00344051,2242018.0,5,2018,24,2
C00344051,2102018.0,25,2018,10,2
C00344051,2262018.0,25,2018,26,2
C00344051,2082018.0,150,2018,08,2
C00344051,2082018.0,25,2018,08,2
C00344051,2132018.0,5,2018,13,2
C00344051,2162018.0,5,2018,16,2
C00344051,2192018.0,6,2018,19,2
C00344051,2192018.0,500,2018,19,2
C00344051,2272018.0,75,2018,27,2
C00344051,2122018.0,500,2018,12,2
C00344051,2132018.0,1000,2018,13,2
C00344051,2112018.0,100,2018,11,2
C00344051,2252018.0,25,2018,25,2
C00344051,2242018.0,50,2018,24,2
C00344051,2132018.0,1000,2018,13,2
C00344051,2282018.0,2700,2018,28,2
C00344051,2062018.0,50,2018,06,2
C00344051,2122018.0,150,2018,12,2
C00344051,2232018.0,35,2018,23,2
C00344051,2232018.0,75,2018,23,2
C00344051,2012018.0,100,2018,01,2
C00344051,2252018.0,25,2018,25,2
C00344051,2202018.0,25,2018,20,2
C00344051,2242018.0,250,2018,24,2
C00344051,2272018.0,100,2018,27,2
C00344051,2172018.0,20,2018,17,2
C00344051,2282018.0,100,2018,28,2
C00344051,2062018.0,400,2018,06,2
C00344051,2272018.0,200,2018,27,2
C00344051,2142018.0,6,2018,14,2
C00344051,2232018.0,70,2018,23,2
C00344051,2172018.0,100,2018,17,2
C00344051,2052018.0,2700,2018,05,2
C00344051,2242018.0,25,2018,24,2
C00344051,2142018.0,100,2018,14,2
C00344051,2092018.0,500,2018,09,2
C00344051,2062018.0,2700,2018,06,2
C00344051,2082018.0,35,2018,08,2
C00344051,2282018.0,25,2018,28,2
C00344051,2232018.0,500,2018,23,2
C00344051,2162018.0,250,2018,16,2
C00344051,2062018.0,250,2018,06,2
C00344051,2012018.0,250,2018,01,2
C00344051,2092018.0,100,2018,09,2
C00344051,2242018.0,200,2018,24,2
C00344051,2242018.0,25,2018,24,2
C00344051,2062018.0,40,2018,06,2
C00344051,2142018.0,40,2018,14,2
C00344051,2082018.0,25,2018,08,2
C00344051,2072018.0,-1000,2018,07,2
C00344051,2062018.0,50,2018,06,2
C00344051,2192018.0,20,2018,19,2
C00344051,2162018.0,1000,2018,16,2
C00344051,2202018.0,25,2018,20,2
C00344051,2272018.0,25,2018,27,2
C00344051,2022018.0,25,2018,02,2
C00344051,2142018.0,20,2018,14,2
C00344051,2232018.0,25,2018,23,2
C00344051,2122018.0,25,2018,12,2
C00344051,2162018.0,5,2018,16,2
C00344051,2162018.0,5,2018,16,2
C00344051,2242018.0,25,2018,24,2
C00344051,2252018.0,250,2018,25,2
C00344051,2282018.0,25,2018,28,2
C00344051,2282018.0,25,2018,28,2
C00344051,2092018.0,200,2018,09,2
C00344051,2122018.0,75,2018,12,2
C00344051,2132018.0,25,2018,13,2
C00344051,2162018.0,250,2018,16,2
C00344051,2282018.0,500,2018,28,2
C00344051,2082018.0,25,2018,08,2
C00344051,2282018.0,75,2018,28,2
C00344051,2252018.0,55,2018,25,2
C00344051,2272018.0,25,2018,27,2
C00344051,2282018.0,250,2018,28,2
C00344051,2222018.0,250,2018,22,2
C00344051,2102018.0,25,2018,10,2
C00344051,2222018.0,25,2018,22,2
C00344051,2282018.0,25,2018,28,2
C00344051,2062018.0,50,2018,06,2
C00344051,2142018.0,10,2018,14,2
C00344051,2012018.0,25,2018,01,2
C00344051,2012018.0,25,2018,01,2
C00344051,2242018.0,20,2018,24,2
C00344051,2272018.0,100,2018,27,2
C00344051,2082018.0,100,2018,08,2
C00344051,2282018.0,100,2018,28,2
C00344051,2282018.0,100,2018,28,2
C00344051,2162018.0,500,2018,16,2
C00344051,2252018.0,105,2018,25,2
C00344051,2102018.0,25,2018,10,2
C00344051,2012018.0,250,2018,01,2
C00344051,2262018.0,12,2018,26,2
C00344051,2262018.0,100,2018,26,2
C00344051,2242018.0,400,2018,24,2
C00344051,2162018.0,1000,2018,16,2
C00344051,2202018.0,10,2018,20,2
C00344051,2072018.0,100,2018,07,2
C00344051,2132018.0,180,2018,13,2
C00344051,2092018.0,300,2018,09,2
C00344051,2032018.0,50,2018,03,2
C00344051,2082018.0,500,2018,08,2
C00344051,2242018.0,500,2018,24,2
C00344051,2272018.0,1000,2018,27,2
C00344051,2162018.0,100,2018,16,2
C00344051,2282018.0,25,2018,28,2
C00344051,2082018.0,100,2018,08,2
C00344051,2162018.0,500,2018,16,2
C00344051,2172018.0,40,2018,17,2
C00344051,2252018.0,40,2018,25,2
C00344051,2162018.0,250,2018,16,2
C00344051,2232018.0,10,2018,23,2
C00344051,2222018.0,10,2018,22,2
C00344051,2162018.0,25,2018,16,2
C00344051,2282018.0,100,2018,28,2
C00344051,2092018.0,100,2018,09,2
C00344051,2072018.0,15,2018,07,2
C00344051,2142018.0,600,2018,14,2
C00344051,2282018.0,5,2018,28,2
C00344051,2022018.0,1000,2018,02,2
C00344051,2012018.0,50,2018,01,2
C00344051,2092018.0,25,2018,09,2
C00344051,2222018.0,5,2018,22,2
C00344051,2242018.0,10,2018,24,2
C00344051,2232018.0,50,2018,23,2
C00344051,2182018.0,10,2018,18,2
C00344051,2122018.0,250,2018,12,2
C00344051,2222018.0,10,2018,22,2
C00344051,2032018.0,10,2018,03,2
C00344051,2072018.0,10,2018,07,2
C00344051,2242018.0,160,2018,24,2
C00344051,2062018.0,500,2018,06,2
C00344051,2032018.0,5,2018,03,2
C00344051,2012018.0,25,2018,01,2
C00344051,2252018.0,30,2018,25,2
C00344051,2222018.0,100,2018,22,2
C00344051,2102018.0,75,2018,10,2
C00344051,2272018.0,250,2018,27,2
C00344051,2142018.0,200,2018,14,2
C00344051,2152018.0,50,2018,15,2
C00344051,2262018.0,500,2018,26,2
C00344051,2152018.0,60,2018,15,2
C00344051,2072018.0,250,2018,07,2
C00344051,2272018.0,2700,2018,27,2
C00344051,2262018.0,100,2018,26,2
C00344051,2142018.0,25,2018,14,2
C00344051,2062018.0,100,2018,06,2
C00344051,2062018.0,250,2018,06,2
C00344051,2152018.0,35,2018,15,2
C00344051,2152018.0,15,2018,15,2
C00344051,2232018.0,40,2018,23,2
C00344051,2162018.0,1000,2018,16,2
C00344051,2082018.0,1500,2018,08,2
C00344051,2272018.0,50,2018,27,2
C00344051,2282018.0,6,2018,28,2
C00344051,2152018.0,25,2018,15,2
C00344051,2082018.0,250,2018,08,2
C00344051,2052018.0,2700,2018,05,2
C00344051,2222018.0,100,2018,22,2
C00344051,2132018.0,6,2018,13,2
C00344051,2192018.0,70,2018,19,2
C00344051,2042018.0,100,2018,04,2
C00344051,2102018.0,100,2018,10,2
C00344051,2132018.0,200,2018,13,2
C00344051,2232018.0,100,2018,23,2
C00344051,2032018.0,10,2018,03,2
C00344051,2232018.0,25,2018,23,2
C00344051,2162018.0,6,2018,16,2
C00344051,2022018.0,25,2018,02,2
C00344051,2212018.0,25,2018,21,2
C00344051,2282018.0,25,2018,28,2
C00344051,2062018.0,50,2018,06,2
C00344051,2162018.0,25,2018,16,2
C00344051,2062018.0,150,2018,06,2
C00344051,2142018.0,1000,2018,14,2
C00344051,2132018.0,20,2018,13,2
C00344051,2122018.0,100,2018,12,2
C00344051,2282018.0,25,2018,28,2
C00344051,2282018.0,20,2018,28,2
C00344051,2022018.0,2500,2018,02,2
C00344051,2022018.0,-2500,2018,02,2
C00344051,2022018.0,2500,2018,02,2
C00344051,2232018.0,400,2018,23,2
C00344051,2012018.0,2000,2018,01,2
C00344051,2012018.0,50,2018,01,2
C00344051,2102018.0,50,2018,10,2
C00344051,2142018.0,50,2018,14,2
C00344051,2242018.0,50,2018,24,2
C00344051,2072018.0,70,2018,07,2
C00344051,2062018.0,250,2018,06,2
C00344051,2112018.0,25,2018,11,2
C00344051,2122018.0,100,2018,12,2
C00344051,2282018.0,25,2018,28,2
C00344051,2282018.0,25,2018,28,2
C00344051,2152018.0,100,2018,15,2
C00344051,2152018.0,20,2018,15,2
C00344051,2132018.0,20,2018,13,2
C00344051,2282018.0,25,2018,28,2
C00344051,2062018.0,1000,2018,06,2
C00344051,2112018.0,75,2018,11,2
C00344051,2142018.0,1500,2018,14,2
C00344051,2212018.0,-199,2018,21,2
C00344051,2152018.0,2700,2018,15,2
C00344051,2112018.0,50,2018,11,2
C00344051,2092018.0,50,2018,09,2
C00344051,2052018.0,2700,2018,05,2
C00344051,2282018.0,20,2018,28,2
C00344051,2192018.0,2000,2018,19,2
C00344051,2232018.0,25,2018,23,2
C00344051,2152018.0,50,2018,15,2
C00344051,2222018.0,35,2018,22,2
C00344051,2232018.0,200,2018,23,2
C00344051,2132018.0,35,2018,13,2
C00344051,2162018.0,25,2018,16,2
C00344051,2282018.0,25,2018,28,2
C00344051,2282018.0,50,2018,28,2
C00344051,2102018.0,1000,2018,10,2
C00344051,2282018.0,100,2018,28,2
C00344051,2122018.0,700,2018,12,2
C00344051,2262018.0,500,2018,26,2
C00344051,2082018.0,50,2018,08,2
C00344051,2052018.0,25,2018,05,2
C00344051,2022018.0,2500,2018,02,2
C00344051,2122018.0,25,2018,12,2
C00344051,2222018.0,5,2018,22,2
C00344051,2272018.0,2,2018,27,2
C00344051,2152018.0,250,2018,15,2
C00344051,2042018.0,25,2018,04,2
C00344051,2262018.0,200,2018,26,2
C00344051,2262018.0,1000,2018,26,2
C00344051,2192018.0,5,2018,19,2
C00344051,2282018.0,5,2018,28,2
C00344051,2072018.0,200,2018,07,2
C00344051,2052018.0,200,2018,05,2
C00344051,2122018.0,1000,2018,12,2
C00344051,2052018.0,100,2018,05,2
C00344051,2142018.0,50,2018,14,2
C00344051,2062018.0,200,2018,06,2
C00344051,2232018.0,50,2018,23,2
C00344051,2022018.0,10,2018,02,2
C00344051,2032018.0,10,2018,03,2
C00344051,2062018.0,28,2018,06,2
C00344051,2262018.0,1000,2018,26,2
C00344051,2262018.0,250,2018,26,2
C00344051,2282018.0,25,2018,28,2
C00344051,2202018.0,100,2018,20,2
C00344051,2212018.0,1000,2018,21,2
C00344051,2052018.0,1000,2018,05,2
C00344051,2102018.0,100,2018,10,2
C00344051,2232018.0,85,2018,23,2
C00344051,2212018.0,100,2018,21,2
C00344051,2122018.0,500,2018,12,2
C00344051,2152018.0,70,2018,15,2
C00344051,2232018.0,35,2018,23,2
C00344051,2152018.0,50,2018,15,2
C00344051,2012018.0,2100,2018,01,2
C00344051,2062018.0,-2100,2018,06,2
C00344051,2212018.0,2100,2018,21,2
C00344051,2232018.0,50,2018,23,2
C00344051,2092018.0,2000,2018,09,2
C00344051,2282018.0,25,2018,28,2
C00344051,2282018.0,25,2018,28,2
C00344051,2252018.0,50,2018,25,2
C00344051,2282018.0,10,2018,28,2
C00344051,2252018.0,35,2018,25,2
C00344051,2222018.0,20,2018,22,2
C00344051,2142018.0,100,2018,14,2
C00344051,2242018.0,100,2018,24,2
C00344051,2032018.0,15,2018,03,2
C00344051,2082018.0,25,2018,08,2
C00344051,2222018.0,25,2018,22,2
C00344051,2132018.0,100,2018,13,2
C00344051,2232018.0,10,2018,23,2
C00344051,2122018.0,1000,2018,12,2
C00344051,2062018.0,50,2018,06,2
C00344051,2052018.0,100,2018,05,2
C00344051,2082018.0,200,2018,08,2
C00344051,2272018.0,25,2018,27,2
C00344051,2102018.0,1000,2018,10,2
C00344051,2232018.0,30,2018,23,2
C00344051,2152018.0,500,2018,15,2
C00344051,2242018.0,25,2018,24,2
C00344051,2222018.0,50,2018,22,2
C00344051,2052018.0,100,2018,05,2
C00344051,2262018.0,5,2018,26,2
C00344051,2082018.0,50,2018,08,2
C00344051,2222018.0,50,2018,22,2
C00344051,2202018.0,25,2018,20,2
C00344051,2282018.0,25,2018,28,2
C00344051,2122018.0,1000,2018,12,2
C00344051,2122018.0,10000,2018,12,2
C00344051,2162018.0,500,2018,16,2
C00344051,2252018.0,75,2018,25,2
C00344051,2042018.0,10,2018,04,2
C00344051,2122018.0,1000,2018,12,2
C00344051,2232018.0,75,2018,23,2
C00344051,2122018.0,25,2018,12,2
C00344051,2282018.0,25,2018,28,2
C00344051,2172018.0,25,2018,17,2
C00344051,2282018.0,20,2018,28,2
C00344051,2032018.0,25,2018,03,2
C00344051,2152018.0,25,2018,15,2
C00344051,2262018.0,140,2018,26,2
C00344051,2282018.0,50,2018,28,2
C00344051,2252018.0,1000,2018,25,2
C00344051,2212018.0,30,2018,21,2
C00344051,2152018.0,35,2018,15,2
C00344051,2072018.0,500,2018,07,2
C00344051,2242018.0,36,2018,24,2
C00344051,2072018.0,40,2018,07,2
C00344051,2222018.0,55,2018,22,2
C00344051,2282018.0,250,2018,28,2
C00344051,2122018.0,20,2018,12,2
C00344051,2282018.0,1000,2018,28,2
C00344051,2072018.0,25,2018,07,2
C00344051,2012018.0,100,2018,01,2
C00344051,2112018.0,100,2018,11,2
C00344051,2172018.0,100,2018,17,2
C00344051,2082018.0,200,2018,08,2
C00344051,2082018.0,250,2018,08,2
C00344051,2072018.0,1000,2018,07,2
C00344051,2042018.0,100,2018,04,2
C00344051,2262018.0,100,2018,26,2
C00344051,2242018.0,100,2018,24,2
C00344051,2012018.0,25,2018,01,2
C00344051,2112018.0,10,2018,11,2
C00344051,2092018.0,25,2018,09,2
C00344051,2132018.0,85,2018,13,2
C00344051,2122018.0,20,2018,12,2
C00344051,2232018.0,40,2018,23,2
C00344051,2282018.0,75,2018,28,2
C00344051,2042018.0,100,2018,04,2
C00344051,2072018.0,25,2018,07,2
C00344051,2282018.0,10,2018,28,2
C00344051,2122018.0,75,2018,12,2
C00344051,2042018.0,5,2018,04,2
C00344051,2102018.0,20,2018,10,2
C00344051,2282018.0,50,2018,28,2
C00344051,2182018.0,6,2018,18,2
C00344051,2282018.0,25,2018,28,2
C00344051,2282018.0,150,2018,28,2
C00344051,2212018.0,1000,2018,21,2
C00344051,2152018.0,2700,2018,15,2
C00344051,2242018.0,40,2018,24,2
C00344051,2122018.0,50,2018,12,2
C00344051,2052018.0,200,2018,05,2
C00344051,2112018.0,50,2018,11,2
C00344051,2252018.0,200,2018,25,2
C00344051,2262018.0,25,2018,26,2
C00344051,2282018.0,25,2018,28,2
C00344051,2012018.0,10,2018,01,2
C00344051,2112018.0,10,2018,11,2
C00344051,2162018.0,25,2018,16,2
C00344051,2232018.0,10,2018,23,2
C00344051,2282018.0,25,2018,28,2
C00344051,2132018.0,1000,2018,13,2
C00344051,2162018.0,500,2018,16,2
C00344051,2172018.0,25,2018,17,2
C00344051,2012018.0,2700,2018,01,2
C00344051,2152018.0,50,2018,15,2
C00344051,2252018.0,75,2018,25,2
C00344051,2092018.0,50,2018,09,2
C00344051,2122018.0,2700,2018,12,2
C00344051,2122018.0,2700,2018,12,2
C00344051,2282018.0,250,2018,28,2
C00344051,2232018.0,100,2018,23,2
C00344051,2062018.0,500,2018,06,2
C00344051,2092018.0,1000,2018,09,2
C00344051,2092018.0,1000,2018,09,2
C00344051,2222018.0,500,2018,22,2
C00344051,2102018.0,10,2018,10,2
C00344051,2232018.0,15,2018,23,2
C00344051,2192018.0,250,2018,19,2
C00344051,2232018.0,100,2018,23,2
C00344051,2262018.0,250,2018,26,2
C00344051,2232018.0,50,2018,23,2
C00344051,2082018.0,25,2018,08,2
C00344051,2132018.0,250,2018,13,2
C00344051,2232018.0,25,2018,23,2
C00344051,2092018.0,1000,2018,09,2
C00344051,2072018.0,25,2018,07,2
C00344051,2282018.0,100,2018,28,2
C00344051,2092018.0,25,2018,09,2
C00344051,2232018.0,50,2018,23,2
C00344051,2132018.0,35,2018,13,2
C00344051,2282018.0,25,2018,28,2
C00344051,2212018.0,10,2018,21,2
C00344051,2242018.0,25,2018,24,2
C00344051,2262018.0,20,2018,26,2
C00344051,2262018.0,5,2018,26,2
C00344051,2152018.0,2700,2018,15,2
C00344051,2282018.0,200,2018,28,2
C00344051,2142018.0,1000,2018,14,2
C00344051,2142018.0,1000,2018,14,2
C00344051,2282018.0,50,2018,28,2
C00344051,2262018.0,250,2018,26,2
C00344051,2062018.0,1000,2018,06,2
C00344051,2062018.0,500,2018,06,2
C00344051,2242018.0,85,2018,24,2
C00344051,2222018.0,28,2018,22,2
C00344051,2262018.0,6,2018,26,2
C00344051,2032018.0,50,2018,03,2
C00344051,2282018.0,25,2018,28,2
C00344051,2122018.0,100,2018,12,2
C00344051,2252018.0,25,2018,25,2
C00344051,2162018.0,15,2018,16,2
C00344051,2182018.0,75,2018,18,2
C00344051,2062018.0,100,2018,06,2
C00344051,2242018.0,200,2018,24,2
C00344051,2062018.0,10,2018,06,2
C00344051,2052018.0,150,2018,05,2
C00344051,2242018.0,100,2018,24,2
C00344051,2212018.0,500,2018,21,2
C00344051,2232018.0,75,2018,23,2
C00344051,2282018.0,100,2018,28,2
C00344051,2052018.0,35,2018,05,2
C00344051,2242018.0,25,2018,24,2
C00344051,2282018.0,25,2018,28,2
C00344051,2142018.0,40,2018,14,2
C00344051,2172018.0,25,2018,17,2
C00344051,2222018.0,250,2018,22,2
C00344051,2252018.0,1500,2018,25,2
C00344051,2222018.0,1500,2018,22,2
C00344051,2062018.0,400,2018,06,2
C00344051,2062018.0,250,2018,06,2
C00344051,2282018.0,25,2018,28,2
C00344051,2232018.0,15,2018,23,2
C00344051,2282018.0,25,2018,28,2
C00344051,2282018.0,25,2018,28,2
C00344051,2272018.0,25,2018,27,2
C00344051,2232018.0,50,2018,23,2
C00344051,2282018.0,40,2018,28,2
C00344051,2262018.0,20,2018,26,2
C00344051,2122018.0,25,2018,12,2
C00344051,2282018.0,25,2018,28,2
C00344051,2212018.0,250,2018,21,2
C00344051,2102018.0,10,2018,10,2
C00344051,2142018.0,100,2018,14,2
C00344051,2262018.0,25,2018,26,2
C00344051,2172018.0,25,2018,17,2
C00344051,2052018.0,100,2018,05,2
C00344051,2172018.0,25,2018,17,2
C00344051,2172018.0,25,2018,17,2
C00344051,2092018.0,100,2018,09,2
C00344051,2232018.0,100,2018,23,2
C00344051,2072018.0,300,2018,07,2
C00344051,2072018.0,272,2018,07,2
C00344051,2102018.0,500,2018,10,2
C00344051,2052018.0,100,2018,05,2
C00344051,2062018.0,250,2018,06,2
C00344051,2272018.0,50,2018,27,2
C00344051,2152018.0,150,2018,15,2
C00344051,2272018.0,100,2018,27,2
C00344051,2092018.0,35,2018,09,2
C00344051,2092018.0,1000,2018,09,2
C00344051,2222018.0,35,2018,22,2
C00344051,2172018.0,50,2018,17,2
C00344051,2062018.0,25,2018,06,2
C00344051,2232018.0,10,2018,23,2
C00344051,2062018.0,25,2018,06,2
C00344051,2052018.0,35,2018,05,2
C00344051,2092018.0,100,2018,09,2
C00344051,2162018.0,36,2018,16,2
C00344051,2232018.0,15,2018,23,2
C00344051,2122018.0,50,2018,12,2
C00344051,2082018.0,200,2018,08,2
C00344051,2222018.0,10,2018,22,2
C00344051,2222018.0,100,2018,22,2
C00344051,2062018.0,250,2018,06,2
C00344051,2022018.0,10,2018,02,2
C00344051,2142018.0,25,2018,14,2
C00344051,2272018.0,25,2018,27,2
C00344051,2132018.0,50,2018,13,2
C00344051,2082018.0,100,2018,08,2
C00344051,2272018.0,25,2018,27,2
C00344051,2162018.0,1000,2018,16,2
C00344051,2102018.0,250,2018,10,2
C00344051,2102018.0,250,2018,10,2
C00344051,2282018.0,100,2018,28,2
C00344051,2282018.0,50,2018,28,2
C00344051,2212018.0,200,2018,21,2
C00344051,2012018.0,1000,2018,01,2
C00344051,2252018.0,75,2018,25,2
C00344051,2132018.0,35,2018,13,2
C00344051,2112018.0,1000,2018,11,2
C00344051,2162018.0,250,2018,16,2
C00344051,2162018.0,30,2018,16,2
C00344051,2232018.0,35,2018,23,2
C00344051,2162018.0,500,2018,16,2
C00344051,2132018.0,2700,2018,13,2
C00344051,2162018.0,100,2018,16,2
C00344051,2052018.0,1000,2018,05,2
C00344051,2282018.0,2700,2018,28,2
C00344051,2102018.0,250,2018,10,2
C00344051,2062018.0,50,2018,06,2
C00344051,2092018.0,25,2018,09,2
C00344051,2182018.0,10,2018,18,2
C00344051,2172018.0,150,2018,17,2
C00344051,2192018.0,100,2018,19,2
C00344051,2132018.0,50,2018,13,2
C00344051,2132018.0,15,2018,13,2
C00344051,2062018.0,30,2018,06,2
C00344051,2112018.0,200,2018,11,2
C00344051,2242018.0,200,2018,24,2
C00344051,2082018.0,250,2018,08,2
C00344051,2122018.0,50,2018,12,2
C00344051,2052018.0,100,2018,05,2
C00344051,2252018.0,25,2018,25,2
C00344051,2142018.0,25,2018,14,2
C00344051,2142018.0,25,2018,14,2
C00344051,2242018.0,25,2018,24,2
C00344051,2062018.0,15,2018,06,2
C00344051,2142018.0,15,2018,14,2
C00344051,2282018.0,70,2018,28,2
C00344051,2162018.0,50,2018,16,2
C00344051,2162018.0,50,2018,16,2
C00344051,2132018.0,50,2018,13,2
C00344051,2082018.0,35,2018,08,2
C00344051,2252018.0,50,2018,25,2
C00344051,2262018.0,50,2018,26,2
C00344051,2032018.0,250,2018,03,2
C00344051,2062018.0,1000,2018,06,2
C00344051,2162018.0,2700,2018,16,2
C00344051,2142018.0,1000,2018,14,2
C00344051,2102018.0,250,2018,10,2
C00344051,2122018.0,25,2018,12,2
C00344051,2132018.0,25,2018,13,2
C00344051,2182018.0,25,2018,18,2
C00344051,2282018.0,25,2018,28,2
C00344051,2172018.0,500,2018,17,2
C00344051,2072018.0,250,2018,07,2
C00344051,2022018.0,100,2018,02,2
C00344051,2182018.0,75,2018,18,2
C00344051,2262018.0,75,2018,26,2
C00344051,2052018.0,25,2018,05,2
C00344051,2062018.0,100,2018,06,2
C00344051,2062018.0,20,2018,06,2
C00344051,2092018.0,200,2018,09,2
C00344051,2122018.0,500,2018,12,2
C00344051,2032018.0,10,2018,03,2
C00344051,2222018.0,25,2018,22,2
C00344051,2052018.0,100,2018,05,2
C00344051,2242018.0,10,2018,24,2
C00344051,2242018.0,100,2018,24,2
C00344051,2252018.0,80,2018,25,2
C00344051,2142018.0,50,2018,14,2
C00344051,2052018.0,25,2018,05,2
C00344051,2062018.0,250,2018,06,2
C00344051,2132018.0,500,2018,13,2
C00344051,2172018.0,10,2018,17,2
C00344051,2082018.0,60,2018,08,2
C00344051,2142018.0,1000,2018,14,2
C00344051,2152018.0,500,2018,15,2
C00344051,2252018.0,250,2018,25,2
C00344051,2032018.0,25,2018,03,2
C00344051,2172018.0,25,2018,17,2
C00344051,2252018.0,100,2018,25,2
C00344051,2282018.0,25,2018,28,2
C00344051,2112018.0,100,2018,11,2
C00344051,2152018.0,100,2018,15,2
C00344051,2202018.0,1000,2018,20,2
C00344051,2132018.0,250,2018,13,2
C00344051,2282018.0,40,2018,28,2
C00344051,2122018.0,150,2018,12,2
C00344051,2252018.0,115,2018,25,2
C00344051,2142018.0,70,2018,14,2
C00344051,2072018.0,1000,2018,07,2
C00344051,2282018.0,35,2018,28,2
C00344051,2102018.0,40,2018,10,2
C00344051,2152018.0,25,2018,15,2
C00344051,2232018.0,35,2018,23,2
C00344051,2032018.0,15,2018,03,2
C00344051,2192018.0,100,2018,19,2
C00344051,2262018.0,15,2018,26,2
C00344051,2012018.0,500,2018,01,2
C00344051,2102018.0,100,2018,10,2
C00344051,2142018.0,100,2018,14,2
C00344051,2282018.0,25,2018,28,2
C00344051,2032018.0,10,2018,03,2
C00344051,2152018.0,100,2018,15,2
C00344051,2132018.0,250,2018,13,2
C00344051,2062018.0,70,2018,06,2
C00344051,2142018.0,50,2018,14,2
C00344051,2102018.0,50,2018,10,2
C00344051,2252018.0,50,2018,25,2
C00344051,2092018.0,50,2018,09,2
C00344051,2212018.0,1000,2018,21,2
C00344051,2142018.0,25,2018,14,2
C00344051,2262018.0,25,2018,26,2
C00344051,2102018.0,10,2018,10,2
C00344051,2232018.0,15,2018,23,2
C00344051,2192018.0,40,2018,19,2
C00344051,2252018.0,7,2018,25,2
C00344051,2282018.0,7,2018,28,2
C00344051,2242018.0,10,2018,24,2
C00344051,2062018.0,100,2018,06,2
C00344051,2092018.0,1000,2018,09,2
C00344051,2232018.0,25,2018,23,2
C00344051,2222018.0,25,2018,22,2
C00344051,2222018.0,200,2018,22,2
C00344051,2042018.0,100,2018,04,2
C00344051,2272018.0,75,2018,27,2
C00344051,2092018.0,50,2018,09,2
C00344051,2182018.0,25,2018,18,2
C00344051,2242018.0,25,2018,24,2
C00344051,2282018.0,10,2018,28,2
C00344051,2122018.0,300,2018,12,2
C00344051,2062018.0,40,2018,06,2
C00344051,2042018.0,100,2018,04,2
C00344051,2172018.0,-100,2018,17,2
C00344051,2272018.0,100,2018,27,2
C00344051,2262018.0,25,2018,26,2
C00344051,2132018.0,5,2018,13,2
C00344051,2222018.0,15,2018,22,2
C00344051,2062018.0,6,2018,06,2
C00344051,2092018.0,100,2018,09,2
C00344051,2282018.0,25,2018,28,2
C00344051,2232018.0,500,2018,23,2
C00344051,2162018.0,1000,2018,16,2
C00344051,2202018.0,100,2018,20,2
C00344051,2282018.0,50,2018,28,2
C00344051,2072018.0,140,2018,07,2
C00344051,2222018.0,100,2018,22,2
C00344051,2142018.0,70,2018,14,2
C00344051,2162018.0,25,2018,16,2
C00344051,2232018.0,250,2018,23,2
C00344051,2082018.0,100,2018,08,2
C00344051,2212018.0,100,2018,21,2
C00344051,2232018.0,25,2018,23,2
C00344051,2222018.0,28,2018,22,2
C00344051,2262018.0,50,2018,26,2
C00344051,2062018.0,100,2018,06,2
C00344051,2272018.0,250,2018,27,2
C00344051,2012018.0,2700,2018,01,2
C00344051,2062018.0,500,2018,06,2
C00344051,2282018.0,50,2018,28,2
C00344051,2122018.0,500,2018,12,2
C00344051,2092018.0,25,2018,09,2
C00344051,2252018.0,100,2018,25,2
C00344051,2012018.0,25,2018,01,2
C00344051,2082018.0,5,2018,08,2
C00344051,2122018.0,30,2018,12,2
C00344051,2122018.0,500,2018,12,2
C00344051,2262018.0,50,2018,26,2
C00344051,2282018.0,25,2018,28,2
C00344051,2072018.0,50,2018,07,2
C00344051,2112018.0,25,2018,11,2
C00344051,2232018.0,5,2018,23,2
C00344051,2272018.0,20,2018,27,2
C00344051,2092018.0,200,2018,09,2
C00344051,2212018.0,500,2018,21,2
C00344051,2152018.0,10,2018,15,2
C00344051,2052018.0,50,2018,05,2
C00344051,2212018.0,25,2018,21,2
C00344051,2122018.0,500,2018,12,2
C00344051,2232018.0,50,2018,23,2
C00344051,2152018.0,100,2018,15,2
C00344051,2222018.0,25,2018,22,2
C00344051,2242018.0,40,2018,24,2
C00344051,2282018.0,100,2018,28,2
C00344051,2122018.0,10,2018,12,2
C00344051,2152018.0,10,2018,15,2
C00344051,2232018.0,50,2018,23,2
C00344051,2152018.0,2700,2018,15,2
C00344051,2152018.0,2700,2018,15,2
C00344051,2042018.0,50,2018,04,2
C00344051,2232018.0,25,2018,23,2
C00344051,2282018.0,25,2018,28,2
C00344051,2132018.0,100,2018,13,2
C00344051,2262018.0,400,2018,26,2
C00344051,2062018.0,150,2018,06,2
C00344051,2022018.0,25,2018,02,2
C00344051,2092018.0,6,2018,09,2
C00344051,2152018.0,25,2018,15,2
C00344051,2242018.0,10,2018,24,2
C00344051,2242018.0,25,2018,24,2
C00344051,2062018.0,100,2018,06,2
C00344051,2162018.0,500,2018,16,2
C00344051,2262018.0,500,2018,26,2
C00344051,2192018.0,35,2018,19,2
C00344051,2062018.0,15,2018,06,2
C00344051,2262018.0,25,2018,26,2
C00344051,2252018.0,11,2018,25,2
C00344051,2142018.0,25,2018,14,2
C00344051,2152018.0,25,2018,15,2
C00344051,2232018.0,100,2018,23,2
C00344051,2132018.0,20,2018,13,2
C00344051,2232018.0,25,2018,23,2
C00344051,2202018.0,40,2018,20,2
C00344051,2122018.0,250,2018,12,2
C00344051,2282018.0,40,2018,28,2
C00344051,2072018.0,6,2018,07,2
C00344051,2132018.0,50,2018,13,2
C00344051,2162018.0,10,2018,16,2
C00344051,2142018.0,25,2018,14,2
C00344051,2262018.0,100,2018,26,2
C00344051,2282018.0,200,2018,28,2
C00344051,2062018.0,35,2018,06,2
C00344051,2142018.0,10,2018,14,2
C00344051,2282018.0,7,2018,28,2
C00344051,2222018.0,70,2018,22,2
C00344051,2182018.0,50,2018,18,2
C00344051,2092018.0,10,2018,09,2
C00344051,2282018.0,25,2018,28,2
C00344051,2132018.0,250,2018,13,2
C00344051,2062018.0,100,2018,06,2
C00344051,2192018.0,1000,2018,19,2
C00344051,2032018.0,100,2018,03,2
C00344051,2132018.0,25,2018,13,2
C00344051,2162018.0,100,2018,16,2
C00344051,2192018.0,2700,2018,19,2
C00344051,2282018.0,1000,2018,28,2
C00344051,2082018.0,70,2018,08,2
C00344051,2272018.0,50,2018,27,2
C00344051,2282018.0,250,2018,28,2
C00344051,2092018.0,1000,2018,09,2
C00344051,2122018.0,2700,2018,12,2
C00344051,2122018.0,1700,2018,12,2
C00344051,2122018.0,1000,2018,12,2
C00344051,2142018.0,100,2018,14,2
C00344051,2102018.0,25,2018,10,2
C00344051,2222018.0,28,2018,22,2
C00344051,2232018.0,2700,2018,23,2
C00344051,2082018.0,250,2018,08,2
C00344051,2232018.0,500,2018,23,2
C00344051,2252018.0,6,2018,25,2
C00344051,2042018.0,1000,2018,04,2
C00344051,2222018.0,5,2018,22,2
C00344051,2232018.0,500,2018,23,2
C00344051,2272018.0,100,2018,27,2
C00344051,2022018.0,250,2018,02,2
C00344051,2092018.0,25,2018,09,2
C00344051,2242018.0,10,2018,24,2
C00344051,2272018.0,15,2018,27,2
C00344051,2222018.0,40,2018,22,2
C00344051,2192018.0,500,2018,19,2
C00344051,2252018.0,25,2018,25,2
C00344051,2122018.0,25,2018,12,2
C00344051,2282018.0,25,2018,28,2
C00344051,2162018.0,100,2018,16,2
C00344051,2102018.0,75,2018,10,2
C00344051,2272018.0,100,2018,27,2
C00344051,2102018.0,75,2018,10,2
C00344051,2162018.0,100,2018,16,2
C00344051,2272018.0,100,2018,27,2
C00344051,2252018.0,25,2018,25,2
C00344051,2072018.0,15,2018,07,2
C00344051,2092018.0,5,2018,09,2
C00344051,2102018.0,20,2018,10,2
C00344051,2172018.0,-200,2018,17,2
C00344051,2232018.0,500,2018,23,2
C00344051,2162018.0,250,2018,16,2
C00344051,2092018.0,40,2018,09,2
C00344051,2122018.0,1000,2018,12,2
C00344051,2022018.0,50,2018,02,2
C00344051,2082018.0,50,2018,08,2
C00344051,2232018.0,20,2018,23,2
C00344051,2252018.0,250,2018,25,2
C00344051,2282018.0,100,2018,28,2
C00344051,2262018.0,25,2018,26,2
C00344051,2262018.0,500,2018,26,2
C00344051,2282018.0,150,2018,28,2
C00344051,2102018.0,250,2018,10,2
C00344051,2142018.0,100,2018,14,2
C00344051,2012018.0,20,2018,01,2
C00344051,2152018.0,50,2018,15,2
C00344051,2152018.0,72,2018,15,2
C00344051,2282018.0,50,2018,28,2
C00344051,2142018.0,50,2018,14,2
C00344051,2282018.0,25,2018,28,2
C00344051,2282018.0,25,2018,28,2
C00344051,2162018.0,25,2018,16,2
C00344051,2052018.0,1000,2018,05,2
C00344051,2142018.0,1000,2018,14,2
C00344051,2072018.0,10,2018,07,2
C00344051,2282018.0,10,2018,28,2
C00344051,2262018.0,250,2018,26,2
C00344051,2122018.0,100,2018,12,2
C00344051,2062018.0,200,2018,06,2
C00344051,2272018.0,25,2018,27,2
C00344051,2262018.0,100,2018,26,2
C00344051,2262018.0,100,2018,26,2
C00344051,2132018.0,250,2018,13,2
C00344051,2182018.0,25,2018,18,2
C00344051,2232018.0,25,2018,23,2
C00344051,2232018.0,100,2018,23,2
C00344051,2092018.0,25,2018,09,2
C00344051,2032018.0,25,2018,03,2
C00344051,2092018.0,1000,2018,09,2
C00344051,2082018.0,500,2018,08,2
C00344051,2202018.0,25,2018,20,2
C00344051,2112018.0,25,2018,11,2
C00344051,2062018.0,40,2018,06,2
C00344051,2062018.0,25,2018,06,2
C00344051,2092018.0,2500,2018,09,2
C00344051,2092018.0,150,2018,09,2
C00344051,2272018.0,100,2018,27,2
C00344051,2232018.0,50,2018,23,2
C00344051,2072018.0,25,2018,07,2
C00344051,2102018.0,6,2018,10,2
C00344051,2092018.0,500,2018,09,2
C00344051,2262018.0,500,2018,26,2
C00344051,2212018.0,500,2018,21,2
C00344051,2112018.0,50,2018,11,2
C00344051,2122018.0,35,2018,12,2
C00344051,2282018.0,25,2018,28,2
C00344051,2092018.0,500,2018,09,2
C00344051,2082018.0,950,2018,08,2
C00344051,2162018.0,-250,2018,16,2
C00344051,2162018.0,250,2018,16,2
C00344051,2082018.0,50,2018,08,2
C00344051,2072018.0,100,2018,07,2
C00344051,2272018.0,100,2018,27,2
C00344051,2162018.0,300,2018,16,2
C00344051,2162018.0,2700,2018,16,2
C00344051,2172018.0,10,2018,17,2
C00344051,2232018.0,15,2018,23,2
C00344051,2272018.0,10,2018,27,2
C00344051,2232018.0,250,2018,23,2
C00344051,2152018.0,2700,2018,15,2
C00344051,2152018.0,2700,2018,15,2
C00344051,2282018.0,20,2018,28,2
C00344051,2022018.0,17,2018,02,2
C00344051,2272018.0,25,2018,27,2
C00344051,2012018.0,500,2018,01,2
C00344051,2052018.0,500,2018,05,2
C00344051,2222018.0,10,2018,22,2
C00344051,2152018.0,25,2018,15,2
C00344051,2262018.0,25,2018,26,2
C00344051,2072018.0,50,2018,07,2
C00344051,2082018.0,50,2018,08,2
C00344051,2042018.0,100,2018,04,2
C00344051,2122018.0,50,2018,12,2
C00344051,2132018.0,100,2018,13,2
C00344051,2122018.0,50,2018,12,2
C00344051,2122018.0,100,2018,12,2
C00344051,2072018.0,100,2018,07,2
C00344051,2272018.0,200,2018,27,2
C00344051,2282018.0,50,2018,28,2
C00344051,2042018.0,100,2018,04,2
C00344051,2132018.0,100,2018,13,2
C00344051,2122018.0,100,2018,12,2
C00344051,2082018.0,1000,2018,08,2
C00344051,2142018.0,200,2018,14,2
C00344051,2282018.0,100,2018,28,2
C00344051,2262018.0,25,2018,26,2
C00344051,2162018.0,250,2018,16,2
C00344051,2092018.0,250,2018,09,2
C00344051,2282018.0,250,2018,28,2
C00344051,2152018.0,100,2018,15,2
C00344051,2162018.0,2450,2018,16,2
C00344051,2282018.0,75,2018,28,2
C00344051,2282018.0,25,2018,28,2
C00344051,2242018.0,150,2018,24,2
C00344051,2032018.0,10,2018,03,2
C00344051,2162018.0,1000,2018,16,2
C00344051,2092018.0,25,2018,09,2
C00344051,2262018.0,2000,2018,26,2
C00344051,2232018.0,40,2018,23,2
C00344051,2152018.0,50,2018,15,2
C00344051,2252018.0,500,2018,25,2
C00344051,2022018.0,25,2018,02,2
C00344051,2092018.0,25,2018,09,2
C00344051,2242018.0,50,2018,24,2
C00344051,2012018.0,100,2018,01,2
C00344051,2022018.0,50,2018,02,2
C00344051,2282018.0,250,2018,28,2
C00344051,2222018.0,25,2018,22,2
C00344051,2232018.0,500,2018,23,2
C00344051,2072018.0,25,2018,07,2
C00344051,2092018.0,25,2018,09,2
C00344051,2132018.0,6,2018,13,2
C00344051,2212018.0,2700,2018,21,2
C00344051,2122018.0,25,2018,12,2
C00344051,2102018.0,20,2018,10,2
C00344051,2152018.0,70,2018,15,2
C00344051,2232018.0,100,2018,23,2
C00344051,2232018.0,500,2018,23,2
C00344051,2182018.0,35,2018,18,2
C00344051,2062018.0,1000,2018,06,2
C00344051,2082018.0,100,2018,08,2
C00344051,2282018.0,25,2018,28,2
C00344051,2282018.0,25,2018,28,2
C00344051,2272018.0,40,2018,27,2
C00344051,2142018.0,50,2018,14,2
C00344051,2272018.0,160,2018,27,2
C00344051,2262018.0,100,2018,26,2
C00344051,2122018.0,1000,2018,12,2
C00344051,2152018.0,100,2018,15,2
C00344051,2162018.0,30,2018,16,2
C00344051,2202018.0,2700,2018,20,2
C00344051,2272018.0,150,2018,27,2
C00344051,2092018.0,150,2018,09,2
C00344051,2152018.0,15,2018,15,2
C00344051,2152018.0,15,2018,15,2
C00344051,2212018.0,15,2018,21,2
C00344051,2092018.0,50,2018,09,2
C00344051,2232018.0,10,2018,23,2
C00344051,2192018.0,5,2018,19,2
C00344051,2282018.0,10,2018,28,2
C00344051,2052018.0,50,2018,05,2
C00344051,2232018.0,100,2018,23,2
C00344051,2122018.0,700,2018,12,2
C00344051,2092018.0,40,2018,09,2
C00344051,2282018.0,50,2018,28,2
C00344051,2252018.0,100,2018,25,2
C00344051,2242018.0,25,2018,24,2
C00344051,2082018.0,25,2018,08,2
C00344051,2242018.0,25,2018,24,2
C00344051,2222018.0,100,2018,22,2
C00344051,2232018.0,100,2018,23,2
C00344051,2132018.0,25,2018,13,2
C00344051,2152018.0,1000,2018,15,2
C00344051,2272018.0,50,2018,27,2
C00344051,2262018.0,500,2018,26,2
C00344051,2272018.0,50,2018,27,2
C00344051,2122018.0,1000,2018,12,2
C00344051,2242018.0,25,2018,24,2
C00344051,2212018.0,25,2018,21,2
C00344051,2052018.0,500,2018,05,2
C00344051,2012018.0,25,2018,01,2
C00344051,2012018.0,25,2018,01,2
C00344051,2182018.0,25,2018,18,2
C00344051,2242018.0,10,2018,24,2
C00344051,2202018.0,-40,2018,20,2
C00344051,2022018.0,50,2018,02,2
C00344051,2052018.0,250,2018,05,2
C00344051,2122018.0,70,2018,12,2
C00344051,2112018.0,25,2018,11,2
C00344051,2092018.0,250,2018,09,2
C00344051,2282018.0,50,2018,28,2
C00344051,2062018.0,250,2018,06,2
C00344051,2152018.0,10,2018,15,2
C00344051,2232018.0,100,2018,23,2
C00344051,2192018.0,25,2018,19,2
C00344051,2232018.0,45,2018,23,2
C00344051,2232018.0,45,2018,23,2
C00344051,2072018.0,25,2018,07,2
C00344051,2142018.0,25,2018,14,2
C00344051,2222018.0,25,2018,22,2
C00344051,2102018.0,2700,2018,10,2
C00344051,2102018.0,2700,2018,10,2
C00344051,2192018.0,700,2018,19,2
C00344051,2192018.0,2700,2018,19,2
C00344051,2192018.0,2000,2018,19,2
C00344051,2102018.0,2700,2018,10,2
C00344051,2102018.0,2700,2018,10,2
C00344051,2022018.0,20,2018,02,2
C00344051,2142018.0,200,2018,14,2
C00344051,2262018.0,250,2018,26,2
C00344051,2162018.0,50,2018,16,2
C00344051,2222018.0,25,2018,22,2
C00344051,2032018.0,25,2018,03,2
C00344051,2012018.0,250,2018,01,2
C00344051,2092018.0,250,2018,09,2
C00344051,2132018.0,100,2018,13,2
C00344051,2062018.0,70,2018,06,2
C00344051,2282018.0,20,2018,28,2
C00344051,2072018.0,50,2018,07,2
C00344051,2132018.0,25,2018,13,2
C00344051,2232018.0,50,2018,23,2
C00344051,2082018.0,25,2018,08,2
C00344051,2022018.0,20,2018,02,2
C00344051,2182018.0,-25,2018,18,2
C00344051,2232018.0,15,2018,23,2
C00344051,2122018.0,2700,2018,12,2
C00344051,2022018.0,10,2018,02,2
C00344051,2092018.0,10,2018,09,2
C00344051,2182018.0,5,2018,18,2
C00344051,2242018.0,10,2018,24,2
C00344051,2162018.0,1000,2018,16,2
C00344051,2032018.0,75,2018,03,2
C00344051,2232018.0,50,2018,23,2
C00344051,2152018.0,25,2018,15,2
C00344051,2022018.0,25,2018,02,2
C00344051,2032018.0,25,2018,03,2
C00344051,2212018.0,1000,2018,21,2
C00344051,2122018.0,100,2018,12,2
C00344051,2052018.0,25,2018,05,2
C00344051,2102018.0,25,2018,10,2
C00344051,2212018.0,50,2018,21,2
C00344051,2052018.0,5,2018,05,2
C00344051,2222018.0,15,2018,22,2
C00344051,2282018.0,25,2018,28,2
C00344051,2072018.0,35,2018,07,2
C00344051,2222018.0,30,2018,22,2
C00344051,2242018.0,25,2018,24,2
C00344051,2092018.0,250,2018,09,2
C00344051,2012018.0,2,2018,01,2
C00344051,2222018.0,25,2018,22,2
C00344051,2112018.0,1000,2018,11,2
C00344051,2272018.0,75,2018,27,2
C00344051,2072018.0,1000,2018,07,2
C00344051,2262018.0,500,2018,26,2
C00344051,2032018.0,25,2018,03,2
C00344051,2222018.0,25,2018,22,2
C00344051,2272018.0,25,2018,27,2
C00344051,2282018.0,4,2018,28,2
C00344051,2282018.0,25,2018,28,2
C00344051,2052018.0,50,2018,05,2
C00344051,2272018.0,50,2018,27,2
C00344051,2092018.0,1000,2018,09,2
C00344051,2242018.0,10,2018,24,2
C00344051,2242018.0,40,2018,24,2
C00344051,2102018.0,25,2018,10,2
C00344051,2172018.0,15,2018,17,2
C00344051,2282018.0,25,2018,28,2
C00344051,2282018.0,25,2018,28,2
C00344051,2282018.0,25,2018,28,2
C00344051,2092018.0,1000,2018,09,2
C00344051,2272018.0,50,2018,27,2
C00344051,2262018.0,500,2018,26,2
C00344051,2052018.0,650,2018,05,2
C00344051,2102018.0,250,2018,10,2
C00344051,2092018.0,40,2018,09,2
C00344051,2052018.0,350,2018,05,2
C00344051,2062018.0,250,2018,06,2
C00344051,2222018.0,40,2018,22,2
C00344051,2142018.0,300,2018,14,2
C00344051,2142018.0,2700,2018,14,2
C00344051,2262018.0,1000,2018,26,2
C00344051,2172018.0,50,2018,17,2
C00344051,2232018.0,40,2018,23,2
C00344051,2282018.0,38,2018,28,2
C00344051,2012018.0,200,2018,01,2
C00344051,2092018.0,1000,2018,09,2
C00344051,2222018.0,500,2018,22,2
C00344051,2082018.0,50,2018,08,2
C00344051,2162018.0,25,2018,16,2
C00344051,2012018.0,100,2018,01,2
C00344051,2092018.0,25,2018,09,2
C00344051,2252018.0,25,2018,25,2
C00344051,2152018.0,2700,2018,15,2
C00344051,2132018.0,25,2018,13,2
C00344051,2192018.0,10,2018,19,2
C00344051,2262018.0,500,2018,26,2
C00344051,2212018.0,75,2018,21,2
C00344051,2242018.0,100,2018,24,2
C00344051,2162018.0,2700,2018,16,2
C00344051,2172018.0,40,2018,17,2
C00344051,2232018.0,50,2018,23,2
C00344051,2222018.0,25,2018,22,2
C00344051,2232018.0,500,2018,23,2
C00344051,2112018.0,40,2018,11,2
C00344051,2232018.0,100,2018,23,2
C00344051,2232018.0,100,2018,23,2
C00344051,2222018.0,500,2018,22,2
C00344051,2012018.0,500,2018,01,2
C00344051,2152018.0,50,2018,15,2
C00344051,2132018.0,300,2018,13,2
C00344051,2222018.0,25,2018,22,2
C00344051,2052018.0,250,2018,05,2
C00344051,2082018.0,5,2018,08,2
C00344051,2062018.0,25,2018,06,2
C00344051,2152018.0,50,2018,15,2
C00344051,2242018.0,25,2018,24,2
C00344051,2282018.0,25,2018,28,2
C00344051,2132018.0,25,2018,13,2
C00344051,2042018.0,700,2018,04,2
C00344051,2262018.0,250,2018,26,2
C00344051,2072018.0,10,2018,07,2
C00344051,2112018.0,25,2018,11,2
C00344051,2242018.0,250,2018,24,2
C00344051,2242018.0,25,2018,24,2
C00344051,2062018.0,80,2018,06,2
C00344051,2142018.0,25,2018,14,2
C00344051,2232018.0,10,2018,23,2
C00344051,2272018.0,25,2018,27,2
C00344051,2232018.0,100,2018,23,2
C00344051,2152018.0,500,2018,15,2
C00344051,2012018.0,25,2018,01,2
C00344051,2032018.0,75,2018,03,2
C00344051,2022018.0,25,2018,02,2
C00344051,2102018.0,25,2018,10,2
C00344051,2042018.0,300,2018,04,2
C00344051,2262018.0,200,2018,26,2
C00344051,2122018.0,1000,2018,12,2
C00344051,2032018.0,200,2018,03,2
C00344051,2152018.0,20,2018,15,2
C00344051,2122018.0,100,2018,12,2
C00344051,2152018.0,500,2018,15,2
C00344051,2122018.0,50,2018,12,2
C00344051,2262018.0,50,2018,26,2
C00344051,2282018.0,100,2018,28,2
C00344051,2202018.0,500,2018,20,2
C00344051,2082018.0,50,2018,08,2
C00344051,2282018.0,15,2018,28,2
C00344051,2272018.0,10,2018,27,2
C00344051,2132018.0,100,2018,13,2
C00344051,2182018.0,50,2018,18,2
C00344051,2182018.0,75,2018,18,2
C00344051,2282018.0,50,2018,28,2
C00344051,2252018.0,100,2018,25,2
C00344051,2202018.0,-35,2018,20,2
C00344051,2272018.0,75,2018,27,2
C00344051,2192018.0,25,2018,19,2
C00344051,2222018.0,100,2018,22,2
C00344051,2142018.0,40,2018,14,2
C00344051,2162018.0,2700,2018,16,2
C00344051,2092018.0,1000,2018,09,2
C00344051,2232018.0,100,2018,23,2
C00344051,2132018.0,500,2018,13,2
C00344051,2122018.0,50,2018,12,2
C00344051,2122018.0,10,2018,12,2
C00344051,2272018.0,10,2018,27,2
C00344051,2232018.0,10,2018,23,2
C00344051,2282018.0,10,2018,28,2
C00344051,2122018.0,1200,2018,12,2
C00344051,2122018.0,1000,2018,12,2
C00344051,2052018.0,300,2018,05,2
C00344051,2062018.0,250,2018,06,2
C00344051,2232018.0,100,2018,23,2
C00344051,2252018.0,100,2018,25,2
C00344051,2092018.0,50,2018,09,2
C00344051,2262018.0,500,2018,26,2
C00344051,2122018.0,100,2018,12,2
C00344051,2062018.0,300,2018,06,2
C00344051,2242018.0,25,2018,24,2
C00344051,2102018.0,700,2018,10,2
C00344051,2102018.0,300,2018,10,2
C00344051,2122018.0,35,2018,12,2
C00344051,2252018.0,25,2018,25,2
C00344051,2062018.0,100,2018,06,2
C00344051,2282018.0,250,2018,28,2
C00344051,2052018.0,1000,2018,05,2
C00344051,2132018.0,20,2018,13,2
C00344051,2282018.0,50,2018,28,2
C00344051,2092018.0,250,2018,09,2
C00344051,2032018.0,100,2018,03,2
C00344051,2092018.0,35,2018,09,2
C00344051,2282018.0,0,2018,28,2
C00344051,2252018.0,200,2018,25,2
C00344051,2152018.0,6,2018,15,2
C00344051,2282018.0,40,2018,28,2
C00344051,2092018.0,1000,2018,09,2
C00344051,2102018.0,50,2018,10,2
C00344051,2262018.0,70,2018,26,2
C00344051,2282018.0,100,2018,28,2
C00344051,2282018.0,25,2018,28,2
C00344051,2232018.0,200,2018,23,2
C00344051,2162018.0,250,2018,16,2
C00344051,2142018.0,50,2018,14,2
C00344051,2152018.0,80,2018,15,2
C00344051,2082018.0,100,2018,08,2
C00344051,2282018.0,25,2018,28,2
C00344051,2282018.0,25,2018,28,2
C00344051,2072018.0,20,2018,07,2
C00344051,2062018.0,200,2018,06,2
C00344051,2112018.0,200,2018,11,2
C00344051,2122018.0,15,2018,12,2
C00344051,2242018.0,4,2018,24,2
C00344051,2272018.0,25,2018,27,2
C00344051,2062018.0,600,2018,06,2
C00344051,2062018.0,400,2018,06,2
C00344051,2242018.0,100,2018,24,2
C00344051,2142018.0,25,2018,14,2
C00344051,2142018.0,25,2018,14,2
C00344051,2042018.0,100,2018,04,2
C00344051,2092018.0,100,2018,09,2
C00344051,2232018.0,25,2018,23,2
C00344051,2282018.0,20,2018,28,2
C00344051,2062018.0,10,2018,06,2
C00344051,2162018.0,500,2018,16,2
C00344051,2092018.0,100,2018,09,2
C00344051,2282018.0,25,2018,28,2
C00344051,2242018.0,25,2018,24,2
C00344051,2252018.0,25,2018,25,2
C00344051,2252018.0,100,2018,25,2
C00344051,2252018.0,80,2018,25,2
C00344051,2132018.0,20,2018,13,2
C00344051,2252018.0,250,2018,25,2
C00344051,2052018.0,100,2018,05,2
C00344051,2092018.0,10000,2018,09,2
C00344051,2092018.0,25,2018,09,2
C00344051,2192018.0,90,2018,19,2
C00344051,2082018.0,100,2018,08,2
C00344051,2252018.0,10,2018,25,2
C00344051,2082018.0,100,2018,08,2
C00344051,2282018.0,50,2018,28,2
C00344051,2162018.0,50,2018,16,2
C00344051,2122018.0,50,2018,12,2
C00344051,2182018.0,25,2018,18,2
C00344051,2202018.0,50,2018,20,2
C00344051,2132018.0,25,2018,13,2
C00344051,2282018.0,100,2018,28,2
C00344051,2252018.0,50,2018,25,2
C00344051,2232018.0,25,2018,23,2
C00344051,2282018.0,250,2018,28,2
C00344051,2212018.0,25,2018,21,2
C00344051,2212018.0,500,2018,21,2
C00344051,2132018.0,2700,2018,13,2
C00344051,2132018.0,2700,2018,13,2
C00344051,2142018.0,25,2018,14,2
C00344051,2122018.0,100,2018,12,2
C00344051,2282018.0,75,2018,28,2
C00344051,2142018.0,140,2018,14,2
C00344051,2122018.0,500,2018,12,2
C00344051,2142018.0,25,2018,14,2
C00344051,2212018.0,100,2018,21,2
C00344051,2122018.0,35,2018,12,2
C00344051,2282018.0,15,2018,28,2
C00344051,2042018.0,25,2018,04,2
C00344051,2072018.0,500,2018,07,2
C00344051,2182018.0,100,2018,18,2
C00344051,2282018.0,100,2018,28,2
C00344051,2102018.0,100,2018,10,2
C00344051,2132018.0,250,2018,13,2
C00344051,2232018.0,50,2018,23,2
C00344051,2242018.0,25,2018,24,2
C00344051,2142018.0,300,2018,14,2
C00344051,2072018.0,100,2018,07,2
C00344051,2172018.0,1000,2018,17,2
C00344051,2252018.0,10,2018,25,2
C00344051,2232018.0,40,2018,23,2
C00344051,2032018.0,75,2018,03,2
C00344051,2152018.0,25,2018,15,2
C00344051,2132018.0,2700,2018,13,2
C00344051,2062018.0,250,2018,06,2
C00344051,2142018.0,25,2018,14,2
C00344051,2242018.0,25,2018,24,2
C00344051,2242018.0,100,2018,24,2
C00344051,2282018.0,25,2018,28,2
C00344051,2162018.0,250,2018,16,2
C00344051,2282018.0,25,2018,28,2
C00344051,2152018.0,2700,2018,15,2
C00344051,2152018.0,2700,2018,15,2
C00344051,2282018.0,25,2018,28,2
C00344051,2282018.0,50,2018,28,2
C00344051,2252018.0,35,2018,25,2
C00344051,2152018.0,50,2018,15,2
C00344051,2252018.0,25,2018,25,2
C00344051,2032018.0,90,2018,03,2
C00344051,2032018.0,70,2018,03,2
C00344051,2072018.0,100,2018,07,2
C00344051,2072018.0,500,2018,07,2
C00344051,2252018.0,250,2018,25,2
C00344051,2092018.0,100,2018,09,2
C00344051,2122018.0,200,2018,12,2
C00344051,2232018.0,150,2018,23,2
C00344051,2052018.0,150,2018,05,2
C00344051,2282018.0,20,2018,28,2
C00344051,2022018.0,200,2018,02,2
C00344051,2122018.0,250,2018,12,2
C00344051,2052018.0,100,2018,05,2
C00344051,2032018.0,1000,2018,03,2
C00344051,2132018.0,1000,2018,13,2
C00344051,2132018.0,100,2018,13,2
C00344051,2192018.0,5,2018,19,2
C00344051,2142018.0,50,2018,14,2
C00344051,2092018.0,700,2018,09,2
C00344051,2092018.0,300,2018,09,2
C00344051,2152018.0,900,2018,15,2
C00344051,2122018.0,500,2018,12,2
C00344051,2072018.0,25,2018,07,2
C00344051,2032018.0,30,2018,03,2
C00344051,2212018.0,2700,2018,21,2
C00344051,2212018.0,2700,2018,21,2
C00344051,2092018.0,25,2018,09,2
C00344051,2092018.0,50,2018,09,2
C00344051,2232018.0,20,2018,23,2
C00344051,2062018.0,100,2018,06,2
C00344051,2092018.0,250,2018,09,2
C00344051,2282018.0,50,2018,28,2
C00344051,2282018.0,100,2018,28,2
C00344051,2252018.0,25,2018,25,2
C00344051,2282018.0,10,2018,28,2
C00344051,2262018.0,100,2018,26,2
C00344051,2192018.0,15,2018,19,2
C00344051,2262018.0,25,2018,26,2
C00344051,2282018.0,4,2018,28,2
C00344051,2242018.0,25,2018,24,2
C00344051,2262018.0,100,2018,26,2
C00344051,2052018.0,100,2018,05,2
C00344051,2122018.0,100,2018,12,2
C00344051,2242018.0,100,2018,24,2
C00344051,2272018.0,100,2018,27,2
C00344051,2272018.0,100,2018,27,2
C00344051,2042018.0,250,2018,04,2
C00344051,2092018.0,100,2018,09,2
C00344051,2182018.0,2700,2018,18,2
C00344051,2192018.0,2700,2018,19,2
C00344051,2192018.0,2000,2018,19,2
C00344051,2192018.0,2000,2018,19,2
C00638460,2262018.0,100,2018,26,2
C00638460,2262018.0,100,2018,26,2
C00638460,2282018.0,100,2018,28,2
C00638460,2262018.0,250,2018,26,2
C00638460,2162018.0,100,2018,16,2
C00638460,2282018.0,100,2018,28,2
C00638460,2282018.0,100,2018,28,2
C00638460,2092018.0,250,2018,09,2
C00638460,2082018.0,50,2018,08,2
C00638460,2022018.0,20,2018,02,2
C00638460,2012018.0,35,2018,01,2
C00638460,2252018.0,500,2018,25,2
C00638460,2162018.0,100,2018,16,2
C00638460,2012018.0,250,2018,01,2
C00638460,2282018.0,20,2018,28,2
C00638460,2162018.0,250,2018,16,2
C00638460,2282018.0,50,2018,28,2
C00638460,2102018.0,20,2018,10,2
C00638460,2162018.0,10,2018,16,2
C00638460,2282018.0,10,2018,28,2
C00638460,2162018.0,10,2018,16,2
C00638460,2012018.0,50,2018,01,2
C00638460,2282018.0,100,2018,28,2
C00638460,2162018.0,250,2018,16,2
C00638460,2022018.0,50,2018,02,2
C00638460,2212018.0,50,2018,21,2
C00638460,2052018.0,125,2018,05,2
C00638460,2222018.0,25,2018,22,2
C00638460,2122018.0,20,2018,12,2
C00638460,2182018.0,5,2018,18,2
C00638460,2192018.0,20,2018,19,2
C00638460,2132018.0,20,2018,13,2
C00638460,2282018.0,50,2018,28,2
C00638460,2272018.0,200,2018,27,2
C00638460,2202018.0,500,2018,20,2
C00638460,2282018.0,35,2018,28,2
C00638460,2202018.0,100,2018,20,2
C00638460,2202018.0,50,2018,20,2
C00638460,2202018.0,100,2018,20,2
C00638460,2282018.0,50,2018,28,2
C00638460,2122018.0,1000,2018,12,2
C00638460,2272018.0,250,2018,27,2
C00638460,2212018.0,25,2018,21,2
C00638460,2262018.0,35,2018,26,2
C00638460,2282018.0,5,2018,28,2
C00638460,2182018.0,20,2018,18,2
C00638460,2222018.0,500,2018,22,2
C00638460,2222018.0,10,2018,22,2
C00638460,2012018.0,650,2018,01,2
C00638460,2202018.0,500,2018,20,2
C00638460,2282018.0,35,2018,28,2
C00638460,2242018.0,500,2018,24,2
C00638460,2122018.0,250,2018,12,2
C00638460,2282018.0,10,2018,28,2
C00638460,2082018.0,100,2018,08,2
C00638460,2282018.0,100,2018,28,2
C00638460,2202018.0,250,2018,20,2
C00638460,2222018.0,50,2018,22,2
C00638460,2182018.0,100,2018,18,2
C00638460,2282018.0,20,2018,28,2
C00638460,2282018.0,35,2018,28,2
C00638460,2212018.0,250,2018,21,2
C00638460,2142018.0,50,2018,14,2
C00638460,2282018.0,50,2018,28,2
C00638460,2282018.0,50,2018,28,2
C00638460,2012018.0,250,2018,01,2
C00638460,2212018.0,100,2018,21,2
C00638460,2052018.0,125,2018,05,2
C00638460,2272018.0,250,2018,27,2
C00638460,2142018.0,50,2018,14,2
C00638460,2282018.0,50,2018,28,2
C00638460,2092018.0,250,2018,09,2
C00638460,2082018.0,50,2018,08,2
C00638460,2132018.0,20,2018,13,2
C00638460,2052018.0,125,2018,05,2
C00638460,2282018.0,35,2018,28,2
C00638460,2052018.0,125,2018,05,2
C00638460,2272018.0,200,2018,27,2
C00638460,2182018.0,20,2018,18,2
C00638460,2282018.0,100,2018,28,2
C00638460,2012018.0,650,2018,01,2
C00638460,2202018.0,500,2018,20,2
C00638460,2182018.0,5,2018,18,2
C00638460,2252018.0,500,2018,25,2
C00638460,2282018.0,5,2018,28,2
C00638460,2202018.0,100,2018,20,2
C00638460,2282018.0,50,2018,28,2
C00638460,2262018.0,250,2018,26,2
C00638460,2282018.0,100,2018,28,2
C00638460,2282018.0,35,2018,28,2
C00638460,2222018.0,50,2018,22,2
C00638460,2162018.0,100,2018,16,2
C00638460,2282018.0,20,2018,28,2
C00638460,2202018.0,50,2018,20,2
C00638460,2202018.0,100,2018,20,2
C00638460,2012018.0,35,2018,01,2
C00638460,2282018.0,50,2018,28,2
C00638460,2262018.0,100,2018,26,2
C00638460,2282018.0,100,2018,28,2
C00638460,2282018.0,50,2018,28,2
C00638460,2162018.0,250,2018,16,2
C00638460,2012018.0,50,2018,01,2
C00638460,2022018.0,20,2018,02,2
C00638460,2212018.0,50,2018,21,2
C00638460,2222018.0,25,2018,22,2
C00638460,2212018.0,250,2018,21,2
C00638460,2012018.0,250,2018,01,2
C00638460,2122018.0,1000,2018,12,2
C00638460,2282018.0,50,2018,28,2
C00638460,2282018.0,35,2018,28,2
C00638460,2012018.0,250,2018,01,2
C00638460,2212018.0,100,2018,21,2
C00638460,2022018.0,50,2018,02,2
C00638460,2262018.0,35,2018,26,2
C00638460,2122018.0,250,2018,12,2
C00638460,2162018.0,100,2018,16,2
C00638460,2082018.0,100,2018,08,2
C00638460,2282018.0,100,2018,28,2
C00638460,2122018.0,20,2018,12,2
C00638460,2202018.0,250,2018,20,2
C00638460,2182018.0,100,2018,18,2
C00638460,2212018.0,25,2018,21,2
C00638460,2262018.0,100,2018,26,2
C00638460,2282018.0,100,2018,28,2
C00638460,2162018.0,250,2018,16,2
C00638460,2242018.0,500,2018,24,2
C00638460,2202018.0,500,2018,20,2
C00638460,2282018.0,10,2018,28,2
C00638460,2162018.0,10,2018,16,2
C00638460,2162018.0,10,2018,16,2
C00638460,2282018.0,10,2018,28,2
C00638460,2102018.0,20,2018,10,2
C00638460,2282018.0,20,2018,28,2
C00638460,2222018.0,500,2018,22,2
C00640623,2282018.0,800,2018,28,2
C00640623,2122018.0,1000,2018,12,2
C00640623,2202018.0,35,2018,20,2
C00640623,2122018.0,500,2018,12,2
C00640623,2132018.0,250,2018,13,2
C00640623,2202018.0,500,2018,20,2
C00640623,2082018.0,250,2018,08,2
C00640623,2192018.0,500,2018,19,2
C00640623,2122018.0,250,2018,12,2
C00640623,2282018.0,250,2018,28,2
C00640623,2202018.0,35,2018,20,2
C00640623,2202018.0,100,2018,20,2
C00640623,2192018.0,500,2018,19,2
C00640623,2282018.0,50,2018,28,2
C00640623,2202018.0,35,2018,20,2
C00640623,2202018.0,100,2018,20,2
C00640623,2202018.0,35,2018,20,2
C00640623,2202018.0,400,2018,20,2
C00640623,2132018.0,250,2018,13,2
C00640623,2282018.0,800,2018,28,2
C00640623,2202018.0,35,2018,20,2
C00640623,2282018.0,250,2018,28,2
C00640623,2052018.0,250,2018,05,2
C00640623,2202018.0,200,2018,20,2
C00640623,2202018.0,500,2018,20,2
C00640623,2282018.0,800,2018,28,2
C00640623,2202018.0,35,2018,20,2
C00640623,2122018.0,500,2018,12,2
C00640623,2202018.0,400,2018,20,2
C00640623,2202018.0,200,2018,20,2
C00640623,2202018.0,35,2018,20,2
C00640623,2072018.0,250,2018,07,2
C00640623,2052018.0,250,2018,05,2
C00640623,2122018.0,250,2018,12,2
C00640623,2202018.0,35,2018,20,2
C00640623,2052018.0,250,2018,05,2
C00640623,2072018.0,250,2018,07,2
C00640623,2112018.0,100,2018,11,2
C00640623,2112018.0,250,2018,11,2
C00640623,2112018.0,12,2018,11,2
C00640623,2102018.0,75,2018,10,2
C00640623,2072018.0,100,2018,07,2
C00640623,2102018.0,25,2018,10,2
C00640623,2102018.0,250,2018,10,2
C00640623,2092018.0,25,2018,09,2
C00640623,2122018.0,25,2018,12,2
C00640623,2072018.0,100,2018,07,2
C00640623,2112018.0,25,2018,11,2
C00640623,2072018.0,50,2018,07,2
C00640623,2182018.0,10,2018,18,2
C00640623,2082018.0,50,2018,08,2
C00640623,2062018.0,100,2018,06,2
C00640623,2102018.0,50,2018,10,2
C00640623,2102018.0,500,2018,10,2
C00640623,2122018.0,100,2018,12,2
C00640623,2092018.0,100,2018,09,2
C00640623,2112018.0,250,2018,11,2
C00640623,2082018.0,250,2018,08,2
C00640623,2082018.0,500,2018,08,2
C00640623,2092018.0,1000,2018,09,2
C00640623,2102018.0,125,2018,10,2
C00640623,2112018.0,250,2018,11,2
C00640623,2082018.0,48,2018,08,2
C00640623,2082018.0,15,2018,08,2
C00640623,2102018.0,50,2018,10,2
C00640623,2122018.0,15,2018,12,2
C00640623,2082018.0,50,2018,08,2
C00640623,2122018.0,250,2018,12,2
C00640623,2062018.0,200,2018,06,2
C00640623,2062018.0,250,2018,06,2
C00640623,2122018.0,50,2018,12,2
C00640623,2202018.0,50,2018,20,2
C00640623,2072018.0,100,2018,07,2
C00640623,2112018.0,250,2018,11,2
C00640623,2092018.0,100,2018,09,2
C00640623,2082018.0,250,2018,08,2
C00640623,2012018.0,250,2018,01,2
C00640623,2102018.0,35,2018,10,2
C00640623,2092018.0,500,2018,09,2
C00640623,2122018.0,250,2018,12,2
C00640623,2072018.0,250,2018,07,2
C00640623,2082018.0,200,2018,08,2
C00640623,2122018.0,125,2018,12,2
C00640623,2102018.0,118,2018,10,2
C00640623,2202018.0,250,2018,20,2
C00640623,2092018.0,100,2018,09,2
C00640623,2162018.0,2700,2018,16,2
C00640623,2122018.0,500,2018,12,2
C00640623,2062018.0,100,2018,06,2
C00640623,2072018.0,150,2018,07,2
C00640623,2082018.0,500,2018,08,2
C00640623,2062018.0,100,2018,06,2
C00640623,2062018.0,100,2018,06,2
C00640623,2092018.0,50,2018,09,2
C00640623,2082018.0,100,2018,08,2
C00640623,2112018.0,100,2018,11,2
C00640623,2092018.0,125,2018,09,2
C00640623,2122018.0,100,2018,12,2
C00640623,2082018.0,50,2018,08,2
C00640623,2092018.0,250,2018,09,2
C00640623,2072018.0,125,2018,07,2
C00640623,2072018.0,200,2018,07,2
C00640623,2082018.0,15,2018,08,2
C00640623,2082018.0,100,2018,08,2
C00640623,2122018.0,100,2018,12,2
C00640623,2212018.0,125,2018,21,2
C00640623,2062018.0,100,2018,06,2
C00640623,2082018.0,100,2018,08,2
C00640623,2092018.0,100,2018,09,2
C00640623,2062018.0,250,2018,06,2
C00640623,2092018.0,100,2018,09,2
C00640623,2102018.0,100,2018,10,2
C00640623,2082018.0,35,2018,08,2
C00640623,2052018.0,1000,2018,05,2
C00640623,2092018.0,50,2018,09,2
C00640623,2092018.0,250,2018,09,2
C00640623,2102018.0,250,2018,10,2
C00640623,2062018.0,25,2018,06,2
C00640623,2262018.0,100,2018,26,2
C00640623,2092018.0,5,2018,09,2
C00640623,2082018.0,250,2018,08,2
C00640623,2092018.0,250,2018,09,2
C00640623,2122018.0,25,2018,12,2
C00640623,2112018.0,100,2018,11,2
C00640623,2082018.0,25,2018,08,2
C00640623,2112018.0,50,2018,11,2
C00640623,2032018.0,17,2018,03,2
C00640623,2102018.0,50,2018,10,2
C00640623,2102018.0,50,2018,10,2
C00640623,2072018.0,100,2018,07,2
C00640623,2082018.0,15,2018,08,2
C00640623,2112018.0,100,2018,11,2
C00640623,2102018.0,100,2018,10,2
C00640623,2232018.0,2,2018,23,2
C00640623,2082018.0,25,2018,08,2
C00640623,2262018.0,25,2018,26,2
C00640623,2082018.0,25,2018,08,2
C00640623,2072018.0,100,2018,07,2
C00640623,2102018.0,250,2018,10,2
C00640623,2132018.0,1000,2018,13,2
C00640623,2152018.0,1000,2018,15,2
C00640623,2092018.0,250,2018,09,2
C00640623,2062018.0,150,2018,06,2
C00640623,2112018.0,250,2018,11,2
C00640623,2122018.0,50,2018,12,2
C00640623,2102018.0,500,2018,10,2
C00640623,2142018.0,2700,2018,14,2
C00640623,2122018.0,50,2018,12,2
C00640623,2012018.0,3,2018,01,2
C00640623,2202018.0,100,2018,20,2
C00640623,2282018.0,2,2018,28,2
C00640623,2202018.0,115,2018,20,2
C00640623,2062018.0,100,2018,06,2
C00640623,2192018.0,250,2018,19,2
C00640623,2082018.0,5,2018,08,2
C00640623,2092018.0,25,2018,09,2
C00640623,2072018.0,500,2018,07,2
C00640623,2092018.0,15,2018,09,2
C00640623,2192018.0,100,2018,19,2
C00640623,2062018.0,100,2018,06,2
C00640623,2082018.0,100,2018,08,2
C00640623,2282018.0,12,2018,28,2
C00640623,2112018.0,100,2018,11,2
C00640623,2232018.0,100,2018,23,2
C00640623,2072018.0,250,2018,07,2
C00640623,2072018.0,7,2018,07,2
C00640623,2112018.0,100,2018,11,2
C00640623,2102018.0,250,2018,10,2
C00640623,2072018.0,180,2018,07,2
C00640623,2062018.0,200,2018,06,2
C00640623,2202018.0,125,2018,20,2
C00640623,2082018.0,250,2018,08,2
C00640623,2022018.0,50,2018,02,2
C00640623,2042018.0,7,2018,04,2
C00640623,2152018.0,500,2018,15,2
C00640623,2222018.0,100,2018,22,2
C00640623,2092018.0,15,2018,09,2
C00640623,2082018.0,50,2018,08,2
C00640623,2082018.0,118,2018,08,2
C00640623,2092018.0,250,2018,09,2
C00640623,2122018.0,125,2018,12,2
C00640623,2112018.0,200,2018,11,2
C00640623,2122018.0,1700,2018,12,2
C00640623,2062018.0,200,2018,06,2
C00640623,2112018.0,500,2018,11,2
C00640623,2122018.0,250,2018,12,2
C00640623,2062018.0,250,2018,06,2
C00640623,2062018.0,100,2018,06,2
C00640623,2062018.0,250,2018,06,2
C00640623,2062018.0,250,2018,06,2
C00640623,2102018.0,30,2018,10,2
C00640623,2122018.0,50,2018,12,2
C00640623,2082018.0,250,2018,08,2
C00640623,2062018.0,200,2018,06,2
C00640623,2072018.0,250,2018,07,2
C00640623,2082018.0,100,2018,08,2
C00640623,2102018.0,250,2018,10,2
C00640623,2062018.0,105,2018,06,2
C00640623,2062018.0,200,2018,06,2
C00640623,2072018.0,250,2018,07,2
C00640623,2082018.0,150,2018,08,2
C00640623,2102018.0,68,2018,10,2
C00640623,2062018.0,50,2018,06,2
C00640623,2112018.0,15,2018,11,2
C00640623,2092018.0,100,2018,09,2
C00640623,2092018.0,200,2018,09,2
C00640623,2092018.0,250,2018,09,2
C00640623,2122018.0,15,2018,12,2
C00640623,2082018.0,500,2018,08,2
C00640623,2062018.0,25,2018,06,2
C00640623,2122018.0,1,2018,12,2
C00640623,2072018.0,25,2018,07,2
C00640623,2082018.0,100,2018,08,2
C00640623,2072018.0,7,2018,07,2
C00640623,2062018.0,125,2018,06,2
C00640623,2062018.0,500,2018,06,2
C00640623,2262018.0,100,2018,26,2
C00640623,2112018.0,100,2018,11,2
C00640623,2262018.0,100,2018,26,2
C00640623,2102018.0,2,2018,10,2
C00640623,2102018.0,200,2018,10,2
C00640623,2072018.0,250,2018,07,2
C00640623,2062018.0,25,2018,06,2
C00640623,2062018.0,50,2018,06,2
C00640623,2122018.0,300,2018,12,2
C00640623,2092018.0,250,2018,09,2
C00640623,2062018.0,5,2018,06,2
C00640623,2112018.0,100,2018,11,2
C00640623,2082018.0,100,2018,08,2
C00640623,2092018.0,35,2018,09,2
C00640623,2092018.0,200,2018,09,2
C00640623,2262018.0,50,2018,26,2
C00640623,2222018.0,10,2018,22,2
C00640623,2132018.0,1000,2018,13,2
C00640623,2122018.0,125,2018,12,2
C00640623,2082018.0,100,2018,08,2
C00640623,2062018.0,25,2018,06,2
C00640623,2072018.0,500,2018,07,2
C00640623,2092018.0,250,2018,09,2
C00640623,2082018.0,50,2018,08,2
C00640623,2082018.0,15,2018,08,2
C00640623,2072018.0,100,2018,07,2
C00640623,2072018.0,100,2018,07,2
C00640623,2082018.0,100,2018,08,2
C00640623,2122018.0,100,2018,12,2
C00640623,2092018.0,125,2018,09,2
C00640623,2092018.0,47,2018,09,2
C00640623,2062018.0,250,2018,06,2
C00640623,2062018.0,300,2018,06,2
C00640623,2262018.0,250,2018,26,2
C00640623,2072018.0,500,2018,07,2
C00640623,2122018.0,1000,2018,12,2
C00640623,2062018.0,250,2018,06,2
C00640623,2072018.0,250,2018,07,2
C00640623,2102018.0,25,2018,10,2
C00640623,2092018.0,250,2018,09,2
C00640623,2082018.0,100,2018,08,2
C00640623,2082018.0,100,2018,08,2
C00640623,2082018.0,100,2018,08,2
C00640623,2072018.0,300,2018,07,2
C00640623,2082018.0,100,2018,08,2
C00640623,2262018.0,100,2018,26,2
C00640623,2162018.0,2700,2018,16,2
C00640623,2082018.0,100,2018,08,2
C00640623,2082018.0,15,2018,08,2
C00640623,2062018.0,250,2018,06,2
C00640623,2122018.0,1000,2018,12,2
C00640623,2122018.0,250,2018,12,2
C00640623,2052018.0,500,2018,05,2
C00640623,2082018.0,50,2018,08,2
C00640623,2062018.0,250,2018,06,2
C00640623,2212018.0,25,2018,21,2
C00640623,2112018.0,35,2018,11,2
C00640623,2092018.0,250,2018,09,2
C00640623,2122018.0,500,2018,12,2
C00640623,2022018.0,250,2018,02,2
C00640623,2102018.0,200,2018,10,2
C00640623,2102018.0,125,2018,10,2
C00640623,2122018.0,200,2018,12,2
C00640623,2122018.0,15,2018,12,2
C00640623,2102018.0,125,2018,10,2
C00640623,2062018.0,250,2018,06,2
C00640623,2052018.0,50,2018,05,2
C00640623,2112018.0,100,2018,11,2
C00640623,2082018.0,35,2018,08,2
C00640623,2082018.0,250,2018,08,2
C00640623,2092018.0,130,2018,09,2
C00640623,2112018.0,250,2018,11,2
C00640623,2072018.0,100,2018,07,2
C00640623,2092018.0,250,2018,09,2
C00640623,2102018.0,250,2018,10,2
C00640623,2102018.0,200,2018,10,2
C00640623,2122018.0,10,2018,12,2
C00640623,2082018.0,250,2018,08,2
C00640623,2092018.0,250,2018,09,2
C00640623,2062018.0,25,2018,06,2
C00640623,2092018.0,50,2018,09,2
C00640623,2172018.0,500,2018,17,2
C00640623,2102018.0,100,2018,10,2
C00640623,2062018.0,400,2018,06,2
C00640623,2112018.0,100,2018,11,2
C00640623,2112018.0,52,2018,11,2
C00640623,2092018.0,250,2018,09,2
C00640623,2082018.0,5,2018,08,2
C00640623,2072018.0,250,2018,07,2
C00640623,2072018.0,100,2018,07,2
C00640623,2092018.0,250,2018,09,2
C00640623,2212018.0,100,2018,21,2
C00640623,2062018.0,100,2018,06,2
C00640623,2072018.0,50,2018,07,2
C00640623,2192018.0,90,2018,19,2
C00640623,2122018.0,1000,2018,12,2
C00640623,2062018.0,250,2018,06,2
C00640623,2112018.0,250,2018,11,2
C00640623,2102018.0,50,2018,10,2
C00640623,2082018.0,50,2018,08,2
C00640623,2202018.0,135,2018,20,2
C00640623,2102018.0,100,2018,10,2
C00640623,2132018.0,100,2018,13,2
C00640623,2082018.0,125,2018,08,2
C00640623,2082018.0,125,2018,08,2
C00640623,2062018.0,100,2018,06,2
C00640623,2112018.0,100,2018,11,2
C00640623,2092018.0,100,2018,09,2
C00640623,2112018.0,250,2018,11,2
C00640623,2092018.0,100,2018,09,2
C00640623,2192018.0,125,2018,19,2
C00640623,2072018.0,500,2018,07,2
C00640623,2092018.0,250,2018,09,2
C00640623,2022018.0,17,2018,02,2
C00640623,2102018.0,25,2018,10,2
C00640623,2112018.0,250,2018,11,2
C00640623,2102018.0,52,2018,10,2
C00640623,2092018.0,50,2018,09,2
C00640623,2082018.0,50,2018,08,2
C00640623,2202018.0,500,2018,20,2
C00640623,2282018.0,1500,2018,28,2
C00640623,2082018.0,250,2018,08,2
C00640623,2192018.0,100,2018,19,2
C00640623,2112018.0,250,2018,11,2
C00640623,2072018.0,250,2018,07,2
C00640623,2272018.0,100,2018,27,2
C00640623,2062018.0,250,2018,06,2
C00640623,2152018.0,1000,2018,15,2
C00640623,2092018.0,100,2018,09,2
C00640623,2102018.0,125,2018,10,2
C00640623,2112018.0,250,2018,11,2
C00640623,2112018.0,250,2018,11,2
C00640623,2192018.0,1350,2018,19,2
C00640623,2112018.0,118,2018,11,2
C00640623,2062018.0,250,2018,06,2
C00640623,2162018.0,2,2018,16,2
C00640623,2212018.0,125,2018,21,2
C00640623,2142018.0,2700,2018,14,2
C00640623,2112018.0,50,2018,11,2
C00640623,2092018.0,25,2018,09,2
C00640623,2072018.0,100,2018,07,2
C00640623,2072018.0,800,2018,07,2
C00640623,2072018.0,50,2018,07,2
C00640623,2082018.0,250,2018,08,2
C00640623,2072018.0,250,2018,07,2
C00640623,2102018.0,250,2018,10,2
C00640623,2122018.0,250,2018,12,2
C00640623,2122018.0,100,2018,12,2
C00640623,2212018.0,125,2018,21,2
C00640623,2102018.0,50,2018,10,2
C00640623,2092018.0,25,2018,09,2
C00640623,2072018.0,7,2018,07,2
C00640623,2062018.0,250,2018,06,2
C00640623,2092018.0,27,2018,09,2
C00640623,2082018.0,250,2018,08,2
C00640623,2112018.0,125,2018,11,2
C00640623,2092018.0,250,2018,09,2
C00640623,2102018.0,50,2018,10,2
C00640623,2072018.0,50,2018,07,2
C00640623,2262018.0,100,2018,26,2
C00640623,2062018.0,250,2018,06,2
C00640623,2082018.0,50,2018,08,2
C00640623,2082018.0,25,2018,08,2
C00640623,2102018.0,15,2018,10,2
C00640623,2102018.0,25,2018,10,2
C00640623,2112018.0,100,2018,11,2
C00640623,2262018.0,100,2018,26,2
C00640623,2072018.0,1000,2018,07,2
C00640623,2212018.0,50,2018,21,2
C00640623,2082018.0,27,2018,08,2
C00640623,2082018.0,250,2018,08,2
C00640623,2062018.0,100,2018,06,2
C00640623,2102018.0,250,2018,10,2
C00640623,2122018.0,250,2018,12,2
C00640623,2062018.0,100,2018,06,2
C00640623,2062018.0,25,2018,06,2
C00411587,2062018.0,1000,2018,06,2
C00411587,2212018.0,25,2018,21,2
C00411587,2222018.0,100,2018,22,2
C00411587,2282018.0,75,2018,28,2
C00411587,2232018.0,250,2018,23,2
C00411587,2072018.0,10,2018,07,2
C00411587,2212018.0,25,2018,21,2
C00411587,2242018.0,25,2018,24,2
C00411587,2282018.0,25,2018,28,2
C00411587,2222018.0,250,2018,22,2
C00411587,2222018.0,25,2018,22,2
C00411587,2282018.0,25,2018,28,2
C00411587,2282018.0,5,2018,28,2
C00411587,2282018.0,10,2018,28,2
C00411587,2282018.0,2700,2018,28,2
C00411587,2272018.0,25,2018,27,2
C00411587,2282018.0,250,2018,28,2
C00411587,2282018.0,35,2018,28,2
C00411587,2282018.0,200,2018,28,2
C00411587,2282018.0,10,2018,28,2
C00411587,2072018.0,250,2018,07,2
C00411587,2072018.0,100,2018,07,2
C00411587,2282018.0,250,2018,28,2
C00411587,2072018.0,50,2018,07,2
C00411587,2012018.0,1000,2018,01,2
C00411587,2222018.0,250,2018,22,2
C00411587,2242018.0,75,2018,24,2
C00411587,2282018.0,25,2018,28,2
C00411587,2222018.0,100,2018,22,2
C00411587,2012018.0,250,2018,01,2
C00411587,2052018.0,100,2018,05,2
C00411587,2272018.0,25,2018,27,2
C00411587,2282018.0,100,2018,28,2
C00411587,2132018.0,50,2018,13,2
C00411587,2202018.0,100,2018,20,2
C00411587,2112018.0,25,2018,11,2
C00411587,2222018.0,25,2018,22,2
C00411587,2282018.0,35,2018,28,2
C00411587,2222018.0,250,2018,22,2
C00411587,2222018.0,500,2018,22,2
C00411587,2262018.0,25,2018,26,2
C00411587,2072018.0,25,2018,07,2
C00411587,2282018.0,1000,2018,28,2
C00411587,2282018.0,1000,2018,28,2
C00411587,2282018.0,100,2018,28,2
C00411587,2202018.0,250,2018,20,2
C00411587,2282018.0,1000,2018,28,2
C00411587,2282018.0,50,2018,28,2
C00411587,2282018.0,2700,2018,28,2
C00411587,2222018.0,250,2018,22,2
C00411587,2052018.0,25,2018,05,2
C00411587,2282018.0,1000,2018,28,2
C00411587,2222018.0,150,2018,22,2
C00411587,2072018.0,250,2018,07,2
C00411587,2072018.0,25,2018,07,2
C00411587,2242018.0,25,2018,24,2
C00411587,2202018.0,250,2018,20,2
C00411587,2282018.0,2700,2018,28,2
C00411587,2222018.0,250,2018,22,2
C00411587,2222018.0,250,2018,22,2
C00411587,2242018.0,100,2018,24,2
C00411587,2222018.0,100,2018,22,2
C00411587,2282018.0,100,2018,28,2
C00411587,2232018.0,25,2018,23,2
C00411587,2092018.0,250,2018,09,2
C00411587,2192018.0,25,2018,19,2
C00411587,2282018.0,50,2018,28,2
C00326801,2042018.0,25,2018,04,2
C00326801,2202018.0,100,2018,20,2
C00326801,2252018.0,10,2018,25,2
C00326801,2262018.0,100,2018,26,2
C00326801,2282018.0,100,2018,28,2
C00326801,2182018.0,50,2018,18,2
C00326801,2182018.0,50,2018,18,2
C00326801,2282018.0,25,2018,28,2
C00326801,2052018.0,100,2018,05,2
C00326801,2182018.0,250,2018,18,2
C00326801,2162018.0,50,2018,16,2
C00326801,2182018.0,500,2018,18,2
C00326801,2112018.0,25,2018,11,2
C00326801,2042018.0,25,2018,04,2
C00326801,2042018.0,50,2018,04,2
C00326801,2262018.0,100,2018,26,2
C00326801,2042018.0,300,2018,04,2
C00326801,2272018.0,50,2018,27,2
C00326801,2112018.0,25,2018,11,2
C00326801,2062018.0,100,2018,06,2
C00326801,2012018.0,250,2018,01,2
C00326801,2202018.0,50,2018,20,2
C00326801,2042018.0,50,2018,04,2
C00326801,2112018.0,25,2018,11,2
C00326801,2042018.0,200,2018,04,2
C00326801,2042018.0,10,2018,04,2
C00326801,2222018.0,50,2018,22,2
C00326801,2262018.0,150,2018,26,2
C00326801,2182018.0,100,2018,18,2
C00326801,2042018.0,25,2018,04,2
C00326801,2272018.0,25,2018,27,2
C00326801,2282018.0,25,2018,28,2
C00326801,2202018.0,100,2018,20,2
C00326801,2042018.0,25,2018,04,2
C00326801,2042018.0,5,2018,04,2
C00326801,2182018.0,5,2018,18,2
C00326801,2282018.0,5,2018,28,2
C00326801,2182018.0,50,2018,18,2
C00326801,2182018.0,5,2018,18,2
C00326801,2282018.0,20,2018,28,2
C00326801,2222018.0,100,2018,22,2
C00326801,2222018.0,100,2018,22,2
C00326801,2062018.0,35,2018,06,2
C00326801,2182018.0,25,2018,18,2
C00326801,2262018.0,250,2018,26,2
C00326801,2122018.0,250,2018,12,2
C00326801,2262018.0,100,2018,26,2
C00326801,2262018.0,250,2018,26,2
C00326801,2252018.0,25,2018,25,2
C00326801,2282018.0,25,2018,28,2
C00326801,2202018.0,100,2018,20,2
C00326801,2282018.0,100,2018,28,2
C00326801,2262018.0,100,2018,26,2
C00326801,2262018.0,200,2018,26,2
C00326801,2112018.0,5,2018,11,2
C00326801,2252018.0,10,2018,25,2
C00326801,2252018.0,5,2018,25,2
C00326801,2252018.0,25,2018,25,2
C00326801,2112018.0,100,2018,11,2
C00326801,2202018.0,50,2018,20,2
C00326801,2252018.0,10,2018,25,2
C00326801,2052018.0,25,2018,05,2
C00326801,2182018.0,27,2018,18,2
C00326801,2052018.0,100,2018,05,2
C00326801,2282018.0,100,2018,28,2
C00326801,2202018.0,50,2018,20,2
C00326801,2112018.0,12,2018,11,2
C00326801,2112018.0,12,2018,11,2
C00326801,2112018.0,10,2018,11,2
C00326801,2112018.0,10,2018,11,2
C00326801,2252018.0,25,2018,25,2
C00326801,2252018.0,15,2018,25,2
C00326801,2042018.0,10,2018,04,2
C00326801,2182018.0,10,2018,18,2
C00326801,2112018.0,100,2018,11,2
C00326801,2182018.0,100,2018,18,2
C00326801,2262018.0,100,2018,26,2
C00326801,2202018.0,100,2018,20,2
C00326801,2092018.0,150,2018,09,2
C00326801,2042018.0,2,2018,04,2
C00326801,2042018.0,5,2018,04,2
C00326801,2252018.0,5,2018,25,2
C00326801,2262018.0,50,2018,26,2
C00326801,2202018.0,25,2018,20,2
C00326801,2122018.0,200,2018,12,2
C00326801,2202018.0,100,2018,20,2
C00326801,2232018.0,25,2018,23,2
C00326801,2042018.0,100,2018,04,2
C00326801,2232018.0,50,2018,23,2
C00326801,2112018.0,500,2018,11,2
C00326801,2202018.0,50,2018,20,2
C00326801,2232018.0,200,2018,23,2
C00326801,2112018.0,80,2018,11,2
C00326801,2042018.0,5,2018,04,2
C00326801,2112018.0,3,2018,11,2
C00326801,2252018.0,2,2018,25,2
C00326801,2272018.0,5,2018,27,2
C00326801,2182018.0,50,2018,18,2
C00326801,2182018.0,1000,2018,18,2
C00326801,2112018.0,150,2018,11,2
C00326801,2182018.0,10,2018,18,2
C00326801,2252018.0,25,2018,25,2
C00326801,2282018.0,50,2018,28,2
C00326801,2202018.0,25,2018,20,2
C00326801,2262018.0,25,2018,26,2
C00326801,2262018.0,250,2018,26,2
C00326801,2042018.0,100,2018,04,2
C00326801,2232018.0,150,2018,23,2
C00326801,2252018.0,500,2018,25,2
C00326801,2252018.0,25,2018,25,2
C00326801,2282018.0,25,2018,28,2
C00326801,2232018.0,120,2018,23,2
C00326801,2182018.0,200,2018,18,2
C00326801,2182018.0,100,2018,18,2
C00326801,2202018.0,100,2018,20,2
C00326801,2202018.0,500,2018,20,2
C00326801,2142018.0,500,2018,14,2
C00326801,2112018.0,51,2018,11,2
C00326801,2282018.0,25,2018,28,2
C00326801,2252018.0,10,2018,25,2
C00326801,2262018.0,10,2018,26,2
C00326801,2252018.0,1000,2018,25,2
C00326801,2282018.0,5,2018,28,2
C00326801,2182018.0,50,2018,18,2
C00326801,2112018.0,2,2018,11,2
C00326801,2112018.0,5,2018,11,2
C00326801,2042018.0,100,2018,04,2
C00326801,2042018.0,100,2018,04,2
C00326801,2252018.0,25,2018,25,2
C00326801,2112018.0,100,2018,11,2
C00326801,2182018.0,25,2018,18,2
C00326801,2252018.0,500,2018,25,2
C00326801,2252018.0,25,2018,25,2
C00326801,2182018.0,2700,2018,18,2
C00326801,2252018.0,500,2018,25,2
C00326801,2202018.0,100,2018,20,2
C00326801,2202018.0,50,2018,20,2
C00326801,2122018.0,50,2018,12,2
C00326801,2282018.0,70,2018,28,2
C00326801,2182018.0,50,2018,18,2
C00326801,2202018.0,250,2018,20,2
C00326801,2232018.0,50,2018,23,2
C00326801,2272018.0,500,2018,27,2
C00326801,2042018.0,50,2018,04,2
C00326801,2042018.0,50,2018,04,2
C00326801,2112018.0,50,2018,11,2
C00326801,2042018.0,150,2018,04,2
C00326801,2222018.0,100,2018,22,2
C00326801,2262018.0,50,2018,26,2
C00326801,2042018.0,4,2018,04,2
C00326801,2042018.0,1,2018,04,2
C00326801,2042018.0,5,2018,04,2
C00326801,2042018.0,10,2018,04,2
C00326801,2112018.0,10,2018,11,2
C00326801,2112018.0,51,2018,11,2
C00326801,2282018.0,5,2018,28,2
C00326801,2252018.0,100,2018,25,2
C00326801,2252018.0,50,2018,25,2
C00326801,2262018.0,50,2018,26,2
C00326801,2232018.0,100,2018,23,2
C00326801,2202018.0,100,2018,20,2
C00326801,2182018.0,1000,2018,18,2
C00326801,2252018.0,850,2018,25,2
C00326801,2042018.0,25,2018,04,2
C00326801,2202018.0,100,2018,20,2
C00326801,2022018.0,250,2018,02,2
C00326801,2262018.0,250,2018,26,2
C00326801,2112018.0,25,2018,11,2
C00326801,2202018.0,20,2018,20,2
C00326801,2202018.0,20,2018,20,2
C00326801,2282018.0,20,2018,28,2
C00326801,2272018.0,500,2018,27,2
C00326801,2112018.0,25,2018,11,2
C00326801,2272018.0,50,2018,27,2
C00326801,2232018.0,35,2018,23,2
C00326801,2042018.0,5,2018,04,2
C00326801,2112018.0,5,2018,11,2
C00326801,2182018.0,10,2018,18,2
C00326801,2042018.0,100,2018,04,2
C00326801,2282018.0,100,2018,28,2
C00326801,2112018.0,51,2018,11,2
C00326801,2112018.0,20,2018,11,2
C00326801,2262018.0,100,2018,26,2
C00326801,2042018.0,10,2018,04,2
C00326801,2282018.0,10,2018,28,2
C00326801,2202018.0,50,2018,20,2
C00326801,2042018.0,25,2018,04,2
C00326801,2282018.0,25,2018,28,2
C00326801,2252018.0,25,2018,25,2
C00326801,2232018.0,100,2018,23,2
C00326801,2272018.0,100,2018,27,2
C00326801,2182018.0,100,2018,18,2
C00326801,2182018.0,20,2018,18,2
C00326801,2042018.0,50,2018,04,2
C00326801,2112018.0,100,2018,11,2
C00326801,2182018.0,25,2018,18,2
C00326801,2042018.0,25,2018,04,2
C00326801,2042018.0,100,2018,04,2
C00326801,2112018.0,25,2018,11,2
C00326801,2252018.0,35,2018,25,2
C00326801,2252018.0,25,2018,25,2
C00326801,2282018.0,100,2018,28,2
C00326801,2182018.0,50,2018,18,2
C00326801,2252018.0,21,2018,25,2
C00326801,2112018.0,100,2018,11,2
C00326801,2182018.0,25,2018,18,2
C00326801,2042018.0,50,2018,04,2
C00326801,2112018.0,111,2018,11,2
C00326801,2222018.0,2000,2018,22,2
C00326801,2202018.0,50,2018,20,2
C00326801,2042018.0,300,2018,04,2
C00326801,2042018.0,50,2018,04,2
C00326801,2282018.0,50,2018,28,2
C00326801,2252018.0,100,2018,25,2
C00326801,2262018.0,100,2018,26,2
C00326801,2042018.0,100,2018,04,2
C00326801,2042018.0,100,2018,04,2
C00326801,2252018.0,100,2018,25,2
C00326801,2182018.0,2,2018,18,2
C00326801,2112018.0,12,2018,11,2
C00326801,2252018.0,20,2018,25,2
C00326801,2042018.0,10,2018,04,2
C00326801,2282018.0,10,2018,28,2
C00326801,2252018.0,500,2018,25,2
C00326801,2112018.0,125,2018,11,2
C00326801,2042018.0,1000,2018,04,2
C00326801,2282018.0,50,2018,28,2
C00326801,2112018.0,21,2018,11,2
C00326801,2282018.0,5,2018,28,2
C00326801,2232018.0,50,2018,23,2
C00326801,2282018.0,10,2018,28,2
C00326801,2112018.0,50,2018,11,2
C00326801,2112018.0,50,2018,11,2
C00326801,2272018.0,25,2018,27,2
C00326801,2112018.0,10,2018,11,2
C00326801,2022018.0,250,2018,02,2
C00326801,2252018.0,25,2018,25,2
C00326801,2042018.0,25,2018,04,2
C00326801,2112018.0,5,2018,11,2
C00326801,2222018.0,35,2018,22,2
C00326801,2202018.0,40,2018,20,2
C00326801,2252018.0,25,2018,25,2
C00326801,2042018.0,10,2018,04,2
C00326801,2282018.0,10,2018,28,2
C00326801,2282018.0,10,2018,28,2
C00326801,2252018.0,15,2018,25,2
C00326801,2202018.0,50,2018,20,2
C00326801,2052018.0,25,2018,05,2
C00326801,2272018.0,25,2018,27,2
C00326801,2202018.0,25,2018,20,2
C00326801,2182018.0,15,2018,18,2
C00326801,2182018.0,85,2018,18,2
C00326801,2202018.0,35,2018,20,2
C00326801,2272018.0,25,2018,27,2
C00326801,2042018.0,5,2018,04,2
C00326801,2182018.0,10,2018,18,2
C00326801,2282018.0,5,2018,28,2
C00326801,2232018.0,250,2018,23,2
C00326801,2252018.0,25,2018,25,2
C00326801,2042018.0,25,2018,04,2
C00326801,2282018.0,50,2018,28,2
C00326801,2022018.0,150,2018,02,2
C00326801,2042018.0,10,2018,04,2
C00326801,2262018.0,100,2018,26,2
C00326801,2112018.0,25,2018,11,2
C00326801,2282018.0,50,2018,28,2
C00326801,2112018.0,56,2018,11,2
C00326801,2252018.0,25,2018,25,2
C00326801,2252018.0,25,2018,25,2
C00326801,2282018.0,50,2018,28,2
C00326801,2202018.0,250,2018,20,2
C00326801,2182018.0,100,2018,18,2
C00326801,2202018.0,50,2018,20,2
C00326801,2222018.0,150,2018,22,2
C00326801,2252018.0,500,2018,25,2
C00326801,2252018.0,10,2018,25,2
C00326801,2282018.0,10,2018,28,2
C00326801,2222018.0,100,2018,22,2
C00326801,2042018.0,50,2018,04,2
C00326801,2132018.0,50,2018,13,2
C00326801,2182018.0,10,2018,18,2
C00326801,2252018.0,25,2018,25,2
C00326801,2112018.0,100,2018,11,2
C00326801,2182018.0,50,2018,18,2
C00326801,2262018.0,35,2018,26,2
C00326801,2282018.0,100,2018,28,2
C00326801,2282018.0,100,2018,28,2
C00326801,2282018.0,200,2018,28,2
C00326801,2042018.0,15,2018,04,2
C00326801,2272018.0,5,2018,27,2
C00326801,2232018.0,100,2018,23,2
C00326801,2262018.0,30,2018,26,2
C00326801,2202018.0,100,2018,20,2
C00326801,2042018.0,300,2018,04,2
C00326801,2042018.0,1,2018,04,2
C00326801,2042018.0,5,2018,04,2
C00326801,2042018.0,5,2018,04,2
C00326801,2182018.0,5,2018,18,2
C00326801,2252018.0,100,2018,25,2
C00326801,2062018.0,100,2018,06,2
C00326801,2272018.0,100,2018,27,2
C00326801,2252018.0,250,2018,25,2
C00326801,2282018.0,250,2018,28,2
C00326801,2042018.0,20,2018,04,2
C00326801,2232018.0,100,2018,23,2
C00326801,2182018.0,50,2018,18,2
C00326801,2112018.0,6,2018,11,2
C00326801,2252018.0,25,2018,25,2
C00326801,2252018.0,200,2018,25,2
C00326801,2112018.0,5,2018,11,2
C00326801,2252018.0,10,2018,25,2
C00326801,2252018.0,1000,2018,25,2
C00326801,2112018.0,10,2018,11,2
C00326801,2042018.0,25,2018,04,2
C00326801,2282018.0,25,2018,28,2
C00326801,2262018.0,50,2018,26,2
C00326801,2042018.0,200,2018,04,2
C00326801,2042018.0,100,2018,04,2
C00326801,2282018.0,500,2018,28,2
C00326801,2042018.0,25,2018,04,2
C00326801,2112018.0,67,2018,11,2
C00326801,2042018.0,100,2018,04,2
C00326801,2252018.0,15,2018,25,2
C00326801,2222018.0,200,2018,22,2
C00326801,2082018.0,500,2018,08,2
C00326801,2232018.0,100,2018,23,2
C00326801,2062018.0,100,2018,06,2
C00326801,2232018.0,100,2018,23,2
C00326801,2182018.0,25,2018,18,2
C00326801,2042018.0,10,2018,04,2
C00326801,2282018.0,10,2018,28,2
C00326801,2282018.0,200,2018,28,2
C00326801,2262018.0,50,2018,26,2
C00326801,2282018.0,25,2018,28,2
C00326801,2042018.0,25,2018,04,2
C00326801,2282018.0,10,2018,28,2
C00326801,2182018.0,250,2018,18,2
C00326801,2112018.0,25,2018,11,2
C00326801,2282018.0,10,2018,28,2
C00326801,2042018.0,10,2018,04,2
C00326801,2042018.0,250,2018,04,2
C00326801,2202018.0,500,2018,20,2
C00326801,2222018.0,10,2018,22,2
C00326801,2042018.0,500,2018,04,2
C00326801,2202018.0,50,2018,20,2
C00326801,2062018.0,25,2018,06,2
C00326801,2042018.0,5,2018,04,2
C00326801,2182018.0,10,2018,18,2
C00326801,2252018.0,10,2018,25,2
C00326801,2282018.0,5,2018,28,2
C00326801,2202018.0,100,2018,20,2
C00326801,2042018.0,100,2018,04,2
C00326801,2132018.0,50,2018,13,2
C00326801,2042018.0,25,2018,04,2
C00326801,2282018.0,25,2018,28,2
C00326801,2042018.0,10,2018,04,2
C00326801,2252018.0,10,2018,25,2
C00326801,2282018.0,20,2018,28,2
C00326801,2042018.0,10,2018,04,2
C00326801,2252018.0,50,2018,25,2
C00326801,2252018.0,10,2018,25,2
C00326801,2282018.0,5,2018,28,2
C00326801,2182018.0,300,2018,18,2
C00326801,2112018.0,100,2018,11,2
C00326801,2252018.0,100,2018,25,2
C00326801,2042018.0,200,2018,04,2
C00326801,2202018.0,100,2018,20,2
C00326801,2262018.0,50,2018,26,2
C00326801,2112018.0,17,2018,11,2
C00326801,2042018.0,7,2018,04,2
C00326801,2042018.0,25,2018,04,2
C00326801,2182018.0,25,2018,18,2
C00326801,2282018.0,50,2018,28,2
C00326801,2112018.0,56,2018,11,2
C00326801,2222018.0,100,2018,22,2
C00326801,2252018.0,25,2018,25,2
C00326801,2112018.0,25,2018,11,2
C00326801,2262018.0,100,2018,26,2
C00326801,2112018.0,120,2018,11,2
C00326801,2042018.0,150,2018,04,2
C00326801,2112018.0,111,2018,11,2
C00326801,2262018.0,50,2018,26,2
C00326801,2042018.0,15,2018,04,2
C00326801,2042018.0,10,2018,04,2
C00326801,2112018.0,10,2018,11,2
C00326801,2182018.0,10,2018,18,2
C00326801,2282018.0,10,2018,28,2
C00326801,2112018.0,27,2018,11,2
C00326801,2202018.0,100,2018,20,2
C00326801,2042018.0,500,2018,04,2
C00326801,2262018.0,25,2018,26,2
C00326801,2142018.0,40,2018,14,2
C00326801,2012018.0,1700,2018,01,2
C00326801,2012018.0,300,2018,01,2
C00326801,2282018.0,50,2018,28,2
C00326801,2262018.0,100,2018,26,2
C00326801,2202018.0,200,2018,20,2
C00326801,2262018.0,125,2018,26,2
C00326801,2262018.0,100,2018,26,2
C00326801,2182018.0,100,2018,18,2
C00326801,2182018.0,20,2018,18,2
C00326801,2182018.0,10,2018,18,2
C00326801,2182018.0,10,2018,18,2
C00326801,2182018.0,5,2018,18,2
C00326801,2182018.0,10,2018,18,2
C00326801,2202018.0,50,2018,20,2
C00326801,2282018.0,25,2018,28,2
C00326801,2282018.0,30,2018,28,2
C00326801,2252018.0,25,2018,25,2
C00326801,2252018.0,25,2018,25,2
C00326801,2222018.0,1000,2018,22,2
C00326801,2182018.0,250,2018,18,2
C00326801,2202018.0,100,2018,20,2
C00326801,2042018.0,50,2018,04,2
C00326801,2252018.0,25,2018,25,2
C00326801,2282018.0,300,2018,28,2
C00326801,2232018.0,75,2018,23,2
C00326801,2212018.0,1000,2018,21,2
C00326801,2282018.0,1000,2018,28,2
C00326801,2282018.0,100,2018,28,2
C00326801,2112018.0,10,2018,11,2
C00326801,2252018.0,25,2018,25,2
C00326801,2202018.0,15,2018,20,2
C00326801,2112018.0,50,2018,11,2
C00326801,2202018.0,75,2018,20,2
C00326801,2222018.0,250,2018,22,2
C00326801,2142018.0,100,2018,14,2
C00326801,2282018.0,5,2018,28,2
C00326801,2202018.0,50,2018,20,2
C00326801,2042018.0,10,2018,04,2
C00326801,2042018.0,25,2018,04,2
C00326801,2042018.0,25,2018,04,2
C00326801,2282018.0,25,2018,28,2
C00326801,2112018.0,250,2018,11,2
C00326801,2042018.0,50,2018,04,2
C00326801,2282018.0,50,2018,28,2
C00326801,2042018.0,150,2018,04,2
C00326801,2042018.0,50,2018,04,2
C00326801,2042018.0,25,2018,04,2
C00326801,2182018.0,25,2018,18,2
C00326801,2112018.0,200,2018,11,2
C00326801,2202018.0,500,2018,20,2
C00326801,2252018.0,50,2018,25,2
C00326801,2252018.0,500,2018,25,2
C00326801,2252018.0,250,2018,25,2
C00326801,2162018.0,250,2018,16,2
C00326801,2042018.0,25,2018,04,2
C00326801,2252018.0,25,2018,25,2
C00326801,2282018.0,25,2018,28,2
C00326801,2232018.0,50,2018,23,2
C00326801,2022018.0,50,2018,02,2
C00326801,2182018.0,500,2018,18,2
C00326801,2282018.0,25,2018,28,2
C00326801,2182018.0,100,2018,18,2
C00326801,2232018.0,250,2018,23,2
C00326801,2112018.0,1,2018,11,2
C00326801,2092018.0,100,2018,09,2
C00326801,2112018.0,1,2018,11,2
C00326801,2112018.0,1,2018,11,2
C00326801,2112018.0,1,2018,11,2
C00326801,2112018.0,1,2018,11,2
C00326801,2112018.0,1,2018,11,2
C00326801,2252018.0,100,2018,25,2
C00326801,2272018.0,25,2018,27,2
C00326801,2012018.0,200,2018,01,2
C00326801,2112018.0,56,2018,11,2
C00326801,2182018.0,33,2018,18,2
C00326801,2052018.0,700,2018,05,2
C00326801,2052018.0,300,2018,05,2
C00326801,2112018.0,10,2018,11,2
C00326801,2112018.0,12,2018,11,2
C00326801,2252018.0,25,2018,25,2
C00326801,2112018.0,25,2018,11,2
C00326801,2262018.0,25,2018,26,2
C00326801,2062018.0,100,2018,06,2
C00326801,2182018.0,25,2018,18,2
C00326801,2232018.0,360,2018,23,2
C00326801,2042018.0,100,2018,04,2
C00326801,2282018.0,100,2018,28,2
C00326801,2042018.0,25,2018,04,2
C00326801,2222018.0,35,2018,22,2
C00326801,2112018.0,1000,2018,11,2
C00326801,2202018.0,100,2018,20,2
C00326801,2042018.0,50,2018,04,2
C00326801,2042018.0,37,2018,04,2
C00326801,2202018.0,50,2018,20,2
C00326801,2042018.0,10,2018,04,2
C00326801,2042018.0,100,2018,04,2
C00326801,2282018.0,100,2018,28,2
C00326801,2252018.0,50,2018,25,2
C00326801,2042018.0,200,2018,04,2
C00326801,2282018.0,250,2018,28,2
C00326801,2042018.0,1,2018,04,2
C00326801,2042018.0,10,2018,04,2
C00326801,2182018.0,5,2018,18,2
C00326801,2282018.0,50,2018,28,2
C00326801,2092018.0,50,2018,09,2
C00326801,2202018.0,50,2018,20,2
C00326801,2042018.0,50,2018,04,2
C00326801,2042018.0,25,2018,04,2
C00326801,2112018.0,25,2018,11,2
C00326801,2282018.0,25,2018,28,2
C00326801,2232018.0,50,2018,23,2
C00326801,2272018.0,50,2018,27,2
C00326801,2112018.0,10,2018,11,2
C00326801,2202018.0,250,2018,20,2
C00326801,2272018.0,50,2018,27,2
C00326801,2202018.0,50,2018,20,2
C00326801,2112018.0,50,2018,11,2
C00326801,2112018.0,25,2018,11,2
C00326801,2112018.0,50,2018,11,2
C00326801,2122018.0,100,2018,12,2
C00326801,2262018.0,200,2018,26,2
C00326801,2182018.0,1000,2018,18,2
C00326801,2222018.0,35,2018,22,2
C00326801,2182018.0,5,2018,18,2
C00326801,2012018.0,100,2018,01,2
C00326801,2232018.0,100,2018,23,2
C00326801,2252018.0,100,2018,25,2
C00326801,2112018.0,11,2018,11,2
C00326801,2012018.0,250,2018,01,2
C00326801,2262018.0,50,2018,26,2
C00326801,2252018.0,50,2018,25,2
C00326801,2042018.0,100,2018,04,2
C00326801,2252018.0,2700,2018,25,2
C00326801,2252018.0,300,2018,25,2
C00326801,2252018.0,200,2018,25,2
C00326801,2272018.0,18,2018,27,2
C00326801,2202018.0,50,2018,20,2
C00326801,2042018.0,4,2018,04,2
C00326801,2112018.0,4,2018,11,2
C00326801,2182018.0,11,2018,18,2
C00326801,2202018.0,100,2018,20,2
C00326801,2282018.0,50,2018,28,2
C00326801,2262018.0,100,2018,26,2
C00326801,2262018.0,100,2018,26,2
C00326801,2282018.0,10,2018,28,2
C00326801,2042018.0,50,2018,04,2
C00326801,2202018.0,50,2018,20,2
C00326801,2262018.0,50,2018,26,2
C00326801,2112018.0,50,2018,11,2
C00326801,2042018.0,10,2018,04,2
C00326801,2112018.0,10,2018,11,2
C00326801,2182018.0,3,2018,18,2
C00326801,2272018.0,25,2018,27,2
C00326801,2112018.0,10,2018,11,2
C00326801,2202018.0,100,2018,20,2
C00326801,2112018.0,50,2018,11,2
C00326801,2182018.0,10,2018,18,2
C00326801,2182018.0,50,2018,18,2
C00326801,2252018.0,10,2018,25,2
C00326801,2252018.0,50,2018,25,2
C00326801,2112018.0,25,2018,11,2
C00326801,2182018.0,28,2018,18,2
C00326801,2112018.0,100,2018,11,2
C00326801,2202018.0,25,2018,20,2
C00326801,2252018.0,10,2018,25,2
C00326801,2232018.0,250,2018,23,2
C00326801,2202018.0,25,2018,20,2
C00326801,2252018.0,25,2018,25,2
C00326801,2142018.0,50,2018,14,2
C00326801,2262018.0,50,2018,26,2
C00326801,2282018.0,50,2018,28,2
C00326801,2042018.0,250,2018,04,2
C00326801,2262018.0,50,2018,26,2
C00326801,2042018.0,50,2018,04,2
C00326801,2112018.0,21,2018,11,2
C00326801,2282018.0,25,2018,28,2
C00326801,2282018.0,50,2018,28,2
C00326801,2042018.0,50,2018,04,2
C00326801,2232018.0,300,2018,23,2
C00326801,2152018.0,250,2018,15,2
C00326801,2262018.0,250,2018,26,2
C00326801,2182018.0,25,2018,18,2
C00326801,2182018.0,25,2018,18,2
C00326801,2252018.0,25,2018,25,2
C00326801,2252018.0,25,2018,25,2
C00326801,2252018.0,2700,2018,25,2
C00326801,2022018.0,100,2018,02,2
C00326801,2042018.0,300,2018,04,2
C00326801,2182018.0,100,2018,18,2
C00326801,2252018.0,18,2018,25,2
C00326801,2252018.0,18,2018,25,2
C00326801,2202018.0,200,2018,20,2
C00326801,2112018.0,5,2018,11,2
C00326801,2262018.0,100,2018,26,2
C00326801,2042018.0,100,2018,04,2
C00326801,2042018.0,100,2018,04,2
C00326801,2252018.0,25,2018,25,2
C00326801,2112018.0,25,2018,11,2
C00326801,2202018.0,25,2018,20,2
C00326801,2112018.0,4,2018,11,2
C00326801,2252018.0,100,2018,25,2
C00326801,2282018.0,50,2018,28,2
C00326801,2012018.0,100,2018,01,2
C00326801,2252018.0,250,2018,25,2
C00326801,2042018.0,5,2018,04,2
C00326801,2112018.0,12,2018,11,2
C00326801,2202018.0,50,2018,20,2
C00326801,2252018.0,25,2018,25,2
C00326801,2062018.0,1500,2018,06,2
C00326801,2282018.0,50,2018,28,2
C00326801,2252018.0,5,2018,25,2
C00326801,2282018.0,25,2018,28,2
C00326801,2182018.0,50,2018,18,2
C00326801,2202018.0,250,2018,20,2
C00326801,2042018.0,10,2018,04,2
C00326801,2182018.0,10,2018,18,2
C00326801,2282018.0,50,2018,28,2
C00326801,2282018.0,23,2018,28,2
C00326801,2152018.0,1500,2018,15,2
C00326801,2282018.0,50,2018,28,2
C00326801,2042018.0,25,2018,04,2
C00326801,2252018.0,25,2018,25,2
C00326801,2282018.0,5,2018,28,2
C00326801,2282018.0,25,2018,28,2
C00326801,2042018.0,4,2018,04,2
C00326801,2182018.0,25,2018,18,2
C00326801,2252018.0,25,2018,25,2
C00326801,2282018.0,25,2018,28,2
C00326801,2232018.0,35,2018,23,2
C00326801,2252018.0,25,2018,25,2
C00326801,2262018.0,200,2018,26,2
C00326801,2202018.0,35,2018,20,2
C00326801,2112018.0,300,2018,11,2
C00326801,2112018.0,200,2018,11,2
C00326801,2282018.0,2,2018,28,2
C00326801,2282018.0,5,2018,28,2
C00326801,2112018.0,10,2018,11,2
C00326801,2182018.0,100,2018,18,2
C00326801,2252018.0,50,2018,25,2
C00326801,2282018.0,100,2018,28,2
C00326801,2222018.0,35,2018,22,2
C00326801,2282018.0,23,2018,28,2
C00326801,2232018.0,100,2018,23,2
C00326801,2112018.0,25,2018,11,2
C00326801,2042018.0,150,2018,04,2
C00326801,2202018.0,100,2018,20,2
C00326801,2202018.0,100,2018,20,2
C00326801,2042018.0,100,2018,04,2
C00326801,2182018.0,25,2018,18,2
C00326801,2252018.0,12,2018,25,2
C00326801,2252018.0,25,2018,25,2
C00326801,2252018.0,10,2018,25,2
C00326801,2112018.0,10,2018,11,2
C00326801,2282018.0,100,2018,28,2
C00326801,2252018.0,25,2018,25,2
C00326801,2202018.0,50,2018,20,2
C00326801,2262018.0,50,2018,26,2
C00326801,2202018.0,50,2018,20,2
C00326801,2262018.0,50,2018,26,2
C00326801,2262018.0,50,2018,26,2
C00326801,2112018.0,50,2018,11,2
C00326801,2042018.0,10,2018,04,2
C00326801,2202018.0,200,2018,20,2
C00326801,2252018.0,5,2018,25,2
C00326801,2252018.0,5,2018,25,2
C00326801,2252018.0,5,2018,25,2
C00326801,2262018.0,50,2018,26,2
C00326801,2252018.0,50,2018,25,2
C00326801,2232018.0,100,2018,23,2
C00326801,2282018.0,30,2018,28,2
C00326801,2122018.0,500,2018,12,2
C00326801,2012018.0,50,2018,01,2
C00326801,2282018.0,50,2018,28,2
C00326801,2282018.0,100,2018,28,2
C00326801,2252018.0,5,2018,25,2
C00326801,2282018.0,10,2018,28,2
C00326801,2112018.0,100,2018,11,2
C00326801,2042018.0,5,2018,04,2
C00326801,2112018.0,50,2018,11,2
C00326801,2232018.0,100,2018,23,2
C00326801,2142018.0,100,2018,14,2
C00326801,2042018.0,50,2018,04,2
C00326801,2182018.0,1,2018,18,2
C00326801,2182018.0,1,2018,18,2
C00326801,2182018.0,1,2018,18,2
C00326801,2042018.0,200,2018,04,2
C00326801,2262018.0,100,2018,26,2
C00326801,2112018.0,25,2018,11,2
C00326801,2042018.0,10,2018,04,2
C00326801,2112018.0,10,2018,11,2
C00326801,2282018.0,10,2018,28,2
C00326801,2182018.0,50,2018,18,2
C00326801,2252018.0,500,2018,25,2
C00326801,2182018.0,200,2018,18,2
C00326801,2112018.0,10,2018,11,2
C00326801,2252018.0,10,2018,25,2
C00326801,2282018.0,5,2018,28,2
C00326801,2282018.0,15,2018,28,2
C00326801,2042018.0,10,2018,04,2
C00326801,2272018.0,25,2018,27,2
C00326801,2282018.0,10,2018,28,2
C00326801,2282018.0,200,2018,28,2
C00326801,2232018.0,100,2018,23,2
C00326801,2262018.0,250,2018,26,2
C00326801,2092018.0,250,2018,09,2
C00326801,2112018.0,500,2018,11,2
C00326801,2092018.0,500,2018,09,2
C00326801,2042018.0,12,2018,04,2
C00326801,2262018.0,50,2018,26,2
C00326801,2202018.0,100,2018,20,2
C00326801,2112018.0,111,2018,11,2
C00326801,2042018.0,10,2018,04,2
C00326801,2202018.0,100,2018,20,2
C00326801,2042018.0,25,2018,04,2
C00326801,2042018.0,2700,2018,04,2
C00326801,2112018.0,100,2018,11,2
C00326801,2262018.0,50,2018,26,2
C00326801,2252018.0,20,2018,25,2
C00326801,2182018.0,25,2018,18,2
C00326801,2262018.0,100,2018,26,2
C00326801,2232018.0,50,2018,23,2
C00326801,2042018.0,5,2018,04,2
C00326801,2112018.0,10,2018,11,2
C00326801,2122018.0,50,2018,12,2
C00326801,2042018.0,5,2018,04,2
C00326801,2202018.0,250,2018,20,2
C00326801,2222018.0,100,2018,22,2
C00326801,2092018.0,200,2018,09,2
C00326801,2042018.0,40,2018,04,2
C00326801,2232018.0,35,2018,23,2
C00326801,2202018.0,100,2018,20,2
C00326801,2282018.0,100,2018,28,2
C00326801,2052018.0,100,2018,05,2
C00326801,2202018.0,100,2018,20,2
C00326801,2222018.0,100,2018,22,2
C00326801,2202018.0,25,2018,20,2
C00326801,2282018.0,25,2018,28,2
C00326801,2042018.0,38,2018,04,2
C00326801,2282018.0,1000,2018,28,2
C00326801,2262018.0,35,2018,26,2
C00326801,2042018.0,25,2018,04,2
C00326801,2232018.0,35,2018,23,2
C00326801,2122018.0,100,2018,12,2
C00326801,2112018.0,25,2018,11,2
C00326801,2182018.0,10,2018,18,2
C00326801,2202018.0,50,2018,20,2
C00326801,2112018.0,100,2018,11,2
C00326801,2262018.0,50,2018,26,2
C00326801,2112018.0,200,2018,11,2
C00326801,2042018.0,25,2018,04,2
C00326801,2042018.0,10,2018,04,2
C00326801,2282018.0,10,2018,28,2
C00326801,2162018.0,500,2018,16,2
C00326801,2042018.0,1000,2018,04,2
C00326801,2112018.0,300,2018,11,2
C00326801,2112018.0,50,2018,11,2
C00326801,2112018.0,10,2018,11,2
C00326801,2252018.0,25,2018,25,2
C00326801,2262018.0,50,2018,26,2
C00326801,2182018.0,1000,2018,18,2
C00326801,2112018.0,21,2018,11,2
C00326801,2252018.0,10,2018,25,2
C00326801,2112018.0,35,2018,11,2
C00326801,2252018.0,25,2018,25,2
C00326801,2252018.0,100,2018,25,2
C00326801,2282018.0,10,2018,28,2
C00326801,2042018.0,10,2018,04,2
C00326801,2282018.0,10,2018,28,2
C00326801,2122018.0,100,2018,12,2
C00326801,2042018.0,25,2018,04,2
C00326801,2182018.0,25,2018,18,2
C00326801,2122018.0,100,2018,12,2
C00326801,2262018.0,50,2018,26,2
C00326801,2042018.0,2700,2018,04,2
C00326801,2262018.0,25,2018,26,2
C00326801,2042018.0,50,2018,04,2
C00326801,2262018.0,50,2018,26,2
C00326801,2252018.0,500,2018,25,2
C00326801,2062018.0,100,2018,06,2
C00326801,2182018.0,25,2018,18,2
C00326801,2262018.0,50,2018,26,2
C00326801,2042018.0,10,2018,04,2
C00326801,2042018.0,640,2018,04,2
C00326801,2042018.0,35,2018,04,2
C00326801,2222018.0,1000,2018,22,2
C00326801,2222018.0,20,2018,22,2
C00326801,2262018.0,100,2018,26,2
C00326801,2262018.0,25,2018,26,2
C00326801,2262018.0,50,2018,26,2
C00326801,2042018.0,50,2018,04,2
C00326801,2282018.0,50,2018,28,2
C00326801,2262018.0,10,2018,26,2
C00326801,2022018.0,100,2018,02,2
C00326801,2112018.0,100,2018,11,2
C00326801,2192018.0,2700,2018,19,2
C00326801,2192018.0,2700,2018,19,2
C00326801,2042018.0,10,2018,04,2
C00326801,2232018.0,50,2018,23,2
C00326801,2262018.0,100,2018,26,2
C00326801,2282018.0,50,2018,28,2
C00326801,2252018.0,100,2018,25,2
C00326801,2252018.0,250,2018,25,2
C00326801,2232018.0,50,2018,23,2
C00326801,2112018.0,150,2018,11,2
C00326801,2042018.0,3,2018,04,2
C00326801,2172018.0,50,2018,17,2
C00326801,2252018.0,10,2018,25,2
C00326801,2232018.0,200,2018,23,2
C00326801,2112018.0,5,2018,11,2
C00326801,2252018.0,1000,2018,25,2
C00326801,2182018.0,250,2018,18,2
C00326801,2252018.0,25,2018,25,2
C00326801,2202018.0,250,2018,20,2
C00326801,2132018.0,500,2018,13,2
C00326801,2202018.0,1000,2018,20,2
C00326801,2202018.0,100,2018,20,2
C00326801,2282018.0,5,2018,28,2
C00326801,2152018.0,100,2018,15,2
C00326801,2282018.0,300,2018,28,2
C00326801,2182018.0,25,2018,18,2
C00326801,2232018.0,200,2018,23,2
C00326801,2232018.0,200,2018,23,2
C00326801,2202018.0,50,2018,20,2
C00326801,2282018.0,10,2018,28,2
C00326801,2062018.0,250,2018,06,2
C00326801,2062018.0,250,2018,06,2
C00326801,2182018.0,10,2018,18,2
C00326801,2262018.0,200,2018,26,2
C00326801,2042018.0,100,2018,04,2
C00326801,2042018.0,40,2018,04,2
C00326801,2282018.0,40,2018,28,2
C00326801,2042018.0,5,2018,04,2
C00326801,2182018.0,12,2018,18,2
C00326801,2282018.0,5,2018,28,2
C00326801,2212018.0,250,2018,21,2
C00326801,2112018.0,100,2018,11,2
C00326801,2202018.0,100,2018,20,2
C00326801,2262018.0,250,2018,26,2
C00326801,2112018.0,100,2018,11,2
C00326801,2232018.0,2700,2018,23,2
C00326801,2202018.0,25,2018,20,2
C00326801,2282018.0,10,2018,28,2
C00326801,2282018.0,250,2018,28,2
C00326801,2262018.0,50,2018,26,2
C00326801,2232018.0,250,2018,23,2
C00326801,2282018.0,200,2018,28,2
C00326801,2112018.0,100,2018,11,2
C00326801,2042018.0,50,2018,04,2
C00326801,2282018.0,50,2018,28,2
C00326801,2162018.0,500,2018,16,2
C00326801,2182018.0,50,2018,18,2
C00326801,2202018.0,50,2018,20,2
C00326801,2182018.0,75,2018,18,2
C00326801,2252018.0,100,2018,25,2
C00326801,2112018.0,15,2018,11,2
C00326801,2042018.0,10,2018,04,2
C00326801,2282018.0,10,2018,28,2
C00326801,2112018.0,100,2018,11,2
C00326801,2182018.0,50,2018,18,2
C00326801,2042018.0,50,2018,04,2
C00326801,2282018.0,50,2018,28,2
C00326801,2132018.0,1000,2018,13,2
C00326801,2202018.0,35,2018,20,2
C00326801,2042018.0,100,2018,04,2
C00326801,2282018.0,15,2018,28,2
C00326801,2112018.0,50,2018,11,2
C00326801,2252018.0,25,2018,25,2
C00326801,2272018.0,25,2018,27,2
C00326801,2282018.0,100,2018,28,2
C00326801,2182018.0,25,2018,18,2
C00326801,2182018.0,25,2018,18,2
C00326801,2282018.0,100,2018,28,2
C00326801,2232018.0,50,2018,23,2
C00326801,2232018.0,100,2018,23,2
C00326801,2072018.0,35,2018,07,2
C00326801,2202018.0,100,2018,20,2
C00326801,2262018.0,250,2018,26,2
C00326801,2042018.0,1000,2018,04,2
C00326801,2152018.0,50,2018,15,2
C00326801,2182018.0,25,2018,18,2
C00326801,2182018.0,75,2018,18,2
C00326801,2112018.0,100,2018,11,2
C00326801,2112018.0,100,2018,11,2
C00326801,2112018.0,50,2018,11,2
C00326801,2082018.0,100,2018,08,2
C00326801,2022018.0,100,2018,02,2
C00326801,2202018.0,50,2018,20,2
C00326801,2202018.0,100,2018,20,2
C00326801,2112018.0,250,2018,11,2
C00326801,2232018.0,100,2018,23,2
C00326801,2182018.0,10,2018,18,2
C00326801,2122018.0,27,2018,12,2
C00326801,2262018.0,50,2018,26,2
C00326801,2112018.0,5,2018,11,2
C00326801,2252018.0,50,2018,25,2
C00326801,2282018.0,100,2018,28,2
C00326801,2112018.0,10,2018,11,2
C00326801,2272018.0,500,2018,27,2
C00326801,2232018.0,40,2018,23,2
C00326801,2252018.0,1,2018,25,2
C00326801,2112018.0,25,2018,11,2
C00326801,2202018.0,250,2018,20,2
C00326801,2262018.0,150,2018,26,2
C00326801,2072018.0,100,2018,07,2
C00326801,2262018.0,500,2018,26,2
C00326801,2042018.0,10,2018,04,2
C00326801,2232018.0,50,2018,23,2
C00326801,2042018.0,20,2018,04,2
C00326801,2182018.0,3,2018,18,2
C00326801,2262018.0,500,2018,26,2
C00326801,2042018.0,150,2018,04,2
C00326801,2112018.0,111,2018,11,2
C00326801,2232018.0,100,2018,23,2
C00326801,2252018.0,25,2018,25,2
C00326801,2252018.0,6,2018,25,2
C00326801,2042018.0,25,2018,04,2
C00326801,2022018.0,100,2018,02,2
C00326801,2042018.0,10,2018,04,2
C00326801,2182018.0,5,2018,18,2
C00326801,2042018.0,100,2018,04,2
C00326801,2112018.0,3,2018,11,2
C00326801,2252018.0,5,2018,25,2
C00326801,2232018.0,50,2018,23,2
C00326801,2232018.0,50,2018,23,2
C00326801,2112018.0,5,2018,11,2
C00326801,2092018.0,50,2018,09,2
C00326801,2182018.0,50,2018,18,2
C00326801,2252018.0,25,2018,25,2
C00326801,2282018.0,500,2018,28,2
C00326801,2112018.0,100,2018,11,2
C00326801,2182018.0,100,2018,18,2
C00326801,2222018.0,500,2018,22,2
C00326801,2272018.0,200,2018,27,2
C00326801,2282018.0,10,2018,28,2
C00326801,2182018.0,10,2018,18,2
C00326801,2112018.0,50,2018,11,2
C00326801,2232018.0,20,2018,23,2
C00326801,2042018.0,5,2018,04,2
C00326801,2112018.0,100,2018,11,2
C00326801,2182018.0,200,2018,18,2
C00326801,2042018.0,50,2018,04,2
C00326801,2042018.0,50,2018,04,2
C00326801,2232018.0,25,2018,23,2
C00326801,2282018.0,50,2018,28,2
C00326801,2042018.0,25,2018,04,2
C00326801,2042018.0,100,2018,04,2
C00326801,2112018.0,25,2018,11,2
C00326801,2252018.0,10,2018,25,2
C00326801,2272018.0,500,2018,27,2
C00326801,2112018.0,25,2018,11,2
C00326801,2042018.0,10,2018,04,2
C00326801,2282018.0,5,2018,28,2
C00326801,2112018.0,25,2018,11,2
C00326801,2042018.0,112,2018,04,2
C00326801,2042018.0,5,2018,04,2
C00326801,2252018.0,100,2018,25,2
C00326801,2272018.0,10,2018,27,2
C00326801,2202018.0,500,2018,20,2
C00326801,2282018.0,100,2018,28,2
C00326801,2112018.0,10,2018,11,2
C00326801,2182018.0,50,2018,18,2
C00326801,2112018.0,51,2018,11,2
C00326801,2202018.0,200,2018,20,2
C00326801,2092018.0,500,2018,09,2
C00326801,2112018.0,10,2018,11,2
C00326801,2282018.0,10,2018,28,2
C00326801,2112018.0,100,2018,11,2
C00326801,2182018.0,14,2018,18,2
C00326801,2252018.0,100,2018,25,2
C00326801,2282018.0,50,2018,28,2
C00326801,2182018.0,1000,2018,18,2
C00326801,2182018.0,50,2018,18,2
C00326801,2022018.0,50,2018,02,2
C00326801,2042018.0,10,2018,04,2
C00326801,2262018.0,100,2018,26,2
C00326801,2182018.0,250,2018,18,2
C00326801,2182018.0,200,2018,18,2
C00326801,2282018.0,50,2018,28,2
C00326801,2112018.0,10,2018,11,2
C00326801,2282018.0,10,2018,28,2
C00326801,2252018.0,50,2018,25,2
C00326801,2202018.0,40,2018,20,2
C00326801,2252018.0,250,2018,25,2
C00326801,2042018.0,20,2018,04,2
C00326801,2112018.0,10,2018,11,2
C00326801,2182018.0,15,2018,18,2
C00326801,2252018.0,10,2018,25,2
C00326801,2202018.0,35,2018,20,2
C00326801,2042018.0,150,2018,04,2
C00326801,2042018.0,50,2018,04,2
C00326801,2262018.0,50,2018,26,2
C00326801,2042018.0,150,2018,04,2
C00326801,2112018.0,5,2018,11,2
C00326801,2252018.0,5,2018,25,2
C00326801,2282018.0,5,2018,28,2
C00326801,2232018.0,1000,2018,23,2
C00326801,2112018.0,100,2018,11,2
C00326801,2052018.0,100,2018,05,2
C00326801,2222018.0,100,2018,22,2
C00326801,2132018.0,35,2018,13,2
C00326801,2112018.0,25,2018,11,2
C00326801,2042018.0,25,2018,04,2
C00326801,2282018.0,10,2018,28,2
C00326801,2252018.0,5,2018,25,2
C00326801,2052018.0,50,2018,05,2
C00326801,2112018.0,25,2018,11,2
C00326801,2152018.0,250,2018,15,2
C00326801,2232018.0,100,2018,23,2
C00326801,2182018.0,100,2018,18,2
C00326801,2032018.0,50,2018,03,2
C00326801,2042018.0,25,2018,04,2
C00326801,2252018.0,100,2018,25,2
C00326801,2202018.0,500,2018,20,2
C00326801,2042018.0,40,2018,04,2
C00326801,2042018.0,25,2018,04,2
C00326801,2112018.0,25,2018,11,2
C00326801,2182018.0,25,2018,18,2
C00326801,2282018.0,25,2018,28,2
C00326801,2042018.0,11,2018,04,2
C00326801,2182018.0,25,2018,18,2
C00326801,2112018.0,200,2018,11,2
C00326801,2182018.0,100,2018,18,2
C00326801,2212018.0,5,2018,21,2
C00326801,2262018.0,500,2018,26,2
C00326801,2282018.0,12,2018,28,2
C00326801,2042018.0,18,2018,04,2
C00326801,2202018.0,50,2018,20,2
C00326801,2042018.0,23,2018,04,2
C00326801,2282018.0,23,2018,28,2
C00326801,2232018.0,100,2018,23,2
C00326801,2262018.0,250,2018,26,2
C00326801,2202018.0,100,2018,20,2
C00326801,2042018.0,18,2018,04,2
C00326801,2052018.0,5,2018,05,2
C00326801,2122018.0,100,2018,12,2
C00326801,2042018.0,25,2018,04,2
C00326801,2042018.0,10,2018,04,2
C00326801,2282018.0,25,2018,28,2
C00326801,2182018.0,51,2018,18,2
C00326801,2252018.0,10,2018,25,2
C00326801,2272018.0,5,2018,27,2
C00326801,2232018.0,50,2018,23,2
C00326801,2222018.0,250,2018,22,2
C00326801,2202018.0,1080,2018,20,2
C00326801,2252018.0,50,2018,25,2
C00326801,2122018.0,50,2018,12,2
C00326801,2112018.0,500,2018,11,2
C00326801,2262018.0,500,2018,26,2
C00326801,2202018.0,100,2018,20,2
C00326801,2042018.0,500,2018,04,2
C00326801,2182018.0,500,2018,18,2
C00326801,2052018.0,35,2018,05,2
C00326801,2202018.0,150,2018,20,2
C00326801,2222018.0,75,2018,22,2
C00326801,2202018.0,100,2018,20,2
C00326801,2252018.0,100,2018,25,2
C00326801,2042018.0,50,2018,04,2
C00326801,2182018.0,50,2018,18,2
C00326801,2282018.0,50,2018,28,2
C00326801,2262018.0,50,2018,26,2
C00326801,2042018.0,35,2018,04,2
C00326801,2282018.0,35,2018,28,2
C00326801,2182018.0,8,2018,18,2
C00326801,2282018.0,92,2018,28,2
C00326801,2042018.0,5,2018,04,2
C00326801,2112018.0,5,2018,11,2
C00326801,2202018.0,50,2018,20,2
C00326801,2222018.0,100,2018,22,2
C00326801,2252018.0,2000,2018,25,2
C00326801,2072018.0,25,2018,07,2
C00326801,2262018.0,100,2018,26,2
C00326801,2202018.0,100,2018,20,2
C00326801,2112018.0,20,2018,11,2
C00326801,2042018.0,5,2018,04,2
C00326801,2112018.0,5,2018,11,2
C00326801,2112018.0,1,2018,11,2
C00326801,2282018.0,5,2018,28,2
C00326801,2042018.0,5,2018,04,2
C00326801,2042018.0,5,2018,04,2
C00326801,2112018.0,20,2018,11,2
C00326801,2112018.0,10,2018,11,2
C00326801,2272018.0,100,2018,27,2
C00326801,2042018.0,200,2018,04,2
C00326801,2182018.0,25,2018,18,2
C00326801,2252018.0,50,2018,25,2
C00326801,2272018.0,25,2018,27,2
C00326801,2282018.0,10,2018,28,2
C00326801,2282018.0,25,2018,28,2
C00326801,2272018.0,50,2018,27,2
C00326801,2182018.0,5,2018,18,2
C00326801,2052018.0,50,2018,05,2
C00326801,2222018.0,25,2018,22,2
C00326801,2182018.0,25,2018,18,2
C00326801,2052018.0,500,2018,05,2
C00326801,2202018.0,100,2018,20,2
C00326801,2092018.0,1500,2018,09,2
C00326801,2282018.0,5,2018,28,2
C00326801,2052018.0,100,2018,05,2
C00326801,2262018.0,250,2018,26,2
C00326801,2282018.0,100,2018,28,2
C00326801,2222018.0,100,2018,22,2
C00326801,2202018.0,100,2018,20,2
C00326801,2252018.0,100,2018,25,2
C00326801,2022018.0,50,2018,02,2
C00326801,2252018.0,500,2018,25,2
C00326801,2252018.0,25,2018,25,2
C00326801,2272018.0,5,2018,27,2
C00326801,2262018.0,35,2018,26,2
C00326801,2092018.0,250,2018,09,2
C00326801,2232018.0,100,2018,23,2
C00326801,2252018.0,200,2018,25,2
C00326801,2182018.0,10,2018,18,2
C00326801,2262018.0,35,2018,26,2
C00326801,2042018.0,23,2018,04,2
C00326801,2182018.0,100,2018,18,2
C00326801,2112018.0,51,2018,11,2
C00326801,2182018.0,25,2018,18,2
C00326801,2252018.0,50,2018,25,2
C00326801,2112018.0,56,2018,11,2
C00326801,2252018.0,50,2018,25,2
C00326801,2262018.0,50,2018,26,2
C00326801,2282018.0,6,2018,28,2
C00326801,2262018.0,50,2018,26,2
C00326801,2282018.0,25,2018,28,2
C00326801,2262018.0,100,2018,26,2
C00326801,2202018.0,35,2018,20,2
C00326801,2062018.0,18,2018,06,2
C00326801,2042018.0,50,2018,04,2
C00326801,2282018.0,50,2018,28,2
C00326801,2112018.0,15,2018,11,2
C00326801,2132018.0,50,2018,13,2
C00326801,2202018.0,100,2018,20,2
C00326801,2202018.0,150,2018,20,2
C00326801,2112018.0,25,2018,11,2
C00326801,2182018.0,1000,2018,18,2
C00326801,2282018.0,100,2018,28,2
C00326801,2282018.0,2700,2018,28,2
C00326801,2232018.0,250,2018,23,2
C00326801,2282018.0,25,2018,28,2
C00326801,2202018.0,35,2018,20,2
C00326801,2022018.0,50,2018,02,2
C00326801,2072018.0,100,2018,07,2
C00326801,2042018.0,50,2018,04,2
C00326801,2042018.0,25,2018,04,2
C00326801,2042018.0,10,2018,04,2
C00326801,2252018.0,100,2018,25,2
C00326801,2052018.0,300,2018,05,2
C00326801,2252018.0,50,2018,25,2
C00326801,2052018.0,250,2018,05,2
C00326801,2222018.0,50,2018,22,2
C00326801,2212018.0,300,2018,21,2
C00326801,2282018.0,25,2018,28,2
C00326801,2112018.0,13,2018,11,2
C00326801,2262018.0,100,2018,26,2
C00326801,2012018.0,2700,2018,01,2
C00326801,2262018.0,100,2018,26,2
C00326801,2252018.0,100,2018,25,2
C00326801,2252018.0,100,2018,25,2
C00326801,2122018.0,50,2018,12,2
C00326801,2222018.0,100,2018,22,2
C00326801,2042018.0,5,2018,04,2
C00326801,2042018.0,25,2018,04,2
C00326801,2232018.0,100,2018,23,2
C00326801,2042018.0,5,2018,04,2
C00326801,2042018.0,15,2018,04,2
C00326801,2282018.0,15,2018,28,2
C00326801,2252018.0,10,2018,25,2
C00326801,2282018.0,5,2018,28,2
C00326801,2252018.0,500,2018,25,2
C00326801,2202018.0,50,2018,20,2
C00326801,2282018.0,25,2018,28,2
C00326801,2282018.0,25,2018,28,2
C00326801,2012018.0,300,2018,01,2
C00326801,2042018.0,50,2018,04,2
C00326801,2282018.0,50,2018,28,2
C00326801,2222018.0,35,2018,22,2
C00326801,2282018.0,50,2018,28,2
C00326801,2272018.0,100,2018,27,2
C00326801,2232018.0,250,2018,23,2
C00326801,2112018.0,25,2018,11,2
C00326801,2182018.0,15,2018,18,2
C00326801,2152018.0,200,2018,15,2
C00326801,2112018.0,25,2018,11,2
C00326801,2042018.0,1000,2018,04,2
C00326801,2182018.0,25,2018,18,2
C00326801,2182018.0,500,2018,18,2
C00326801,2112018.0,50,2018,11,2
C00326801,2252018.0,20,2018,25,2
C00326801,2182018.0,50,2018,18,2
C00326801,2022018.0,100,2018,02,2
C00326801,2232018.0,200,2018,23,2
C00326801,2282018.0,25,2018,28,2
C00326801,2042018.0,100,2018,04,2
C00326801,2112018.0,25,2018,11,2
C00326801,2112018.0,10,2018,11,2
C00326801,2042018.0,5,2018,04,2
C00326801,2112018.0,10,2018,11,2
C00326801,2182018.0,5,2018,18,2
C00326801,2182018.0,5,2018,18,2
C00326801,2112018.0,200,2018,11,2
C00326801,2182018.0,25,2018,18,2
C00326801,2252018.0,10,2018,25,2
C00326801,2262018.0,50,2018,26,2
C00326801,2182018.0,25,2018,18,2
C00326801,2252018.0,15,2018,25,2
C00326801,2262018.0,50,2018,26,2
C00326801,2042018.0,100,2018,04,2
C00326801,2282018.0,100,2018,28,2
C00326801,2112018.0,5,2018,11,2
C00326801,2202018.0,50,2018,20,2
C00326801,2222018.0,1000,2018,22,2
C00326801,2272018.0,1000,2018,27,2
C00326801,2112018.0,25,2018,11,2
C00326801,2112018.0,25,2018,11,2
C00326801,2202018.0,50,2018,20,2
C00326801,2092018.0,75,2018,09,2
C00326801,2112018.0,12,2018,11,2
C00326801,2042018.0,17,2018,04,2
C00326801,2042018.0,50,2018,04,2
C00326801,2262018.0,25,2018,26,2
C00326801,2262018.0,50,2018,26,2
C00326801,2042018.0,2400,2018,04,2
C00326801,2042018.0,20,2018,04,2
C00326801,2202018.0,50,2018,20,2
C00326801,2182018.0,25,2018,18,2
C00326801,2112018.0,150,2018,11,2
C00326801,2252018.0,25,2018,25,2
C00326801,2092018.0,100,2018,09,2
C00326801,2252018.0,500,2018,25,2
C00326801,2112018.0,21,2018,11,2
C00326801,2232018.0,300,2018,23,2
C00326801,2252018.0,20,2018,25,2
C00326801,2232018.0,100,2018,23,2
C00326801,2142018.0,300,2018,14,2
C00326801,2262018.0,35,2018,26,2
C00326801,2042018.0,12,2018,04,2
C00326801,2182018.0,50,2018,18,2
C00326801,2282018.0,10,2018,28,2
C00326801,2282018.0,100,2018,28,2
C00326801,2232018.0,26,2018,23,2
C00326801,2252018.0,20,2018,25,2
C00326801,2252018.0,20,2018,25,2
C00326801,2282018.0,20,2018,28,2
C00326801,2142018.0,1000,2018,14,2
C00326801,2202018.0,35,2018,20,2
C00326801,2252018.0,25,2018,25,2
C00326801,2252018.0,50,2018,25,2
C00326801,2042018.0,1700,2018,04,2
C00326801,2182018.0,10,2018,18,2
C00326801,2042018.0,5,2018,04,2
C00326801,2042018.0,5,2018,04,2
C00326801,2182018.0,100,2018,18,2
C00326801,2062018.0,50,2018,06,2
C00326801,2112018.0,2,2018,11,2
C00326801,2252018.0,11,2018,25,2
C00326801,2252018.0,25,2018,25,2
C00326801,2252018.0,25,2018,25,2
C00326801,2042018.0,25,2018,04,2
C00326801,2272018.0,20,2018,27,2
C00326801,2282018.0,25,2018,28,2
C00326801,2232018.0,300,2018,23,2
C00326801,2112018.0,100,2018,11,2
C00326801,2162018.0,82,2018,16,2
C00326801,2252018.0,50,2018,25,2
C00326801,2252018.0,25,2018,25,2
C00326801,2252018.0,25,2018,25,2
C00326801,2252018.0,25,2018,25,2
C00326801,2252018.0,25,2018,25,2
C00326801,2252018.0,25,2018,25,2
C00326801,2112018.0,10,2018,11,2
C00326801,2182018.0,10,2018,18,2
C00326801,2282018.0,50,2018,28,2
C00326801,2252018.0,200,2018,25,2
C00326801,2112018.0,50,2018,11,2
C00326801,2062018.0,25,2018,06,2
C00326801,2232018.0,120,2018,23,2
C00326801,2152018.0,100,2018,15,2
C00326801,2232018.0,25,2018,23,2
C00326801,2112018.0,3000,2018,11,2
C00326801,2182018.0,500,2018,18,2
C00326801,2042018.0,10,2018,04,2
C00326801,2282018.0,10,2018,28,2
C00326801,2262018.0,50,2018,26,2
C00326801,2012018.0,100,2018,01,2
C00326801,2252018.0,12,2018,25,2
C00326801,2082018.0,100,2018,08,2
C00326801,2042018.0,25,2018,04,2
C00326801,2132018.0,100,2018,13,2
C00326801,2202018.0,50,2018,20,2
C00326801,2082018.0,500,2018,08,2
C00326801,2182018.0,51,2018,18,2
C00326801,2282018.0,5,2018,28,2
C00326801,2282018.0,10,2018,28,2
C00326801,2182018.0,50,2018,18,2
C00326801,2172018.0,150,2018,17,2
C00326801,2222018.0,100,2018,22,2
C00326801,2232018.0,50,2018,23,2
C00326801,2042018.0,5,2018,04,2
C00326801,2262018.0,75,2018,26,2
C00326801,2272018.0,250,2018,27,2
C00326801,2222018.0,250,2018,22,2
C00326801,2222018.0,500,2018,22,2
C00326801,2112018.0,50,2018,11,2
C00326801,2042018.0,25,2018,04,2
C00326801,2252018.0,100,2018,25,2
C00326801,2252018.0,250,2018,25,2
C00326801,2222018.0,50,2018,22,2
C00326801,2112018.0,10,2018,11,2
C00326801,2252018.0,10,2018,25,2
C00326801,2182018.0,25,2018,18,2
C00326801,2252018.0,25,2018,25,2
C00326801,2252018.0,25,2018,25,2
C00326801,2272018.0,35,2018,27,2
C00326801,2282018.0,25,2018,28,2
C00326801,2282018.0,25,2018,28,2
C00326801,2042018.0,1000,2018,04,2
C00326801,2112018.0,100,2018,11,2
C00326801,2252018.0,25,2018,25,2
C00326801,2042018.0,50,2018,04,2
C00326801,2272018.0,5,2018,27,2
C00326801,2132018.0,100,2018,13,2
C00326801,2282018.0,5,2018,28,2
C00326801,2252018.0,500,2018,25,2
C00326801,2232018.0,50,2018,23,2
C00326801,2202018.0,35,2018,20,2
C00326801,2282018.0,15,2018,28,2
C00326801,2162018.0,500,2018,16,2
C00326801,2282018.0,10,2018,28,2
C00326801,2042018.0,1700,2018,04,2
C00326801,2252018.0,50,2018,25,2
C00326801,2072018.0,50,2018,07,2
C00326801,2262018.0,50,2018,26,2
C00326801,2252018.0,50,2018,25,2
C00326801,2252018.0,10,2018,25,2
C00326801,2232018.0,100,2018,23,2
C00326801,2112018.0,100,2018,11,2
C00326801,2182018.0,5,2018,18,2
C00326801,2252018.0,50,2018,25,2
C00326801,2272018.0,10,2018,27,2
C00326801,2042018.0,25,2018,04,2
C00326801,2022018.0,2700,2018,02,2
C00326801,2112018.0,21,2018,11,2
C00326801,2152018.0,100,2018,15,2
C00326801,2272018.0,200,2018,27,2
C00326801,2022018.0,250,2018,02,2
C00326801,2042018.0,25,2018,04,2
C00326801,2182018.0,5,2018,18,2
C00326801,2042018.0,25,2018,04,2
C00326801,2112018.0,25,2018,11,2
C00326801,2112018.0,5,2018,11,2
C00326801,2282018.0,25,2018,28,2
C00326801,2262018.0,75,2018,26,2
C00326801,2262018.0,35,2018,26,2
C00326801,2252018.0,25,2018,25,2
C00326801,2262018.0,50,2018,26,2
C00326801,2182018.0,25,2018,18,2
C00326801,2042018.0,25,2018,04,2
C00326801,2112018.0,51,2018,11,2
C00326801,2282018.0,10,2018,28,2
C00326801,2282018.0,25,2018,28,2
C00326801,2042018.0,12,2018,04,2
C00326801,2042018.0,8,2018,04,2
C00326801,2262018.0,50,2018,26,2
C00326801,2272018.0,25,2018,27,2
C00326801,2202018.0,500,2018,20,2
C00326801,2202018.0,40,2018,20,2
C00326801,2252018.0,50,2018,25,2
C00326801,2252018.0,50,2018,25,2
C00326801,2042018.0,100,2018,04,2
C00326801,2062018.0,250,2018,06,2
C00326801,2112018.0,150,2018,11,2
C00326801,2232018.0,100,2018,23,2
C00326801,2232018.0,100,2018,23,2
C00326801,2112018.0,270,2018,11,2
C00326801,2112018.0,211,2018,11,2
C00326801,2182018.0,500,2018,18,2
C00326801,2252018.0,3,2018,25,2
C00326801,2042018.0,25,2018,04,2
C00326801,2252018.0,100,2018,25,2
C00326801,2282018.0,25,2018,28,2
C00326801,2112018.0,20,2018,11,2
C00326801,2042018.0,11,2018,04,2
C00326801,2042018.0,5,2018,04,2
C00326801,2042018.0,5,2018,04,2
C00326801,2202018.0,75,2018,20,2
C00326801,2252018.0,10,2018,25,2
C00326801,2202018.0,100,2018,20,2
C00326801,2252018.0,250,2018,25,2
C00326801,2082018.0,100,2018,08,2
C00326801,2182018.0,2700,2018,18,2
C00326801,2222018.0,100,2018,22,2
C00326801,2262018.0,50,2018,26,2
C00326801,2182018.0,50,2018,18,2
C00326801,2252018.0,25,2018,25,2
C00326801,2282018.0,10,2018,28,2
C00326801,2282018.0,15,2018,28,2
C00326801,2112018.0,12,2018,11,2
C00326801,2112018.0,25,2018,11,2
C00326801,2182018.0,12,2018,18,2
C00326801,2182018.0,25,2018,18,2
C00326801,2252018.0,25,2018,25,2
C00326801,2272018.0,50,2018,27,2
C00326801,2252018.0,50,2018,25,2
C00326801,2262018.0,20,2018,26,2
C00326801,2042018.0,10,2018,04,2
C00326801,2112018.0,30,2018,11,2
C00326801,2282018.0,10,2018,28,2
C00326801,2112018.0,25,2018,11,2
C00326801,2182018.0,50,2018,18,2
C00326801,2252018.0,100,2018,25,2
C00326801,2112018.0,500,2018,11,2
C00326801,2272018.0,50,2018,27,2
C00326801,2012018.0,20,2018,01,2
C00326801,2242018.0,500,2018,24,2
C00326801,2252018.0,5,2018,25,2
C00326801,2232018.0,1000,2018,23,2
C00326801,2222018.0,100,2018,22,2
C00326801,2232018.0,100,2018,23,2
C00326801,2282018.0,100,2018,28,2
C00326801,2112018.0,5,2018,11,2
C00326801,2112018.0,5,2018,11,2
C00326801,2042018.0,5,2018,04,2
C00326801,2282018.0,5,2018,28,2
C00326801,2282018.0,5,2018,28,2
C00326801,2272018.0,25,2018,27,2
C00326801,2042018.0,5,2018,04,2
C00326801,2232018.0,225,2018,23,2
C00326801,2202018.0,150,2018,20,2
C00326801,2282018.0,10,2018,28,2
C00326801,2262018.0,100,2018,26,2
C00326801,2112018.0,100,2018,11,2
C00326801,2182018.0,100,2018,18,2
C00326801,2282018.0,25,2018,28,2
C00326801,2252018.0,100,2018,25,2
C00326801,2042018.0,25,2018,04,2
C00326801,2282018.0,25,2018,28,2
C00326801,2112018.0,25,2018,11,2
C00326801,2282018.0,100,2018,28,2
C00326801,2042018.0,100,2018,04,2
C00326801,2272018.0,200,2018,27,2
C00326801,2182018.0,100,2018,18,2
C00326801,2042018.0,100,2018,04,2
C00326801,2042018.0,200,2018,04,2
C00326801,2042018.0,1000,2018,04,2
C00326801,2082018.0,100,2018,08,2
C00326801,2042018.0,10,2018,04,2
C00326801,2112018.0,20,2018,11,2
C00326801,2252018.0,21,2018,25,2
C00326801,2232018.0,100,2018,23,2
C00326801,2042018.0,25,2018,04,2
C00326801,2182018.0,100,2018,18,2
C00326801,2182018.0,100,2018,18,2
C00326801,2252018.0,25,2018,25,2
C00326801,2282018.0,25,2018,28,2
C00326801,2232018.0,35,2018,23,2
C00326801,2282018.0,10,2018,28,2
C00326801,2232018.0,50,2018,23,2
C00326801,2122018.0,25,2018,12,2
C00326801,2202018.0,35,2018,20,2
C00326801,2282018.0,50,2018,28,2
C00326801,2252018.0,25,2018,25,2
C00326801,2222018.0,75,2018,22,2
C00326801,2252018.0,50,2018,25,2
C00326801,2042018.0,10,2018,04,2
C00326801,2182018.0,10,2018,18,2
C00326801,2202018.0,50,2018,20,2
C00326801,2262018.0,100,2018,26,2
C00326801,2262018.0,500,2018,26,2
C00326801,2042018.0,10,2018,04,2
C00326801,2252018.0,10,2018,25,2
C00326801,2282018.0,10,2018,28,2
C00326801,2142018.0,100,2018,14,2
C00326801,2112018.0,200,2018,11,2
C00326801,2112018.0,800,2018,11,2
C00326801,2042018.0,200,2018,04,2
C00326801,2042018.0,700,2018,04,2
C00326801,2272018.0,200,2018,27,2
C00326801,2042018.0,300,2018,04,2
C00326801,2182018.0,35,2018,18,2
C00326801,2252018.0,50,2018,25,2
C00326801,2282018.0,25,2018,28,2
C00326801,2042018.0,5,2018,04,2
C00326801,2222018.0,20,2018,22,2
C00326801,2112018.0,200,2018,11,2
C00326801,2112018.0,25,2018,11,2
C00326801,2162018.0,500,2018,16,2
C00326801,2182018.0,111,2018,18,2
C00326801,2252018.0,50,2018,25,2
C00326801,2042018.0,50,2018,04,2
C00326801,2092018.0,500,2018,09,2
C00326801,2252018.0,150,2018,25,2
C00326801,2282018.0,1500,2018,28,2
C00326801,2282018.0,500,2018,28,2
C00326801,2232018.0,190,2018,23,2
C00326801,2042018.0,15,2018,04,2
C00326801,2182018.0,25,2018,18,2
C00326801,2282018.0,25,2018,28,2
C00326801,2182018.0,10,2018,18,2
C00326801,2202018.0,50,2018,20,2
C00326801,2182018.0,25,2018,18,2
C00326801,2052018.0,20,2018,05,2
C00326801,2042018.0,12,2018,04,2
C00326801,2262018.0,200,2018,26,2
C00326801,2112018.0,25,2018,11,2
C00326801,2282018.0,25,2018,28,2
C00326801,2252018.0,25,2018,25,2
C00326801,2262018.0,500,2018,26,2
C00326801,2262018.0,50,2018,26,2
C00326801,2282018.0,50,2018,28,2
C00326801,2042018.0,50,2018,04,2
C00326801,2222018.0,35,2018,22,2
C00326801,2042018.0,318,2018,04,2
C00326801,2262018.0,250,2018,26,2
C00326801,2222018.0,2700,2018,22,2
C00326801,2262018.0,25,2018,26,2
C00326801,2112018.0,100,2018,11,2
C00326801,2042018.0,25,2018,04,2
C00326801,2042018.0,100,2018,04,2
C00326801,2182018.0,100,2018,18,2
C00326801,2272018.0,100,2018,27,2
C00326801,2282018.0,25,2018,28,2
C00326801,2282018.0,100,2018,28,2
C00326801,2022018.0,50,2018,02,2
C00326801,2282018.0,25,2018,28,2
C00326801,2202018.0,100,2018,20,2
C00326801,2112018.0,500,2018,11,2
C00326801,2182018.0,100,2018,18,2
C00326801,2052018.0,100,2018,05,2
C00326801,2112018.0,250,2018,11,2
C00326801,2282018.0,5,2018,28,2
C00326801,2202018.0,75,2018,20,2
C00326801,2222018.0,100,2018,22,2
C00326801,2222018.0,50,2018,22,2
C00326801,2262018.0,100,2018,26,2
C00326801,2262018.0,150,2018,26,2
C00326801,2182018.0,700,2018,18,2
C00326801,2252018.0,10,2018,25,2
C00326801,2042018.0,2,2018,04,2
C00326801,2042018.0,5,2018,04,2
C00326801,2232018.0,50,2018,23,2
C00326801,2262018.0,75,2018,26,2
C00326801,2112018.0,500,2018,11,2
C00326801,2072018.0,200,2018,07,2
C00326801,2182018.0,25,2018,18,2
C00326801,2042018.0,300,2018,04,2
C00326801,2042018.0,2,2018,04,2
C00326801,2042018.0,2,2018,04,2
C00326801,2042018.0,2,2018,04,2
C00326801,2282018.0,36,2018,28,2
C00326801,2162018.0,50,2018,16,2
C00326801,2182018.0,25,2018,18,2
C00326801,2072018.0,100,2018,07,2
C00326801,2042018.0,25,2018,04,2
C00326801,2132018.0,100,2018,13,2
C00326801,2262018.0,75,2018,26,2
C00326801,2282018.0,25,2018,28,2
C00326801,2162018.0,75,2018,16,2
C00326801,2042018.0,100,2018,04,2
C00326801,2082018.0,100,2018,08,2
C00326801,2112018.0,20,2018,11,2
C00326801,2042018.0,325,2018,04,2
C00326801,2282018.0,5,2018,28,2
C00326801,2222018.0,50,2018,22,2
C00326801,2232018.0,100,2018,23,2
C00326801,2042018.0,50,2018,04,2
C00326801,2252018.0,20,2018,25,2
C00326801,2202018.0,100,2018,20,2
C00326801,2202018.0,100,2018,20,2
C00326801,2262018.0,500,2018,26,2
C00326801,2042018.0,25,2018,04,2
C00326801,2112018.0,12,2018,11,2
C00326801,2282018.0,2,2018,28,2
C00326801,2282018.0,2,2018,28,2
C00326801,2282018.0,10,2018,28,2
C00326801,2152018.0,250,2018,15,2
C00326801,2232018.0,100,2018,23,2
C00326801,2182018.0,5,2018,18,2
C00326801,2252018.0,3,2018,25,2
C00326801,2182018.0,5,2018,18,2
C00326801,2252018.0,5,2018,25,2
C00326801,2202018.0,50,2018,20,2
C00326801,2222018.0,100,2018,22,2
C00326801,2272018.0,25,2018,27,2
C00326801,2232018.0,35,2018,23,2
C00326801,2182018.0,100,2018,18,2
C00326801,2252018.0,200,2018,25,2
C00326801,2042018.0,700,2018,04,2
C00326801,2262018.0,100,2018,26,2
C00326801,2182018.0,25,2018,18,2
C00326801,2252018.0,25,2018,25,2
C00326801,2282018.0,500,2018,28,2
C00326801,2232018.0,100,2018,23,2
C00326801,2182018.0,16,2018,18,2
C00326801,2262018.0,25,2018,26,2
C00326801,2282018.0,25,2018,28,2
C00326801,2282018.0,25,2018,28,2
C00326801,2112018.0,1,2018,11,2
C00326801,2182018.0,25,2018,18,2
C00326801,2252018.0,5,2018,25,2
C00326801,2262018.0,100,2018,26,2
C00326801,2212018.0,50,2018,21,2
C00326801,2092018.0,50,2018,09,2
C00326801,2092018.0,50,2018,09,2
C00326801,2202018.0,100,2018,20,2
C00326801,2112018.0,56,2018,11,2
C00326801,2262018.0,50,2018,26,2
C00326801,2042018.0,25,2018,04,2
C00326801,2282018.0,35,2018,28,2
C00326801,2272018.0,100,2018,27,2
C00326801,2252018.0,10,2018,25,2
C00326801,2112018.0,25,2018,11,2
C00326801,2182018.0,50,2018,18,2
C00326801,2282018.0,25,2018,28,2
C00326801,2282018.0,50,2018,28,2
C00326801,2112018.0,100,2018,11,2
C00326801,2232018.0,250,2018,23,2
C00326801,2202018.0,50,2018,20,2
C00326801,2042018.0,7,2018,04,2
C00326801,2182018.0,10,2018,18,2
C00326801,2252018.0,5,2018,25,2
C00326801,2252018.0,10,2018,25,2
C00326801,2252018.0,10,2018,25,2
C00326801,2272018.0,25,2018,27,2
C00326801,2202018.0,250,2018,20,2
C00326801,2132018.0,100,2018,13,2
C00326801,2232018.0,150,2018,23,2
C00326801,2042018.0,50,2018,04,2
C00326801,2262018.0,50,2018,26,2
C00326801,2232018.0,50,2018,23,2
C00326801,2122018.0,100,2018,12,2
C00326801,2052018.0,50,2018,05,2
C00326801,2212018.0,15,2018,21,2
C00326801,2262018.0,100,2018,26,2
C00326801,2042018.0,12,2018,04,2
C00326801,2252018.0,25,2018,25,2
C00326801,2182018.0,5,2018,18,2
C00326801,2042018.0,2000,2018,04,2
C00326801,2182018.0,100,2018,18,2
C00326801,2282018.0,25,2018,28,2
C00326801,2262018.0,50,2018,26,2
C00326801,2202018.0,75,2018,20,2
C00326801,2042018.0,5,2018,04,2
C00326801,2272018.0,5,2018,27,2
C00326801,2282018.0,5,2018,28,2
C00326801,2112018.0,5,2018,11,2
C00326801,2232018.0,250,2018,23,2
C00326801,2042018.0,5,2018,04,2
C00326801,2182018.0,25,2018,18,2
C00326801,2282018.0,5,2018,28,2
C00326801,2252018.0,40,2018,25,2
C00326801,2262018.0,40,2018,26,2
C00326801,2262018.0,50,2018,26,2
C00326801,2232018.0,25,2018,23,2
C00326801,2272018.0,10,2018,27,2
C00326801,2202018.0,100,2018,20,2
C00326801,2112018.0,100,2018,11,2
C00326801,2012018.0,50,2018,01,2
C00326801,2112018.0,250,2018,11,2
C00326801,2042018.0,7,2018,04,2
C00326801,2042018.0,14,2018,04,2
C00326801,2112018.0,100,2018,11,2
C00326801,2202018.0,50,2018,20,2
C00326801,2042018.0,25,2018,04,2
C00326801,2012018.0,100,2018,01,2
C00326801,2042018.0,25,2018,04,2
C00326801,2112018.0,5,2018,11,2
C00326801,2182018.0,10,2018,18,2
C00326801,2252018.0,5,2018,25,2
C00326801,2112018.0,12,2018,11,2
C00326801,2262018.0,25,2018,26,2
C00326801,2072018.0,50,2018,07,2
C00326801,2252018.0,50,2018,25,2
C00326801,2112018.0,11,2018,11,2
C00326801,2112018.0,181,2018,11,2
C00326801,2112018.0,2518,2018,11,2
C00326801,2202018.0,100,2018,20,2
C00326801,2042018.0,300,2018,04,2
C00326801,2152018.0,500,2018,15,2
C00326801,2232018.0,110,2018,23,2
C00326801,2252018.0,10,2018,25,2
C00326801,2042018.0,25,2018,04,2
C00326801,2182018.0,25,2018,18,2
C00326801,2252018.0,5,2018,25,2
C00326801,2072018.0,100,2018,07,2
C00326801,2132018.0,250,2018,13,2
C00326801,2042018.0,218,2018,04,2
C00326801,2272018.0,5,2018,27,2
C00326801,2282018.0,5,2018,28,2
C00326801,2272018.0,10,2018,27,2
C00326801,2152018.0,50,2018,15,2
C00326801,2252018.0,25,2018,25,2
C00326801,2062018.0,25,2018,06,2
C00326801,2252018.0,10,2018,25,2
C00326801,2252018.0,200,2018,25,2
C00326801,2202018.0,20,2018,20,2
C00326801,2252018.0,25,2018,25,2
C00326801,2252018.0,50,2018,25,2
C00326801,2272018.0,50,2018,27,2
C00326801,2232018.0,15,2018,23,2
C00326801,2262018.0,100,2018,26,2
C00326801,2202018.0,250,2018,20,2
C00326801,2042018.0,50,2018,04,2
C00326801,2042018.0,50,2018,04,2
C00326801,2282018.0,50,2018,28,2
C00326801,2282018.0,50,2018,28,2
C00326801,2042018.0,100,2018,04,2
C00326801,2282018.0,100,2018,28,2
C00326801,2252018.0,50,2018,25,2
C00326801,2252018.0,100,2018,25,2
C00326801,2232018.0,50,2018,23,2
C00326801,2062018.0,35,2018,06,2
C00326801,2112018.0,10,2018,11,2
C00326801,2042018.0,35,2018,04,2
C00326801,2282018.0,35,2018,28,2
C00326801,2042018.0,12,2018,04,2
C00326801,2042018.0,50,2018,04,2
C00326801,2112018.0,25,2018,11,2
C00326801,2012018.0,100,2018,01,2
C00326801,2232018.0,100,2018,23,2
C00326801,2182018.0,25,2018,18,2
C00326801,2232018.0,20,2018,23,2
C00326801,2182018.0,1000,2018,18,2
C00326801,2112018.0,11,2018,11,2
C00326801,2232018.0,100,2018,23,2
C00326801,2042018.0,7,2018,04,2
C00326801,2112018.0,25,2018,11,2
C00326801,2252018.0,50,2018,25,2
C00326801,2202018.0,25,2018,20,2
C00326801,2042018.0,5,2018,04,2
C00326801,2122018.0,50,2018,12,2
C00326801,2182018.0,5,2018,18,2
C00326801,2232018.0,30,2018,23,2
C00326801,2222018.0,100,2018,22,2
C00326801,2182018.0,10,2018,18,2
C00326801,2272018.0,10,2018,27,2
C00326801,2112018.0,100,2018,11,2
C00326801,2222018.0,500,2018,22,2
C00326801,2222018.0,303,2018,22,2
C00326801,2262018.0,300,2018,26,2
C00326801,2262018.0,50,2018,26,2
C00326801,2182018.0,1000,2018,18,2
C00326801,2042018.0,19,2018,04,2
C00326801,2252018.0,50,2018,25,2
C00326801,2112018.0,56,2018,11,2
C00326801,2282018.0,50,2018,28,2
C00326801,2042018.0,25,2018,04,2
C00326801,2272018.0,2700,2018,27,2
C00326801,2252018.0,100,2018,25,2
C00326801,2282018.0,100,2018,28,2
C00326801,2182018.0,500,2018,18,2
C00326801,2062018.0,50,2018,06,2
C00326801,2042018.0,1,2018,04,2
C00326801,2222018.0,25,2018,22,2
C00326801,2222018.0,50,2018,22,2
C00326801,2202018.0,250,2018,20,2
C00326801,2112018.0,112,2018,11,2
C00326801,2252018.0,100,2018,25,2
C00326801,2112018.0,150,2018,11,2
C00326801,2182018.0,1000,2018,18,2
C00326801,2112018.0,12,2018,11,2
C00326801,2252018.0,25,2018,25,2
C00326801,2042018.0,10,2018,04,2
C00326801,2112018.0,10,2018,11,2
C00326801,2282018.0,25,2018,28,2
C00326801,2252018.0,10,2018,25,2
C00326801,2042018.0,5,2018,04,2
C00326801,2272018.0,25,2018,27,2
C00326801,2282018.0,250,2018,28,2
C00326801,2042018.0,25,2018,04,2
C00326801,2252018.0,500,2018,25,2
C00326801,2082018.0,100,2018,08,2
C00326801,2042018.0,25,2018,04,2
C00326801,2042018.0,25,2018,04,2
C00326801,2042018.0,2,2018,04,2
C00326801,2202018.0,200,2018,20,2
C00326801,2112018.0,250,2018,11,2
C00326801,2272018.0,10,2018,27,2
C00326801,2042018.0,1,2018,04,2
C00326801,2112018.0,25,2018,11,2
C00326801,2042018.0,50,2018,04,2
C00326801,2202018.0,30,2018,20,2
C00326801,2262018.0,100,2018,26,2
C00326801,2112018.0,25,2018,11,2
C00326801,2232018.0,300,2018,23,2
C00326801,2122018.0,50,2018,12,2
C00326801,2282018.0,200,2018,28,2
C00326801,2112018.0,10,2018,11,2
C00326801,2182018.0,5,2018,18,2
C00326801,2042018.0,3,2018,04,2
C00326801,2252018.0,3,2018,25,2
C00326801,2152018.0,50,2018,15,2
C00326801,2182018.0,100,2018,18,2
C00326801,2112018.0,50,2018,11,2
C00326801,2272018.0,100,2018,27,2
C00326801,2202018.0,75,2018,20,2
C00326801,2042018.0,10,2018,04,2
C00326801,2112018.0,10,2018,11,2
C00326801,2252018.0,25,2018,25,2
C00326801,2252018.0,200,2018,25,2
C00326801,2262018.0,100,2018,26,2
C00326801,2232018.0,300,2018,23,2
C00326801,2202018.0,250,2018,20,2
C00326801,2202018.0,20,2018,20,2
C00326801,2182018.0,100,2018,18,2
C00326801,2012018.0,30,2018,01,2
C00326801,2262018.0,50,2018,26,2
C00326801,2262018.0,250,2018,26,2
C00326801,2042018.0,25,2018,04,2
C00326801,2282018.0,25,2018,28,2
C00326801,2202018.0,100,2018,20,2
C00326801,2252018.0,3,2018,25,2
C00326801,2282018.0,5,2018,28,2
C00326801,2222018.0,200,2018,22,2
C00326801,2232018.0,50,2018,23,2
C00326801,2042018.0,15,2018,04,2
C00326801,2282018.0,15,2018,28,2
C00326801,2202018.0,150,2018,20,2
C00326801,2112018.0,11,2018,11,2
C00326801,2182018.0,500,2018,18,2
C00326801,2282018.0,50,2018,28,2
C00326801,2262018.0,500,2018,26,2
C00326801,2112018.0,5,2018,11,2
C00326801,2222018.0,25,2018,22,2
C00326801,2182018.0,1000,2018,18,2
C00326801,2202018.0,50,2018,20,2
C00326801,2112018.0,10,2018,11,2
C00326801,2252018.0,21,2018,25,2
C00326801,2282018.0,100,2018,28,2
C00326801,2182018.0,25,2018,18,2
C00326801,2252018.0,100,2018,25,2
C00326801,2042018.0,150,2018,04,2
C00326801,2182018.0,25,2018,18,2
C00326801,2182018.0,25,2018,18,2
C00326801,2042018.0,10,2018,04,2
C00326801,2112018.0,8,2018,11,2
C00326801,2262018.0,200,2018,26,2
C00326801,2272018.0,100,2018,27,2
C00326801,2282018.0,150,2018,28,2
C00326801,2112018.0,1,2018,11,2
C00326801,2022018.0,100,2018,02,2
C00326801,2042018.0,25,2018,04,2
C00326801,2282018.0,25,2018,28,2
C00326801,2182018.0,1000,2018,18,2
C00326801,2042018.0,25,2018,04,2
C00326801,2282018.0,25,2018,28,2
C00326801,2182018.0,5,2018,18,2
C00326801,2262018.0,100,2018,26,2
C00326801,2272018.0,1000,2018,27,2
C00326801,2042018.0,25,2018,04,2
C00326801,2282018.0,25,2018,28,2
C00326801,2112018.0,25,2018,11,2
C00326801,2282018.0,100,2018,28,2
C00326801,2202018.0,300,2018,20,2
C00326801,2182018.0,250,2018,18,2
C00326801,2262018.0,150,2018,26,2
C00326801,2282018.0,5,2018,28,2
C00326801,2232018.0,75,2018,23,2
C00326801,2262018.0,50,2018,26,2
C00326801,2042018.0,25,2018,04,2
C00326801,2252018.0,25,2018,25,2
C00326801,2252018.0,25,2018,25,2
C00326801,2282018.0,25,2018,28,2
C00326801,2052018.0,100,2018,05,2
C00326801,2042018.0,112,2018,04,2
C00326801,2262018.0,100,2018,26,2
C00326801,2182018.0,25,2018,18,2
C00326801,2252018.0,10,2018,25,2
C00326801,2252018.0,10,2018,25,2
C00326801,2282018.0,10,2018,28,2
C00326801,2282018.0,500,2018,28,2
C00326801,2202018.0,50,2018,20,2
C00326801,2252018.0,500,2018,25,2
C00326801,2182018.0,50,2018,18,2
C00326801,2012018.0,700,2018,01,2
C00326801,2182018.0,50,2018,18,2
C00326801,2042018.0,50,2018,04,2
C00326801,2142018.0,50,2018,14,2
C00326801,2202018.0,100,2018,20,2
C00326801,2112018.0,50,2018,11,2
C00326801,2222018.0,100,2018,22,2
C00326801,2082018.0,100,2018,08,2
C00326801,2042018.0,50,2018,04,2
C00326801,2042018.0,50,2018,04,2
C00326801,2062018.0,25,2018,06,2
C00326801,2202018.0,100,2018,20,2
C00326801,2232018.0,150,2018,23,2
C00326801,2232018.0,150,2018,23,2
C00326801,2252018.0,50,2018,25,2
C00326801,2182018.0,25,2018,18,2
C00326801,2252018.0,4,2018,25,2
C00326801,2282018.0,50,2018,28,2
C00326801,2202018.0,50,2018,20,2
C00326801,2202018.0,50,2018,20,2
C00326801,2042018.0,15,2018,04,2
C00326801,2282018.0,15,2018,28,2
C00326801,2252018.0,25,2018,25,2
C00326801,2232018.0,35,2018,23,2
C00326801,2042018.0,5,2018,04,2
C00326801,2282018.0,10,2018,28,2
C00326801,2202018.0,50,2018,20,2
C00326801,2042018.0,92,2018,04,2
C00326801,2282018.0,500,2018,28,2
C00326801,2112018.0,4,2018,11,2
C00326801,2252018.0,10,2018,25,2
C00326801,2252018.0,5,2018,25,2
C00326801,2252018.0,10,2018,25,2
C00326801,2042018.0,10,2018,04,2
C00326801,2282018.0,10,2018,28,2
C00326801,2232018.0,120,2018,23,2
C00326801,2112018.0,25,2018,11,2
C00326801,2112018.0,100,2018,11,2
C00326801,2182018.0,100,2018,18,2
C00326801,2252018.0,50,2018,25,2
C00326801,2232018.0,100,2018,23,2
C00326801,2252018.0,51,2018,25,2
C00326801,2112018.0,5,2018,11,2
C00326801,2042018.0,100,2018,04,2
C00326801,2232018.0,50,2018,23,2
C00326801,2252018.0,50,2018,25,2
C00326801,2252018.0,10,2018,25,2
C00326801,2252018.0,10,2018,25,2
C00326801,2282018.0,25,2018,28,2
C00326801,2232018.0,35,2018,23,2
C00326801,2232018.0,1000,2018,23,2
C00326801,2062018.0,250,2018,06,2
C00326801,2282018.0,500,2018,28,2
C00326801,2272018.0,25,2018,27,2
C00326801,2042018.0,25,2018,04,2
C00326801,2282018.0,25,2018,28,2
C00326801,2282018.0,27,2018,28,2
C00326801,2162018.0,50,2018,16,2
C00326801,2182018.0,1000,2018,18,2
C00326801,2092018.0,150,2018,09,2
C00326801,2042018.0,50,2018,04,2
C00326801,2252018.0,25,2018,25,2
C00326801,2282018.0,25,2018,28,2
C00326801,2122018.0,500,2018,12,2
C00326801,2232018.0,100,2018,23,2
C00326801,2232018.0,100,2018,23,2
C00326801,2042018.0,10,2018,04,2
C00326801,2232018.0,30,2018,23,2
C00326801,2132018.0,250,2018,13,2
C00326801,2262018.0,100,2018,26,2
C00326801,2282018.0,25,2018,28,2
C00326801,2042018.0,7,2018,04,2
C00326801,2042018.0,5,2018,04,2
C00326801,2252018.0,50,2018,25,2
C00326801,2232018.0,100,2018,23,2
C00326801,2232018.0,50,2018,23,2
C00326801,2112018.0,10,2018,11,2
C00326801,2282018.0,5,2018,28,2
C00326801,2262018.0,25,2018,26,2
C00326801,2042018.0,25,2018,04,2
C00326801,2042018.0,10,2018,04,2
C00326801,2252018.0,10,2018,25,2
C00326801,2282018.0,10,2018,28,2
C00326801,2262018.0,50,2018,26,2
C00326801,2152018.0,100,2018,15,2
C00326801,2282018.0,25,2018,28,2
C00326801,2112018.0,500,2018,11,2
C00326801,2202018.0,50,2018,20,2
C00326801,2182018.0,15,2018,18,2
C00326801,2252018.0,5,2018,25,2
C00326801,2282018.0,30,2018,28,2
C00326801,2262018.0,50,2018,26,2
C00326801,2182018.0,1000,2018,18,2
C00326801,2182018.0,10,2018,18,2
C00326801,2232018.0,150,2018,23,2
C00326801,2042018.0,100,2018,04,2
C00326801,2182018.0,100,2018,18,2
C00326801,2112018.0,25,2018,11,2
C00326801,2252018.0,100,2018,25,2
C00326801,2252018.0,25,2018,25,2
C00326801,2252018.0,75,2018,25,2
C00326801,2282018.0,100,2018,28,2
C00326801,2282018.0,100,2018,28,2
C00326801,2182018.0,500,2018,18,2
C00326801,2252018.0,25,2018,25,2
C00326801,2052018.0,150,2018,05,2
C00326801,2172018.0,150,2018,17,2
C00326801,2182018.0,10,2018,18,2
C00326801,2232018.0,75,2018,23,2
C00326801,2022018.0,100,2018,02,2
C00326801,2082018.0,50,2018,08,2
C00326801,2112018.0,100,2018,11,2
C00326801,2112018.0,100,2018,11,2
C00326801,2162018.0,2700,2018,16,2
C00326801,2042018.0,10,2018,04,2
C00326801,2052018.0,15,2018,05,2
C00326801,2112018.0,25,2018,11,2
C00326801,2182018.0,10,2018,18,2
C00326801,2082018.0,100,2018,08,2
C00326801,2282018.0,25,2018,28,2
C00326801,2112018.0,100,2018,11,2
C00326801,2202018.0,50,2018,20,2
C00326801,2022018.0,35,2018,02,2
C00326801,2222018.0,50,2018,22,2
C00326801,2262018.0,50,2018,26,2
C00326801,2232018.0,100,2018,23,2
C00326801,2262018.0,150,2018,26,2
C00326801,2092018.0,100,2018,09,2
C00326801,2112018.0,8,2018,11,2
C00326801,2112018.0,11,2018,11,2
C00326801,2252018.0,15,2018,25,2
C00326801,2082018.0,50,2018,08,2
C00326801,2262018.0,25,2018,26,2
C00326801,2042018.0,25,2018,04,2
C00326801,2182018.0,250,2018,18,2
C00326801,2232018.0,40,2018,23,2
C00326801,2222018.0,100,2018,22,2
C00326801,2112018.0,12,2018,11,2
C00326801,2042018.0,100,2018,04,2
C00326801,2182018.0,5,2018,18,2
C00326801,2042018.0,12,2018,04,2
C00326801,2042018.0,50,2018,04,2
C00326801,2112018.0,250,2018,11,2
C00326801,2252018.0,10,2018,25,2
C00326801,2182018.0,50,2018,18,2
C00326801,2262018.0,25,2018,26,2
C00326801,2282018.0,5,2018,28,2
C00326801,2262018.0,50,2018,26,2
C00326801,2272018.0,1000,2018,27,2
C00326801,2252018.0,10,2018,25,2
C00326801,2202018.0,50,2018,20,2
C00326801,2252018.0,10,2018,25,2
C00326801,2042018.0,150,2018,04,2
C00326801,2232018.0,100,2018,23,2
C00326801,2122018.0,50,2018,12,2
C00326801,2042018.0,50,2018,04,2
C00326801,2042018.0,25,2018,04,2
C00326801,2112018.0,25,2018,11,2
C00326801,2182018.0,35,2018,18,2
C00326801,2042018.0,15,2018,04,2
C00326801,2232018.0,300,2018,23,2
C00326801,2252018.0,1000,2018,25,2
C00326801,2272018.0,25,2018,27,2
C00326801,2212018.0,100,2018,21,2
C00326801,2112018.0,5,2018,11,2
C00326801,2202018.0,75,2018,20,2
C00326801,2042018.0,270,2018,04,2
C00326801,2252018.0,25,2018,25,2
C00326801,2042018.0,25,2018,04,2
C00326801,2252018.0,25,2018,25,2
C00326801,2282018.0,25,2018,28,2
C00326801,2042018.0,500,2018,04,2
C00326801,2252018.0,25,2018,25,2
C00326801,2252018.0,50,2018,25,2
C00326801,2042018.0,500,2018,04,2
C00326801,2182018.0,2,2018,18,2
C00326801,2182018.0,2,2018,18,2
C00326801,2182018.0,2,2018,18,2
C00326801,2182018.0,2,2018,18,2
C00326801,2252018.0,1,2018,25,2
C00326801,2252018.0,1,2018,25,2
C00326801,2272018.0,150,2018,27,2
C00326801,2252018.0,10,2018,25,2
C00326801,2202018.0,25,2018,20,2
C00326801,2112018.0,25,2018,11,2
C00326801,2202018.0,15,2018,20,2
C00326801,2042018.0,500,2018,04,2
C00326801,2042018.0,26,2018,04,2
C00326801,2222018.0,20,2018,22,2
C00326801,2112018.0,511,2018,11,2
C00326801,2142018.0,100,2018,14,2
C00326801,2252018.0,1000,2018,25,2
C00326801,2252018.0,9,2018,25,2
C00326801,2262018.0,18,2018,26,2
C00326801,2042018.0,300,2018,04,2
C00326801,2282018.0,25,2018,28,2
C00326801,2042018.0,25,2018,04,2
C00326801,2202018.0,250,2018,20,2
C00326801,2122018.0,25,2018,12,2
C00326801,2152018.0,25,2018,15,2
C00326801,2202018.0,25,2018,20,2
C00326801,2042018.0,450,2018,04,2
C00326801,2042018.0,550,2018,04,2
C00326801,2042018.0,10,2018,04,2
C00326801,2042018.0,250,2018,04,2
C00326801,2042018.0,25,2018,04,2
C00326801,2282018.0,25,2018,28,2
C00326801,2202018.0,50,2018,20,2
C00326801,2042018.0,500,2018,04,2
C00326801,2112018.0,200,2018,11,2
C00326801,2122018.0,300,2018,12,2
C00326801,2282018.0,5,2018,28,2
C00326801,2272018.0,100,2018,27,2
C00326801,2042018.0,25,2018,04,2
C00326801,2182018.0,25,2018,18,2
C00326801,2262018.0,250,2018,26,2
C00326801,2212018.0,500,2018,21,2
C00326801,2222018.0,500,2018,22,2
C00326801,2042018.0,151,2018,04,2
C00326801,2252018.0,5,2018,25,2
C00326801,2272018.0,50,2018,27,2
C00326801,2282018.0,50,2018,28,2
C00326801,2112018.0,50,2018,11,2
C00326801,2232018.0,50,2018,23,2
C00326801,2252018.0,250,2018,25,2
C00326801,2112018.0,25,2018,11,2
C00326801,2112018.0,100,2018,11,2
C00326801,2112018.0,10,2018,11,2
C00326801,2112018.0,2,2018,11,2
C00326801,2112018.0,5,2018,11,2
C00326801,2112018.0,5,2018,11,2
C00326801,2182018.0,1,2018,18,2
C00326801,2202018.0,50,2018,20,2
C00326801,2042018.0,25,2018,04,2
C00326801,2062018.0,100,2018,06,2
C00326801,2282018.0,25,2018,28,2
C00326801,2092018.0,50,2018,09,2
C00326801,2232018.0,50,2018,23,2
C00326801,2032018.0,25,2018,03,2
C00326801,2182018.0,200,2018,18,2
C00326801,2042018.0,25,2018,04,2
C00326801,2252018.0,25,2018,25,2
C00326801,2112018.0,500,2018,11,2
C00326801,2112018.0,100,2018,11,2
C00326801,2272018.0,35,2018,27,2
C00326801,2222018.0,1000,2018,22,2
C00326801,2062018.0,100,2018,06,2
C00326801,2042018.0,25,2018,04,2
C00326801,2042018.0,25,2018,04,2
C00326801,2112018.0,210,2018,11,2
C00326801,2182018.0,10,2018,18,2
C00326801,2282018.0,25,2018,28,2
C00326801,2252018.0,100,2018,25,2
C00326801,2232018.0,300,2018,23,2
C00326801,2112018.0,100,2018,11,2
C00326801,2042018.0,23,2018,04,2
C00326801,2282018.0,12,2018,28,2
C00326801,2282018.0,23,2018,28,2
C00326801,2042018.0,10,2018,04,2
C00326801,2182018.0,10,2018,18,2
C00326801,2042018.0,25,2018,04,2
C00326801,2272018.0,10,2018,27,2
C00326801,2272018.0,25,2018,27,2
C00326801,2042018.0,25,2018,04,2
C00326801,2252018.0,25,2018,25,2
C00326801,2042018.0,40,2018,04,2
C00326801,2282018.0,40,2018,28,2
C00326801,2252018.0,250,2018,25,2
C00326801,2042018.0,25,2018,04,2
C00326801,2042018.0,10,2018,04,2
C00326801,2062018.0,20,2018,06,2
C00326801,2022018.0,500,2018,02,2
C00326801,2022018.0,500,2018,02,2
C00326801,2042018.0,300,2018,04,2
C00326801,2202018.0,100,2018,20,2
C00326801,2252018.0,25,2018,25,2
C00326801,2042018.0,5,2018,04,2
C00326801,2042018.0,5,2018,04,2
C00326801,2112018.0,5,2018,11,2
C00326801,2112018.0,10,2018,11,2
C00326801,2282018.0,100,2018,28,2
C00326801,2122018.0,250,2018,12,2
C00326801,2112018.0,7,2018,11,2
C00326801,2182018.0,7,2018,18,2
C00326801,2182018.0,7,2018,18,2
C00326801,2182018.0,10,2018,18,2
C00326801,2252018.0,10,2018,25,2
C00326801,2252018.0,25,2018,25,2
C00326801,2282018.0,5,2018,28,2
C00326801,2282018.0,25,2018,28,2
C00326801,2042018.0,300,2018,04,2
C00326801,2042018.0,25,2018,04,2
C00326801,2112018.0,50,2018,11,2
C00326801,2042018.0,10,2018,04,2
C00326801,2272018.0,5,2018,27,2
C00326801,2282018.0,10,2018,28,2
C00326801,2252018.0,5,2018,25,2
C00326801,2252018.0,5,2018,25,2
C00326801,2252018.0,5,2018,25,2
C00326801,2252018.0,10,2018,25,2
C00326801,2232018.0,50,2018,23,2
C00326801,2272018.0,200,2018,27,2
C00326801,2062018.0,500,2018,06,2
C00326801,2012018.0,100,2018,01,2
C00326801,2062018.0,200,2018,06,2
C00326801,2222018.0,100,2018,22,2
C00326801,2132018.0,50,2018,13,2
C00326801,2042018.0,50,2018,04,2
C00326801,2252018.0,200,2018,25,2
C00326801,2182018.0,10,2018,18,2
C00326801,2182018.0,25,2018,18,2
C00326801,2182018.0,10,2018,18,2
C00326801,2182018.0,5,2018,18,2
C00326801,2252018.0,15,2018,25,2
C00326801,2272018.0,10,2018,27,2
C00326801,2042018.0,50,2018,04,2
C00326801,2282018.0,50,2018,28,2
C00326801,2182018.0,500,2018,18,2
C00326801,2262018.0,100,2018,26,2
C00326801,2132018.0,75,2018,13,2
C00326801,2062018.0,50,2018,06,2
C00326801,2262018.0,500,2018,26,2
C00326801,2112018.0,5,2018,11,2
C00326801,2272018.0,5,2018,27,2
C00326801,2282018.0,20,2018,28,2
C00326801,2282018.0,25,2018,28,2
C00326801,2042018.0,10,2018,04,2
C00326801,2262018.0,5,2018,26,2
C00326801,2042018.0,10,2018,04,2
C00326801,2112018.0,5,2018,11,2
C00326801,2152018.0,50,2018,15,2
C00326801,2042018.0,20,2018,04,2
C00326801,2282018.0,50,2018,28,2
C00326801,2222018.0,100,2018,22,2
C00326801,2202018.0,50,2018,20,2
C00326801,2042018.0,5,2018,04,2
C00326801,2222018.0,500,2018,22,2
C00326801,2252018.0,25,2018,25,2
C00326801,2182018.0,15,2018,18,2
C00326801,2182018.0,25,2018,18,2
C00326801,2232018.0,2700,2018,23,2
C00326801,2062018.0,250,2018,06,2
C00326801,2252018.0,5,2018,25,2
C00326801,2112018.0,25,2018,11,2
C00326801,2252018.0,25,2018,25,2
C00326801,2262018.0,5,2018,26,2
C00326801,2252018.0,75,2018,25,2
C00326801,2182018.0,25,2018,18,2
C00326801,2182018.0,100,2018,18,2
C00326801,2202018.0,100,2018,20,2
C00326801,2272018.0,50,2018,27,2
C00326801,2182018.0,100,2018,18,2
C00326801,2112018.0,50,2018,11,2
C00326801,2232018.0,252,2018,23,2
C00326801,2202018.0,400,2018,20,2
C00326801,2202018.0,100,2018,20,2
C00326801,2182018.0,500,2018,18,2
C00326801,2262018.0,50,2018,26,2
C00326801,2112018.0,111,2018,11,2
C00326801,2252018.0,100,2018,25,2
C00326801,2282018.0,100,2018,28,2
C00326801,2022018.0,100,2018,02,2
C00326801,2202018.0,100,2018,20,2
C00326801,2112018.0,112,2018,11,2
C00326801,2232018.0,200,2018,23,2
C00326801,2112018.0,50,2018,11,2
C00326801,2272018.0,25,2018,27,2
C00326801,2232018.0,35,2018,23,2
C00326801,2022018.0,50,2018,02,2
C00326801,2112018.0,1,2018,11,2
C00326801,2112018.0,2,2018,11,2
C00326801,2112018.0,2,2018,11,2
C00326801,2112018.0,2,2018,11,2
C00326801,2112018.0,2,2018,11,2
C00326801,2112018.0,1,2018,11,2
C00326801,2112018.0,2,2018,11,2
C00326801,2252018.0,100,2018,25,2
C00326801,2262018.0,400,2018,26,2
C00326801,2262018.0,600,2018,26,2
C00326801,2252018.0,50,2018,25,2
C00326801,2112018.0,25,2018,11,2
C00326801,2222018.0,50,2018,22,2
C00326801,2282018.0,100,2018,28,2
C00326801,2062018.0,35,2018,06,2
C00326801,2252018.0,500,2018,25,2
C00326801,2262018.0,5,2018,26,2
C00326801,2042018.0,25,2018,04,2
C00326801,2062018.0,100,2018,06,2
C00326801,2202018.0,50,2018,20,2
C00326801,2112018.0,10,2018,11,2
C00326801,2112018.0,25,2018,11,2
C00326801,2252018.0,10,2018,25,2
C00326801,2252018.0,10,2018,25,2
C00326801,2182018.0,100,2018,18,2
C00326801,2272018.0,100,2018,27,2
C00326801,2202018.0,100,2018,20,2
C00326801,2112018.0,150,2018,11,2
C00326801,2212018.0,50,2018,21,2
C00326801,2092018.0,25,2018,09,2
C00326801,2042018.0,2700,2018,04,2
C00326801,2112018.0,25,2018,11,2
C00326801,2282018.0,10,2018,28,2
C00326801,2282018.0,50,2018,28,2
C00326801,2202018.0,35,2018,20,2
C00326801,2282018.0,200,2018,28,2
C00326801,2252018.0,25,2018,25,2
C00326801,2042018.0,19,2018,04,2
C00326801,2042018.0,20,2018,04,2
C00326801,2182018.0,25,2018,18,2
C00326801,2282018.0,20,2018,28,2
C00326801,2082018.0,35,2018,08,2
C00326801,2202018.0,35,2018,20,2
C00326801,2042018.0,5,2018,04,2
C00326801,2042018.0,5,2018,04,2
C00326801,2112018.0,5,2018,11,2
C00326801,2182018.0,5,2018,18,2
C00326801,2282018.0,5,2018,28,2
C00326801,2282018.0,100,2018,28,2
C00326801,2202018.0,100,2018,20,2
C00326801,2252018.0,2,2018,25,2
C00326801,2272018.0,20,2018,27,2
C00326801,2182018.0,125,2018,18,2
C00326801,2202018.0,35,2018,20,2
C00326801,2182018.0,25,2018,18,2
C00326801,2042018.0,2700,2018,04,2
C00326801,2232018.0,100,2018,23,2
C00326801,2272018.0,100,2018,27,2
C00326801,2252018.0,25,2018,25,2
C00326801,2202018.0,250,2018,20,2
C00326801,2282018.0,5,2018,28,2
C00326801,2182018.0,20,2018,18,2
C00326801,2182018.0,5,2018,18,2
C00326801,2112018.0,112,2018,11,2
C00326801,2202018.0,50,2018,20,2
C00326801,2262018.0,200,2018,26,2
C00326801,2052018.0,400,2018,05,2
C00326801,2252018.0,100,2018,25,2
C00326801,2232018.0,100,2018,23,2
C00326801,2042018.0,100,2018,04,2
C00326801,2042018.0,10,2018,04,2
C00326801,2042018.0,200,2018,04,2
C00326801,2252018.0,20,2018,25,2
C00326801,2232018.0,50,2018,23,2
C00326801,2042018.0,25,2018,04,2
C00326801,2112018.0,11,2018,11,2
C00326801,2252018.0,100,2018,25,2
C00326801,2042018.0,25,2018,04,2
C00326801,2112018.0,5,2018,11,2
C00326801,2082018.0,35,2018,08,2
C00326801,2042018.0,25,2018,04,2
C00326801,2182018.0,100,2018,18,2
C00326801,2202018.0,150,2018,20,2
C00326801,2262018.0,50,2018,26,2
C00326801,2282018.0,25,2018,28,2
C00326801,2222018.0,100,2018,22,2
C00326801,2182018.0,25,2018,18,2
C00326801,2042018.0,200,2018,04,2
C00326801,2112018.0,25,2018,11,2
C00326801,2182018.0,12,2018,18,2
C00326801,2262018.0,35,2018,26,2
C00326801,2222018.0,100,2018,22,2
C00326801,2232018.0,200,2018,23,2
C00326801,2282018.0,25,2018,28,2
C00326801,2232018.0,250,2018,23,2
C00326801,2112018.0,10,2018,11,2
C00326801,2112018.0,10,2018,11,2
C00326801,2042018.0,10,2018,04,2
C00326801,2042018.0,10,2018,04,2
C00326801,2202018.0,35,2018,20,2
C00326801,2062018.0,75,2018,06,2
C00326801,2282018.0,25,2018,28,2
C00326801,2042018.0,5,2018,04,2
C00326801,2182018.0,100,2018,18,2
C00326801,2042018.0,10,2018,04,2
C00326801,2042018.0,15,2018,04,2
C00326801,2282018.0,10,2018,28,2
C00326801,2282018.0,15,2018,28,2
C00326801,2042018.0,25,2018,04,2
C00326801,2112018.0,80,2018,11,2
C00326801,2082018.0,200,2018,08,2
C00326801,2112018.0,80,2018,11,2
C00326801,2202018.0,100,2018,20,2
C00326801,2182018.0,500,2018,18,2
C00326801,2182018.0,5,2018,18,2
C00326801,2112018.0,50,2018,11,2
C00326801,2262018.0,20,2018,26,2
C00326801,2182018.0,1,2018,18,2
C00326801,2252018.0,1,2018,25,2
C00326801,2252018.0,2,2018,25,2
C00326801,2282018.0,50,2018,28,2
C00326801,2272018.0,25,2018,27,2
C00326801,2202018.0,100,2018,20,2
C00326801,2112018.0,21,2018,11,2
C00326801,2282018.0,10,2018,28,2
C00326801,2222018.0,50,2018,22,2
C00326801,2042018.0,25,2018,04,2
C00326801,2042018.0,25,2018,04,2
C00326801,2112018.0,10,2018,11,2
C00326801,2042018.0,25,2018,04,2
C00326801,2252018.0,5,2018,25,2
C00326801,2282018.0,25,2018,28,2
C00326801,2282018.0,25,2018,28,2
C00326801,2202018.0,50,2018,20,2
C00326801,2132018.0,500,2018,13,2
C00326801,2252018.0,100,2018,25,2
C00326801,2182018.0,25,2018,18,2
C00326801,2232018.0,100,2018,23,2
C00326801,2232018.0,50,2018,23,2
C00326801,2042018.0,100,2018,04,2
C00326801,2282018.0,100,2018,28,2
C00326801,2042018.0,25,2018,04,2
C00326801,2182018.0,25,2018,18,2
C00326801,2252018.0,5,2018,25,2
C00326801,2042018.0,100,2018,04,2
C00326801,2112018.0,51,2018,11,2
C00326801,2182018.0,100,2018,18,2
C00326801,2252018.0,200,2018,25,2
C00326801,2202018.0,100,2018,20,2
C00326801,2262018.0,100,2018,26,2
C00326801,2112018.0,25,2018,11,2
C00326801,2282018.0,50,2018,28,2
C00326801,2042018.0,100,2018,04,2
C00326801,2042018.0,50,2018,04,2
C00326801,2112018.0,100,2018,11,2
C00326801,2112018.0,5,2018,11,2
C00326801,2252018.0,100,2018,25,2
C00326801,2222018.0,100,2018,22,2
C00326801,2252018.0,25,2018,25,2
C00326801,2262018.0,200,2018,26,2
C00326801,2202018.0,100,2018,20,2
C00326801,2202018.0,35,2018,20,2
C00326801,2042018.0,10,2018,04,2
C00326801,2112018.0,10,2018,11,2
C00326801,2232018.0,20,2018,23,2
C00326801,2042018.0,50,2018,04,2
C00326801,2282018.0,50,2018,28,2
C00326801,2042018.0,100,2018,04,2
C00326801,2182018.0,5,2018,18,2
C00326801,2262018.0,100,2018,26,2
C00326801,2132018.0,500,2018,13,2
C00326801,2112018.0,25,2018,11,2
C00326801,2112018.0,5,2018,11,2
C00326801,2282018.0,20,2018,28,2
C00326801,2112018.0,25,2018,11,2
C00326801,2262018.0,25,2018,26,2
C00326801,2042018.0,100,2018,04,2
C00326801,2042018.0,100,2018,04,2
C00326801,2042018.0,100,2018,04,2
C00326801,2262018.0,250,2018,26,2
C00326801,2122018.0,300,2018,12,2
C00326801,2222018.0,900,2018,22,2
C00326801,2222018.0,100,2018,22,2
C00326801,2042018.0,50,2018,04,2
C00326801,2182018.0,50,2018,18,2
C00326801,2112018.0,25,2018,11,2
C00326801,2062018.0,250,2018,06,2
C00326801,2122018.0,100,2018,12,2
C00326801,2252018.0,50,2018,25,2
C00326801,2282018.0,5,2018,28,2
C00326801,2282018.0,250,2018,28,2
C00326801,2052018.0,35,2018,05,2
C00326801,2042018.0,50,2018,04,2
C00326801,2282018.0,100,2018,28,2
C00326801,2262018.0,25,2018,26,2
C00326801,2042018.0,10,2018,04,2
C00326801,2282018.0,10,2018,28,2
C00326801,2282018.0,10,2018,28,2
C00326801,2202018.0,25,2018,20,2
C00326801,2202018.0,100,2018,20,2
C00326801,2282018.0,25,2018,28,2
C00326801,2042018.0,10,2018,04,2
C00326801,2112018.0,10,2018,11,2
C00326801,2282018.0,10,2018,28,2
C00326801,2282018.0,100,2018,28,2
C00326801,2232018.0,30,2018,23,2
C00326801,2202018.0,100,2018,20,2
C00326801,2202018.0,300,2018,20,2
C00326801,2282018.0,5,2018,28,2
C00326801,2182018.0,50,2018,18,2
C00326801,2252018.0,25,2018,25,2
C00326801,2252018.0,5,2018,25,2
C00326801,2042018.0,20,2018,04,2
C00326801,2252018.0,200,2018,25,2
C00326801,2282018.0,40,2018,28,2
C00326801,2222018.0,150,2018,22,2
C00326801,2042018.0,25,2018,04,2
C00326801,2112018.0,25,2018,11,2
C00326801,2252018.0,50,2018,25,2
C00326801,2282018.0,500,2018,28,2
C00326801,2202018.0,1000,2018,20,2
C00326801,2182018.0,20,2018,18,2
C00326801,2262018.0,25,2018,26,2
C00326801,2042018.0,1000,2018,04,2
C00326801,2232018.0,50,2018,23,2
C00326801,2232018.0,200,2018,23,2
C00326801,2262018.0,35,2018,26,2
C00326801,2042018.0,10,2018,04,2
C00326801,2112018.0,10,2018,11,2
C00326801,2112018.0,12,2018,11,2
C00326801,2252018.0,100,2018,25,2
C00326801,2012018.0,300,2018,01,2
C00326801,2112018.0,294,2018,11,2
C00326801,2112018.0,2,2018,11,2
C00326801,2182018.0,2,2018,18,2
C00326801,2282018.0,25,2018,28,2
C00326801,2042018.0,50,2018,04,2
C00326801,2072018.0,25,2018,07,2
C00326801,2272018.0,1000,2018,27,2
C00326801,2042018.0,25,2018,04,2
C00326801,2252018.0,25,2018,25,2
C00326801,2282018.0,25,2018,28,2
C00326801,2232018.0,50,2018,23,2
C00326801,2062018.0,75,2018,06,2
C00326801,2042018.0,200,2018,04,2
C00326801,2112018.0,25,2018,11,2
C00326801,2042018.0,25,2018,04,2
C00326801,2282018.0,25,2018,28,2
C00326801,2262018.0,25,2018,26,2
C00326801,2042018.0,50,2018,04,2
C00326801,2282018.0,50,2018,28,2
C00326801,2252018.0,100,2018,25,2
C00326801,2262018.0,100,2018,26,2
C00326801,2112018.0,500,2018,11,2
C00326801,2232018.0,50,2018,23,2
C00326801,2042018.0,10,2018,04,2
C00326801,2182018.0,10,2018,18,2
C00326801,2042018.0,50,2018,04,2
C00326801,2112018.0,25,2018,11,2
C00326801,2252018.0,100,2018,25,2
C00326801,2202018.0,50,2018,20,2
C00326801,2252018.0,50,2018,25,2
C00326801,2042018.0,100,2018,04,2
C00326801,2222018.0,100,2018,22,2
C00326801,2042018.0,100,2018,04,2
C00326801,2012018.0,250,2018,01,2
C00326801,2282018.0,25,2018,28,2
C00326801,2112018.0,100,2018,11,2
C00326801,2252018.0,1000,2018,25,2
C00326801,2122018.0,100,2018,12,2
C00326801,2202018.0,250,2018,20,2
C00326801,2112018.0,10,2018,11,2
C00326801,2182018.0,3,2018,18,2
C00326801,2112018.0,10,2018,11,2
C00326801,2182018.0,10,2018,18,2
C00326801,2252018.0,5,2018,25,2
C00326801,2202018.0,100,2018,20,2
C00326801,2182018.0,1000,2018,18,2
C00326801,2182018.0,10,2018,18,2
C00326801,2202018.0,500,2018,20,2
C00326801,2042018.0,50,2018,04,2
C00326801,2112018.0,25,2018,11,2
C00326801,2182018.0,50,2018,18,2
C00326801,2252018.0,50,2018,25,2
C00326801,2122018.0,150,2018,12,2
C00326801,2202018.0,20,2018,20,2
C00326801,2042018.0,25,2018,04,2
C00326801,2132018.0,1000,2018,13,2
C00326801,2042018.0,25,2018,04,2
C00326801,2282018.0,25,2018,28,2
C00326801,2042018.0,1,2018,04,2
C00326801,2042018.0,1,2018,04,2
C00326801,2042018.0,1,2018,04,2
C00326801,2042018.0,1,2018,04,2
C00326801,2042018.0,2,2018,04,2
C00326801,2042018.0,1,2018,04,2
C00326801,2042018.0,1,2018,04,2
C00326801,2252018.0,51,2018,25,2
C00326801,2262018.0,100,2018,26,2
C00326801,2262018.0,250,2018,26,2
C00326801,2232018.0,100,2018,23,2
C00326801,2252018.0,25,2018,25,2
C00326801,2282018.0,25,2018,28,2
C00326801,2252018.0,50,2018,25,2
C00326801,2282018.0,10,2018,28,2
C00326801,2042018.0,20,2018,04,2
C00326801,2282018.0,20,2018,28,2
C00326801,2082018.0,25,2018,08,2
C00326801,2262018.0,25,2018,26,2
C00326801,2252018.0,1000,2018,25,2
C00326801,2082018.0,450,2018,08,2
C00326801,2252018.0,100,2018,25,2
C00326801,2182018.0,100,2018,18,2
C00326801,2282018.0,25,2018,28,2
C00326801,2252018.0,10,2018,25,2
C00326801,2232018.0,100,2018,23,2
C00326801,2012018.0,2,2018,01,2
C00326801,2232018.0,250,2018,23,2
C00326801,2252018.0,10,2018,25,2
C00326801,2112018.0,50,2018,11,2
C00326801,2042018.0,5,2018,04,2
C00326801,2042018.0,5,2018,04,2
C00326801,2042018.0,10,2018,04,2
C00326801,2042018.0,10,2018,04,2
C00326801,2112018.0,5,2018,11,2
C00326801,2012018.0,199,2018,01,2
C00326801,2162018.0,1000,2018,16,2
C00326801,2132018.0,50,2018,13,2
C00326801,2212018.0,50,2018,21,2
C00326801,2182018.0,35,2018,18,2
C00326801,2282018.0,10,2018,28,2
C00326801,2182018.0,400,2018,18,2
C00326801,2232018.0,50,2018,23,2
C00326801,2262018.0,10,2018,26,2
C00326801,2202018.0,100,2018,20,2
C00326801,2042018.0,35,2018,04,2
C00326801,2112018.0,21,2018,11,2
C00326801,2252018.0,35,2018,25,2
C00326801,2252018.0,3,2018,25,2
C00326801,2252018.0,5,2018,25,2
C00326801,2252018.0,1,2018,25,2
C00326801,2252018.0,1,2018,25,2
C00326801,2252018.0,1,2018,25,2
C00326801,2182018.0,50,2018,18,2
C00326801,2162018.0,250,2018,16,2
C00326801,2042018.0,500,2018,04,2
C00326801,2112018.0,5,2018,11,2
C00326801,2202018.0,35,2018,20,2
C00326801,2252018.0,100,2018,25,2
C00326801,2042018.0,5,2018,04,2
C00326801,2112018.0,5,2018,11,2
C00326801,2232018.0,150,2018,23,2
C00326801,2092018.0,250,2018,09,2
C00326801,2262018.0,50,2018,26,2
C00326801,2182018.0,200,2018,18,2
C00326801,2282018.0,100,2018,28,2
C00326801,2042018.0,300,2018,04,2
C00326801,2042018.0,50,2018,04,2
C00326801,2232018.0,35,2018,23,2
C00326801,2202018.0,100,2018,20,2
C00326801,2232018.0,55,2018,23,2
C00326801,2282018.0,50,2018,28,2
C00326801,2202018.0,50,2018,20,2
C00326801,2042018.0,83,2018,04,2
C00326801,2042018.0,250,2018,04,2
C00326801,2232018.0,100,2018,23,2
C00326801,2232018.0,50,2018,23,2
C00326801,2042018.0,25,2018,04,2
C00326801,2112018.0,25,2018,11,2
C00326801,2252018.0,25,2018,25,2
C00326801,2112018.0,5,2018,11,2
C00326801,2042018.0,100,2018,04,2
C00326801,2022018.0,100,2018,02,2
C00326801,2202018.0,75,2018,20,2
C00326801,2112018.0,25,2018,11,2
C00326801,2112018.0,12,2018,11,2
C00326801,2112018.0,50,2018,11,2
C00326801,2282018.0,50,2018,28,2
C00326801,2202018.0,25,2018,20,2
C00326801,2112018.0,5,2018,11,2
C00326801,2252018.0,25,2018,25,2
C00326801,2282018.0,50,2018,28,2
C00326801,2062018.0,35,2018,06,2
C00326801,2282018.0,200,2018,28,2
C00326801,2282018.0,100,2018,28,2
C00326801,2232018.0,100,2018,23,2
C00326801,2202018.0,200,2018,20,2
C00326801,2282018.0,100,2018,28,2
C00326801,2122018.0,100,2018,12,2
C00326801,2282018.0,100,2018,28,2
C00326801,2112018.0,51,2018,11,2
C00326801,2262018.0,150,2018,26,2
C00326801,2042018.0,13,2018,04,2
C00326801,2282018.0,13,2018,28,2
C00326801,2262018.0,20,2018,26,2
C00326801,2182018.0,100,2018,18,2
C00326801,2232018.0,5,2018,23,2
C00326801,2232018.0,50,2018,23,2
C00326801,2112018.0,50,2018,11,2
C00326801,2182018.0,25,2018,18,2
C00326801,2182018.0,125,2018,18,2
C00326801,2042018.0,100,2018,04,2
C00326801,2112018.0,15,2018,11,2
C00326801,2182018.0,250,2018,18,2
C00326801,2112018.0,10,2018,11,2
C00326801,2112018.0,12,2018,11,2
C00326801,2282018.0,5,2018,28,2
C00326801,2042018.0,50,2018,04,2
C00326801,2282018.0,50,2018,28,2
C00326801,2162018.0,500,2018,16,2
C00326801,2182018.0,100,2018,18,2
C00326801,2252018.0,5,2018,25,2
C00326801,2182018.0,10,2018,18,2
C00326801,2282018.0,1000,2018,28,2
C00326801,2282018.0,300,2018,28,2
C00326801,2202018.0,35,2018,20,2
C00326801,2042018.0,1,2018,04,2
C00326801,2042018.0,5,2018,04,2
C00326801,2022018.0,100,2018,02,2
C00326801,2022018.0,50,2018,02,2
C00326801,2202018.0,100,2018,20,2
C00326801,2202018.0,100,2018,20,2
C00326801,2112018.0,500,2018,11,2
C00326801,2042018.0,5,2018,04,2
C00326801,2112018.0,5,2018,11,2
C00326801,2282018.0,5,2018,28,2
C00326801,2272018.0,100,2018,27,2
C00326801,2252018.0,20,2018,25,2
C00326801,2252018.0,200,2018,25,2
C00326801,2042018.0,10,2018,04,2
C00326801,2252018.0,10,2018,25,2
C00326801,2262018.0,10,2018,26,2
C00326801,2272018.0,5,2018,27,2
C00326801,2232018.0,100,2018,23,2
C00326801,2182018.0,25,2018,18,2
C00326801,2222018.0,100,2018,22,2
C00326801,2112018.0,2,2018,11,2
C00326801,2222018.0,75,2018,22,2
C00326801,2252018.0,500,2018,25,2
C00326801,2182018.0,500,2018,18,2
C00326801,2282018.0,25,2018,28,2
C00326801,2062018.0,100,2018,06,2
C00326801,2222018.0,100,2018,22,2
C00326801,2112018.0,50,2018,11,2
C00326801,2272018.0,250,2018,27,2
C00326801,2202018.0,100,2018,20,2
C00326801,2042018.0,10,2018,04,2
C00326801,2282018.0,10,2018,28,2
C00326801,2042018.0,2,2018,04,2
C00326801,2252018.0,50,2018,25,2
C00326801,2282018.0,2,2018,28,2
C00326801,2082018.0,50,2018,08,2
C00326801,2042018.0,5,2018,04,2
C00326801,2182018.0,10,2018,18,2
C00326801,2252018.0,25,2018,25,2
C00326801,2182018.0,100,2018,18,2
C00326801,2132018.0,1500,2018,13,2
C00326801,2262018.0,250,2018,26,2
C00326801,2112018.0,5,2018,11,2
C00326801,2282018.0,5,2018,28,2
C00326801,2232018.0,250,2018,23,2
C00326801,2112018.0,50,2018,11,2
C00326801,2232018.0,100,2018,23,2
C00326801,2222018.0,250,2018,22,2
C00326801,2082018.0,400,2018,08,2
C00326801,2202018.0,50,2018,20,2
C00326801,2112018.0,100,2018,11,2
C00326801,2232018.0,100,2018,23,2
C00326801,2232018.0,250,2018,23,2
C00326801,2202018.0,50,2018,20,2
C00326801,2252018.0,51,2018,25,2
C00326801,2202018.0,50,2018,20,2
C00326801,2052018.0,50,2018,05,2
C00326801,2232018.0,150,2018,23,2
C00326801,2062018.0,1000,2018,06,2
C00326801,2252018.0,3,2018,25,2
C00326801,2042018.0,25,2018,04,2
C00326801,2182018.0,500,2018,18,2
C00326801,2252018.0,2700,2018,25,2
C00326801,2042018.0,50,2018,04,2
C00326801,2182018.0,15,2018,18,2
C00326801,2042018.0,207,2018,04,2
C00326801,2042018.0,50,2018,04,2
C00326801,2182018.0,25,2018,18,2
C00326801,2252018.0,25,2018,25,2
C00326801,2112018.0,705,2018,11,2
C00326801,2252018.0,25,2018,25,2
C00326801,2252018.0,25,2018,25,2
C00326801,2182018.0,25,2018,18,2
C00326801,2112018.0,5,2018,11,2
C00326801,2112018.0,200,2018,11,2
C00326801,2182018.0,100,2018,18,2
C00326801,2202018.0,70,2018,20,2
C00326801,2202018.0,50,2018,20,2
C00326801,2042018.0,25,2018,04,2
C00326801,2282018.0,25,2018,28,2
C00326801,2162018.0,75,2018,16,2
C00326801,2042018.0,5,2018,04,2
C00326801,2182018.0,5,2018,18,2
C00326801,2202018.0,50,2018,20,2
C00326801,2112018.0,200,2018,11,2
C00326801,2232018.0,35,2018,23,2
C00326801,2202018.0,100,2018,20,2
C00326801,2012018.0,150,2018,01,2
C00326801,2252018.0,5,2018,25,2
C00326801,2082018.0,500,2018,08,2
C00326801,2042018.0,1,2018,04,2
C00326801,2042018.0,33,2018,04,2
C00326801,2252018.0,25,2018,25,2
C00326801,2232018.0,25,2018,23,2
C00326801,2042018.0,25,2018,04,2
C00326801,2042018.0,100,2018,04,2
C00326801,2042018.0,200,2018,04,2
C00326801,2202018.0,50,2018,20,2
C00326801,2122018.0,50,2018,12,2
C00326801,2102018.0,100,2018,10,2
C00326801,2262018.0,250,2018,26,2
C00326801,2062018.0,100,2018,06,2
C00326801,2042018.0,100,2018,04,2
C00326801,2112018.0,51,2018,11,2
C00326801,2112018.0,25,2018,11,2
C00326801,2042018.0,30,2018,04,2
C00326801,2042018.0,100,2018,04,2
C00326801,2042018.0,1,2018,04,2
C00326801,2042018.0,1,2018,04,2
C00326801,2042018.0,25,2018,04,2
C00326801,2272018.0,5,2018,27,2
C00326801,2282018.0,25,2018,28,2
C00326801,2252018.0,5,2018,25,2
C00326801,2262018.0,150,2018,26,2
C00326801,2112018.0,1250,2018,11,2
C00326801,2222018.0,25,2018,22,2
C00326801,2012018.0,500,2018,01,2
C00326801,2202018.0,35,2018,20,2
C00326801,2252018.0,10,2018,25,2
C00326801,2252018.0,25,2018,25,2
C00326801,2112018.0,5,2018,11,2
C00326801,2262018.0,5,2018,26,2
C00326801,2042018.0,100,2018,04,2
C00326801,2112018.0,11,2018,11,2
C00326801,2042018.0,7,2018,04,2
C00326801,2042018.0,15,2018,04,2
C00326801,2042018.0,25,2018,04,2
C00326801,2112018.0,11,2018,11,2
C00326801,2252018.0,10,2018,25,2
C00326801,2042018.0,100,2018,04,2
C00326801,2172018.0,25,2018,17,2
C00326801,2042018.0,200,2018,04,2
C00326801,2282018.0,100,2018,28,2
C00326801,2042018.0,100,2018,04,2
C00326801,2182018.0,100,2018,18,2
C00326801,2282018.0,100,2018,28,2
C00326801,2072018.0,200,2018,07,2
C00326801,2122018.0,50,2018,12,2
C00326801,2232018.0,35,2018,23,2
C00326801,2112018.0,10,2018,11,2
C00326801,2182018.0,25,2018,18,2
C00326801,2232018.0,250,2018,23,2
C00326801,2262018.0,50,2018,26,2
C00326801,2042018.0,19,2018,04,2
C00326801,2092018.0,50,2018,09,2
C00326801,2252018.0,10,2018,25,2
C00326801,2112018.0,11,2018,11,2
C00326801,2112018.0,250,2018,11,2
C00326801,2202018.0,100,2018,20,2
C00326801,2252018.0,8,2018,25,2
C00326801,2262018.0,25,2018,26,2
C00326801,2282018.0,25,2018,28,2
C00326801,2202018.0,350,2018,20,2
C00326801,2202018.0,50,2018,20,2
C00326801,2202018.0,35,2018,20,2
C00326801,2232018.0,200,2018,23,2
C00326801,2042018.0,10,2018,04,2
C00326801,2112018.0,5,2018,11,2
C00326801,2252018.0,10,2018,25,2
C00326801,2282018.0,10,2018,28,2
C00326801,2272018.0,25,2018,27,2
C00326801,2182018.0,8,2018,18,2
C00326801,2042018.0,10,2018,04,2
C00326801,2122018.0,50,2018,12,2
C00326801,2202018.0,50,2018,20,2
C00326801,2252018.0,25,2018,25,2
C00326801,2202018.0,100,2018,20,2
C00326801,2252018.0,10,2018,25,2
C00326801,2272018.0,10,2018,27,2
C00326801,2042018.0,300,2018,04,2
C00326801,2262018.0,50,2018,26,2
C00326801,2012018.0,75,2018,01,2
C00326801,2262018.0,50,2018,26,2
C00326801,2012018.0,50,2018,01,2
C00326801,2262018.0,2000,2018,26,2
C00326801,2042018.0,25,2018,04,2
C00326801,2272018.0,25,2018,27,2
C00326801,2262018.0,250,2018,26,2
C00326801,2182018.0,10,2018,18,2
C00326801,2162018.0,75,2018,16,2
C00326801,2202018.0,200,2018,20,2
C00326801,2082018.0,500,2018,08,2
C00326801,2252018.0,50,2018,25,2
C00326801,2262018.0,50,2018,26,2
C00326801,2232018.0,1200,2018,23,2
C00326801,2092018.0,500,2018,09,2
C00326801,2042018.0,2,2018,04,2
C00326801,2042018.0,5,2018,04,2
C00326801,2162018.0,50,2018,16,2
C00326801,2062018.0,25,2018,06,2
C00326801,2042018.0,25,2018,04,2
C00326801,2282018.0,25,2018,28,2
C00326801,2112018.0,100,2018,11,2
C00326801,2062018.0,100,2018,06,2
C00326801,2092018.0,500,2018,09,2
C00326801,2252018.0,50,2018,25,2
C00326801,2282018.0,50,2018,28,2
C00326801,2262018.0,32,2018,26,2
C00326801,2022018.0,100,2018,02,2
C00326801,2042018.0,50,2018,04,2
C00326801,2252018.0,10,2018,25,2
C00326801,2042018.0,10,2018,04,2
C00326801,2112018.0,1,2018,11,2
C00326801,2112018.0,5,2018,11,2
C00326801,2252018.0,1,2018,25,2
C00326801,2252018.0,50,2018,25,2
C00326801,2112018.0,50,2018,11,2
C00326801,2182018.0,5,2018,18,2
C00326801,2042018.0,50,2018,04,2
C00326801,2262018.0,50,2018,26,2
C00326801,2202018.0,75,2018,20,2
C00326801,2252018.0,2700,2018,25,2
C00326801,2182018.0,10,2018,18,2
C00326801,2252018.0,5,2018,25,2
C00326801,2252018.0,2700,2018,25,2
C00326801,2272018.0,50,2018,27,2
C00326801,2262018.0,75,2018,26,2
C00326801,2232018.0,50,2018,23,2
C00326801,2072018.0,100,2018,07,2
C00326801,2082018.0,100,2018,08,2
C00326801,2222018.0,50,2018,22,2
C00326801,2202018.0,100,2018,20,2
C00326801,2232018.0,50,2018,23,2
C00326801,2202018.0,50,2018,20,2
C00326801,2202018.0,50,2018,20,2
C00326801,2042018.0,100,2018,04,2
C00326801,2252018.0,100,2018,25,2
C00326801,2262018.0,25,2018,26,2
C00326801,2182018.0,10,2018,18,2
C00326801,2082018.0,50,2018,08,2
C00326801,2122018.0,50,2018,12,2
C00326801,2262018.0,10,2018,26,2
C00326801,2112018.0,25,2018,11,2
C00326801,2252018.0,15,2018,25,2
C00326801,2262018.0,100,2018,26,2
C00326801,2182018.0,11,2018,18,2
C00326801,2262018.0,21,2018,26,2
C00326801,2132018.0,25,2018,13,2
C00326801,2262018.0,100,2018,26,2
C00326801,2252018.0,100,2018,25,2
C00326801,2262018.0,35,2018,26,2
C00326801,2282018.0,50,2018,28,2
C00326801,2182018.0,100,2018,18,2
C00326801,2272018.0,100,2018,27,2
C00326801,2182018.0,250,2018,18,2
C00326801,2112018.0,50,2018,11,2
C00326801,2042018.0,10,2018,04,2
C00326801,2112018.0,5,2018,11,2
C00326801,2112018.0,10,2018,11,2
C00326801,2282018.0,10,2018,28,2
C00326801,2112018.0,25,2018,11,2
C00326801,2282018.0,100,2018,28,2
C00326801,2122018.0,218,2018,12,2
C00326801,2232018.0,35,2018,23,2
C00326801,2222018.0,18,2018,22,2
C00326801,2042018.0,100,2018,04,2
C00326801,2052018.0,200,2018,05,2
C00326801,2052018.0,300,2018,05,2
C00326801,2182018.0,25,2018,18,2
C00326801,2112018.0,25,2018,11,2
C00326801,2252018.0,500,2018,25,2
C00326801,2052018.0,30,2018,05,2
C00326801,2042018.0,25,2018,04,2
C00326801,2272018.0,25,2018,27,2
C00326801,2092018.0,2700,2018,09,2
C00326801,2222018.0,50,2018,22,2
C00326801,2042018.0,10,2018,04,2
C00326801,2182018.0,12,2018,18,2
C00326801,2282018.0,10,2018,28,2
C00326801,2202018.0,10,2018,20,2
C00326801,2112018.0,25,2018,11,2
C00326801,2182018.0,10,2018,18,2
C00326801,2042018.0,100,2018,04,2
C00326801,2202018.0,50,2018,20,2
C00326801,2262018.0,25,2018,26,2
C00326801,2182018.0,200,2018,18,2
C00326801,2202018.0,35,2018,20,2
C00326801,2202018.0,50,2018,20,2
C00326801,2042018.0,5,2018,04,2
C00326801,2042018.0,5,2018,04,2
C00326801,2112018.0,5,2018,11,2
C00326801,2112018.0,10,2018,11,2
C00326801,2112018.0,5,2018,11,2
C00326801,2182018.0,3,2018,18,2
C00326801,2182018.0,5,2018,18,2
C00326801,2252018.0,5,2018,25,2
C00326801,2252018.0,5,2018,25,2
C00326801,2062018.0,200,2018,06,2
C00326801,2252018.0,250,2018,25,2
C00326801,2252018.0,5,2018,25,2
C00326801,2252018.0,5,2018,25,2
C00326801,2272018.0,5,2018,27,2
C00326801,2252018.0,1000,2018,25,2
C00326801,2222018.0,50,2018,22,2
C00326801,2032018.0,10,2018,03,2
C00326801,2112018.0,100,2018,11,2
C00326801,2042018.0,25,2018,04,2
C00326801,2182018.0,5,2018,18,2
C00326801,2042018.0,100,2018,04,2
C00326801,2282018.0,100,2018,28,2
C00326801,2122018.0,250,2018,12,2
C00326801,2252018.0,25,2018,25,2
C00326801,2282018.0,10,2018,28,2
C00326801,2112018.0,10,2018,11,2
C00326801,2202018.0,25,2018,20,2
C00326801,2232018.0,220,2018,23,2
C00326801,2222018.0,100,2018,22,2
C00326801,2272018.0,25,2018,27,2
C00326801,2012018.0,300,2018,01,2
C00326801,2182018.0,25,2018,18,2
C00326801,2222018.0,2700,2018,22,2
C00326801,2112018.0,21,2018,11,2
C00326801,2182018.0,5,2018,18,2
C00326801,2172018.0,200,2018,17,2
C00326801,2202018.0,100,2018,20,2
C00326801,2092018.0,500,2018,09,2
C00326801,2182018.0,25,2018,18,2
C00326801,2042018.0,50,2018,04,2
C00326801,2282018.0,50,2018,28,2
C00326801,2262018.0,50,2018,26,2
C00326801,2232018.0,50,2018,23,2
C00326801,2232018.0,35,2018,23,2
C00326801,2282018.0,35,2018,28,2
C00326801,2182018.0,1000,2018,18,2
C00326801,2262018.0,1000,2018,26,2
C00326801,2042018.0,100,2018,04,2
C00326801,2132018.0,247,2018,13,2
C00326801,2112018.0,10,2018,11,2
C00326801,2252018.0,500,2018,25,2
C00326801,2282018.0,100,2018,28,2
C00326801,2252018.0,5,2018,25,2
C00326801,2252018.0,5,2018,25,2
C00326801,2282018.0,5,2018,28,2
C00326801,2252018.0,5,2018,25,2
C00326801,2272018.0,25,2018,27,2
C00326801,2112018.0,500,2018,11,2
C00326801,2112018.0,500,2018,11,2
C00326801,2162018.0,40,2018,16,2
C00326801,2232018.0,35,2018,23,2
C00326801,2212018.0,50,2018,21,2
C00326801,2252018.0,25,2018,25,2
C00326801,2182018.0,1000,2018,18,2
C00326801,2232018.0,250,2018,23,2
C00326801,2202018.0,100,2018,20,2
C00326801,2182018.0,5,2018,18,2
C00326801,2042018.0,25,2018,04,2
C00326801,2042018.0,25,2018,04,2
C00326801,2252018.0,25,2018,25,2
C00326801,2252018.0,10,2018,25,2
C00326801,2232018.0,100,2018,23,2
C00326801,2042018.0,450,2018,04,2
C00326801,2182018.0,50,2018,18,2
C00326801,2202018.0,100,2018,20,2
C00326801,2112018.0,25,2018,11,2
C00326801,2272018.0,25,2018,27,2
C00326801,2042018.0,23,2018,04,2
C00326801,2042018.0,14,2018,04,2
C00326801,2042018.0,25,2018,04,2
C00326801,2282018.0,100,2018,28,2
C00326801,2032018.0,200,2018,03,2
C00326801,2272018.0,5,2018,27,2
C00326801,2042018.0,6,2018,04,2
C00326801,2252018.0,10,2018,25,2
C00326801,2282018.0,6,2018,28,2
C00326801,2262018.0,200,2018,26,2
C00326801,2022018.0,100,2018,02,2
C00326801,2112018.0,5,2018,11,2
C00326801,2042018.0,25,2018,04,2
C00326801,2252018.0,10,2018,25,2
C00326801,2222018.0,50,2018,22,2
C00326801,2202018.0,50,2018,20,2
C00326801,2042018.0,25,2018,04,2
C00326801,2252018.0,21,2018,25,2
C00326801,2202018.0,35,2018,20,2
C00326801,2182018.0,10,2018,18,2
C00326801,2222018.0,250,2018,22,2
C00326801,2182018.0,200,2018,18,2
C00326801,2202018.0,100,2018,20,2
C00326801,2232018.0,300,2018,23,2
C00326801,2282018.0,10,2018,28,2
C00326801,2042018.0,250,2018,04,2
C00326801,2112018.0,50,2018,11,2
C00326801,2112018.0,51,2018,11,2
C00326801,2182018.0,25,2018,18,2
C00326801,2122018.0,100,2018,12,2
C00326801,2042018.0,25,2018,04,2
C00326801,2182018.0,10,2018,18,2
C00326801,2252018.0,10,2018,25,2
C00326801,2182018.0,10,2018,18,2
C00326801,2202018.0,100,2018,20,2
C00326801,2052018.0,100,2018,05,2
C00326801,2182018.0,100,2018,18,2
C00326801,2202018.0,50,2018,20,2
C00326801,2272018.0,15,2018,27,2
C00326801,2252018.0,10,2018,25,2
C00326801,2182018.0,5,2018,18,2
C00326801,2262018.0,5,2018,26,2
C00326801,2272018.0,5,2018,27,2
C00326801,2282018.0,5,2018,28,2
C00326801,2042018.0,10,2018,04,2
C00326801,2252018.0,5,2018,25,2
C00326801,2182018.0,10,2018,18,2
C00326801,2182018.0,50,2018,18,2
C00326801,2202018.0,100,2018,20,2
C00326801,2272018.0,25,2018,27,2
C00326801,2082018.0,35,2018,08,2
C00326801,2232018.0,50,2018,23,2
C00326801,2042018.0,100,2018,04,2
C00326801,2032018.0,100,2018,03,2
C00326801,2202018.0,50,2018,20,2
C00326801,2072018.0,100,2018,07,2
C00326801,2092018.0,200,2018,09,2
C00326801,2042018.0,10,2018,04,2
C00326801,2282018.0,10,2018,28,2
C00326801,2282018.0,25,2018,28,2
C00326801,2282018.0,25,2018,28,2
C00326801,2232018.0,150,2018,23,2
C00326801,2252018.0,10,2018,25,2
C00326801,2252018.0,50,2018,25,2
C00326801,2202018.0,250,2018,20,2
C00326801,2282018.0,500,2018,28,2
C00326801,2212018.0,100,2018,21,2
C00326801,2042018.0,300,2018,04,2
C00326801,2252018.0,250,2018,25,2
C00326801,2232018.0,200,2018,23,2
C00326801,2252018.0,10,2018,25,2
C00326801,2042018.0,1700,2018,04,2
C00326801,2272018.0,5,2018,27,2
C00326801,2112018.0,10,2018,11,2
C00326801,2112018.0,11,2018,11,2
C00326801,2182018.0,11,2018,18,2
C00326801,2112018.0,40,2018,11,2
C00326801,2202018.0,100,2018,20,2
C00326801,2252018.0,5,2018,25,2
C00326801,2272018.0,10,2018,27,2
C00326801,2252018.0,10,2018,25,2
C00326801,2282018.0,25,2018,28,2
C00326801,2062018.0,250,2018,06,2
C00326801,2112018.0,25,2018,11,2
C00326801,2042018.0,30,2018,04,2
C00326801,2042018.0,16,2018,04,2
C00326801,2232018.0,50,2018,23,2
C00326801,2252018.0,100,2018,25,2
C00326801,2282018.0,5,2018,28,2
C00326801,2202018.0,50,2018,20,2
C00326801,2042018.0,10,2018,04,2
C00326801,2092018.0,200,2018,09,2
C00326801,2112018.0,25,2018,11,2
C00326801,2252018.0,500,2018,25,2
C00326801,2062018.0,100,2018,06,2
C00326801,2042018.0,1,2018,04,2
C00326801,2182018.0,25,2018,18,2
C00326801,2232018.0,100,2018,23,2
C00326801,2182018.0,25,2018,18,2
C00326801,2112018.0,25,2018,11,2
C00326801,2272018.0,25,2018,27,2
C00326801,2042018.0,25,2018,04,2
C00326801,2042018.0,150,2018,04,2
C00326801,2042018.0,80,2018,04,2
C00326801,2182018.0,1000,2018,18,2
C00326801,2282018.0,100,2018,28,2
C00326801,2182018.0,25,2018,18,2
C00326801,2042018.0,50,2018,04,2
C00326801,2282018.0,50,2018,28,2
C00326801,2282018.0,25,2018,28,2
C00326801,2182018.0,25,2018,18,2
C00326801,2052018.0,100,2018,05,2
C00326801,2042018.0,10,2018,04,2
C00326801,2282018.0,10,2018,28,2
C00326801,2182018.0,5,2018,18,2
C00326801,2252018.0,5,2018,25,2
C00326801,2252018.0,10,2018,25,2
C00326801,2232018.0,25,2018,23,2
C00326801,2042018.0,200,2018,04,2
C00326801,2222018.0,35,2018,22,2
C00326801,2042018.0,1350,2018,04,2
C00326801,2112018.0,500,2018,11,2
C00326801,2252018.0,750,2018,25,2
C00326801,2252018.0,100,2018,25,2
C00326801,2042018.0,10,2018,04,2
C00326801,2112018.0,10,2018,11,2
C00326801,2282018.0,10,2018,28,2
C00326801,2042018.0,2700,2018,04,2
C00326801,2182018.0,200,2018,18,2
C00326801,2202018.0,100,2018,20,2
C00326801,2082018.0,100,2018,08,2
C00326801,2042018.0,50,2018,04,2
C00326801,2112018.0,10,2018,11,2
C00326801,2112018.0,15,2018,11,2
C00326801,2012018.0,250,2018,01,2
C00326801,2112018.0,50,2018,11,2
C00326801,2182018.0,100,2018,18,2
C00326801,2262018.0,500,2018,26,2
C00326801,2112018.0,5,2018,11,2
C00326801,2112018.0,112,2018,11,2
C00326801,2272018.0,10,2018,27,2
C00326801,2282018.0,10,2018,28,2
C00326801,2282018.0,8,2018,28,2
C00326801,2072018.0,500,2018,07,2
C00326801,2042018.0,5,2018,04,2
C00326801,2222018.0,50,2018,22,2
C00326801,2262018.0,500,2018,26,2
C00326801,2282018.0,100,2018,28,2
C00326801,2042018.0,10,2018,04,2
C00326801,2112018.0,250,2018,11,2
C00326801,2112018.0,250,2018,11,2
C00326801,2262018.0,250,2018,26,2
C00326801,2252018.0,25,2018,25,2
C00326801,2222018.0,50,2018,22,2
C00326801,2112018.0,25,2018,11,2
C00326801,2252018.0,5,2018,25,2
C00326801,2042018.0,10,2018,04,2
C00326801,2012018.0,100,2018,01,2
C00326801,2042018.0,100,2018,04,2
C00326801,2112018.0,11,2018,11,2
C00326801,2112018.0,50,2018,11,2
C00326801,2252018.0,50,2018,25,2
C00326801,2182018.0,50,2018,18,2
C00326801,2182018.0,25,2018,18,2
C00326801,2282018.0,12,2018,28,2
C00326801,2202018.0,100,2018,20,2
C00326801,2072018.0,75,2018,07,2
C00326801,2252018.0,5,2018,25,2
C00326801,2182018.0,5,2018,18,2
C00326801,2282018.0,35,2018,28,2
C00326801,2232018.0,35,2018,23,2
C00326801,2112018.0,50,2018,11,2
C00326801,2252018.0,50,2018,25,2
C00326801,2202018.0,100,2018,20,2
C00326801,2252018.0,10,2018,25,2
C00326801,2252018.0,25,2018,25,2
C00326801,2182018.0,500,2018,18,2
C00326801,2252018.0,50,2018,25,2
C00326801,2252018.0,10,2018,25,2
C00326801,2282018.0,10,2018,28,2
C00326801,2282018.0,50,2018,28,2
C00326801,2112018.0,5,2018,11,2
C00326801,2252018.0,10,2018,25,2
C00326801,2092018.0,2500,2018,09,2
C00326801,2232018.0,55,2018,23,2
C00326801,2222018.0,15,2018,22,2
C00326801,2262018.0,50,2018,26,2
C00326801,2042018.0,10,2018,04,2
C00326801,2282018.0,10,2018,28,2
C00326801,2252018.0,25,2018,25,2
C00326801,2232018.0,50,2018,23,2
C00326801,2042018.0,25,2018,04,2
C00326801,2042018.0,50,2018,04,2
C00326801,2112018.0,25,2018,11,2
C00326801,2112018.0,100,2018,11,2
C00326801,2112018.0,50,2018,11,2
C00326801,2182018.0,10,2018,18,2
C00326801,2222018.0,200,2018,22,2
C00326801,2262018.0,200,2018,26,2
C00326801,2232018.0,25,2018,23,2
C00326801,2282018.0,5,2018,28,2
C00326801,2112018.0,25,2018,11,2
C00326801,2052018.0,250,2018,05,2
C00326801,2112018.0,300,2018,11,2
C00326801,2042018.0,10,2018,04,2
C00326801,2272018.0,50,2018,27,2
C00326801,2202018.0,100,2018,20,2
C00326801,2272018.0,100,2018,27,2
C00326801,2182018.0,50,2018,18,2
C00326801,2182018.0,30,2018,18,2
C00326801,2182018.0,25,2018,18,2
C00326801,2282018.0,25,2018,28,2
C00326801,2042018.0,250,2018,04,2
C00326801,2252018.0,25,2018,25,2
C00326801,2182018.0,500,2018,18,2
C00326801,2112018.0,25,2018,11,2
C00326801,2042018.0,15,2018,04,2
C00326801,2222018.0,100,2018,22,2
C00326801,2252018.0,50,2018,25,2
C00326801,2282018.0,25,2018,28,2
C00326801,2042018.0,100,2018,04,2
C00326801,2182018.0,500,2018,18,2
C00326801,2042018.0,50,2018,04,2
C00326801,2182018.0,10,2018,18,2
C00326801,2282018.0,50,2018,28,2
C00326801,2182018.0,250,2018,18,2
C00326801,2222018.0,50,2018,22,2
C00326801,2042018.0,10,2018,04,2
C00326801,2182018.0,10,2018,18,2
C00326801,2182018.0,10,2018,18,2
C00326801,2262018.0,10,2018,26,2
C00326801,2232018.0,25,2018,23,2
C00326801,2282018.0,5,2018,28,2
C00326801,2262018.0,100,2018,26,2
C00326801,2052018.0,50,2018,05,2
C00326801,2262018.0,25,2018,26,2
C00326801,2182018.0,50,2018,18,2
C00326801,2182018.0,50,2018,18,2
C00326801,2042018.0,100,2018,04,2
C00326801,2042018.0,100,2018,04,2
C00326801,2112018.0,50,2018,11,2
C00326801,2112018.0,25,2018,11,2
C00326801,2112018.0,10,2018,11,2
C00326801,2112018.0,50,2018,11,2
C00326801,2072018.0,100,2018,07,2
C00326801,2202018.0,250,2018,20,2
C00326801,2252018.0,10,2018,25,2
C00326801,2262018.0,10,2018,26,2
C00326801,2272018.0,10,2018,27,2
C00326801,2282018.0,10,2018,28,2
C00326801,2282018.0,10,2018,28,2
C00326801,2282018.0,10,2018,28,2
C00326801,2282018.0,25,2018,28,2
C00326801,2012018.0,250,2018,01,2
C00326801,2252018.0,100,2018,25,2
C00326801,2112018.0,500,2018,11,2
C00326801,2182018.0,2400,2018,18,2
C00326801,2182018.0,300,2018,18,2
C00326801,2182018.0,500,2018,18,2
C00326801,2232018.0,500,2018,23,2
C00326801,2202018.0,100,2018,20,2
C00326801,2112018.0,20,2018,11,2
C00326801,2252018.0,7,2018,25,2
C00326801,2252018.0,7,2018,25,2
C00326801,2282018.0,25,2018,28,2
C00326801,2082018.0,100,2018,08,2
C00326801,2112018.0,11,2018,11,2
C00326801,2252018.0,25,2018,25,2
C00326801,2052018.0,250,2018,05,2
C00326801,2042018.0,50,2018,04,2
C00326801,2042018.0,25,2018,04,2
C00326801,2182018.0,10,2018,18,2
C00326801,2282018.0,25,2018,28,2
C00326801,2112018.0,10,2018,11,2
C00326801,2252018.0,10,2018,25,2
C00326801,2252018.0,25,2018,25,2
C00326801,2252018.0,25,2018,25,2
C00326801,2112018.0,5,2018,11,2
C00326801,2282018.0,5,2018,28,2
C00326801,2042018.0,100,2018,04,2
C00326801,2132018.0,100,2018,13,2
C00326801,2112018.0,25,2018,11,2
C00326801,2252018.0,25,2018,25,2
C00326801,2112018.0,25,2018,11,2
C00326801,2042018.0,25,2018,04,2
C00326801,2202018.0,100,2018,20,2
C00326801,2112018.0,5,2018,11,2
C00326801,2042018.0,12,2018,04,2
C00326801,2042018.0,10,2018,04,2
C00326801,2112018.0,10,2018,11,2
C00326801,2112018.0,10,2018,11,2
C00326801,2272018.0,1000,2018,27,2
C00326801,2042018.0,50,2018,04,2
C00326801,2262018.0,200,2018,26,2
C00326801,2222018.0,1000,2018,22,2
C00326801,2042018.0,20,2018,04,2
C00326801,2182018.0,25,2018,18,2
C00326801,2112018.0,25,2018,11,2
C00326801,2182018.0,50,2018,18,2
C00326801,2112018.0,100,2018,11,2
C00326801,2042018.0,5,2018,04,2
C00326801,2282018.0,5,2018,28,2
C00326801,2232018.0,100,2018,23,2
C00326801,2182018.0,5,2018,18,2
C00326801,2222018.0,50,2018,22,2
C00326801,2252018.0,25,2018,25,2
C00326801,2252018.0,25,2018,25,2
C00326801,2142018.0,500,2018,14,2
C00326801,2092018.0,1000,2018,09,2
C00326801,2082018.0,25,2018,08,2
C00326801,2232018.0,50,2018,23,2
C00326801,2262018.0,5,2018,26,2
C00326801,2262018.0,50,2018,26,2
C00326801,2112018.0,100,2018,11,2
C00326801,2202018.0,50,2018,20,2
C00326801,2112018.0,10,2018,11,2
C00326801,2252018.0,500,2018,25,2
C00326801,2042018.0,25,2018,04,2
C00326801,2252018.0,25,2018,25,2
C00326801,2252018.0,5,2018,25,2
C00326801,2182018.0,250,2018,18,2
C00326801,2112018.0,300,2018,11,2
C00326801,2202018.0,80,2018,20,2
C00326801,2252018.0,50,2018,25,2
C00326801,2112018.0,100,2018,11,2
C00326801,2042018.0,10,2018,04,2
C00326801,2252018.0,25,2018,25,2
C00326801,2272018.0,10,2018,27,2
C00326801,2182018.0,1000,2018,18,2
C00326801,2282018.0,50,2018,28,2
C00326801,2252018.0,25,2018,25,2
C00326801,2262018.0,35,2018,26,2
C00326801,2152018.0,100,2018,15,2
C00326801,2282018.0,150,2018,28,2
C00326801,2282018.0,10,2018,28,2
C00326801,2042018.0,10,2018,04,2
C00326801,2112018.0,21,2018,11,2
C00326801,2182018.0,500,2018,18,2
C00326801,2252018.0,20,2018,25,2
C00326801,2252018.0,10,2018,25,2
C00326801,2252018.0,100,2018,25,2
C00326801,2062018.0,100,2018,06,2
C00326801,2262018.0,250,2018,26,2
C00326801,2202018.0,1000,2018,20,2
C00326801,2282018.0,100,2018,28,2
C00326801,2042018.0,100,2018,04,2
C00326801,2142018.0,1000,2018,14,2
C00326801,2252018.0,50,2018,25,2
C00326801,2232018.0,50,2018,23,2
C00326801,2202018.0,50,2018,20,2
C00326801,2262018.0,100,2018,26,2
C00326801,2232018.0,400,2018,23,2
C00326801,2282018.0,100,2018,28,2
C00326801,2112018.0,500,2018,11,2
C00326801,2012018.0,500,2018,01,2
C00326801,2042018.0,10,2018,04,2
C00326801,2232018.0,100,2018,23,2
C00326801,2252018.0,25,2018,25,2
C00326801,2112018.0,50,2018,11,2
C00326801,2182018.0,50,2018,18,2
C00326801,2272018.0,100,2018,27,2
C00326801,2112018.0,112,2018,11,2
C00326801,2042018.0,25,2018,04,2
C00326801,2182018.0,10,2018,18,2
C00326801,2122018.0,1000,2018,12,2
C00326801,2282018.0,25,2018,28,2
C00326801,2042018.0,100,2018,04,2
C00326801,2282018.0,100,2018,28,2
C00326801,2232018.0,100,2018,23,2
C00326801,2222018.0,100,2018,22,2
C00326801,2072018.0,50,2018,07,2
C00326801,2042018.0,10,2018,04,2
C00326801,2252018.0,10,2018,25,2
C00326801,2252018.0,10,2018,25,2
C00326801,2252018.0,5,2018,25,2
C00326801,2042018.0,22,2018,04,2
C00326801,2042018.0,20,2018,04,2
C00326801,2272018.0,35,2018,27,2
C00326801,2112018.0,50,2018,11,2
C00326801,2112018.0,5,2018,11,2
C00326801,2112018.0,5,2018,11,2
C00326801,2182018.0,5,2018,18,2
C00326801,2182018.0,5,2018,18,2
C00326801,2182018.0,1,2018,18,2
C00326801,2252018.0,5,2018,25,2
C00326801,2252018.0,1,2018,25,2
C00326801,2262018.0,100,2018,26,2
C00326801,2272018.0,100,2018,27,2
C00326801,2262018.0,100,2018,26,2
C00326801,2262018.0,100,2018,26,2
C00326801,2262018.0,20,2018,26,2
C00326801,2042018.0,25,2018,04,2
C00326801,2252018.0,50,2018,25,2
C00326801,2272018.0,50,2018,27,2
C00326801,2022018.0,200,2018,02,2
C00326801,2222018.0,100,2018,22,2
C00326801,2252018.0,50,2018,25,2
C00326801,2202018.0,100,2018,20,2
C00326801,2112018.0,500,2018,11,2
C00326801,2072018.0,100,2018,07,2
C00326801,2052018.0,35,2018,05,2
C00326801,2202018.0,100,2018,20,2
C00326801,2282018.0,250,2018,28,2
C00326801,2042018.0,100,2018,04,2
C00326801,2182018.0,25,2018,18,2
C00326801,2142018.0,50,2018,14,2
C00326801,2232018.0,50,2018,23,2
C00326801,2232018.0,300,2018,23,2
C00326801,2252018.0,500,2018,25,2
C00326801,2262018.0,25,2018,26,2
C00326801,2202018.0,50,2018,20,2
C00326801,2202018.0,100,2018,20,2
C00326801,2232018.0,250,2018,23,2
C00326801,2252018.0,25,2018,25,2
C00326801,2252018.0,25,2018,25,2
C00326801,2202018.0,100,2018,20,2
C00326801,2042018.0,200,2018,04,2
C00326801,2182018.0,200,2018,18,2
C00326801,2042018.0,50,2018,04,2
C00326801,2042018.0,5,2018,04,2
C00326801,2042018.0,2,2018,04,2
C00326801,2252018.0,25,2018,25,2
C00326801,2252018.0,10,2018,25,2
C00326801,2042018.0,500,2018,04,2
C00326801,2042018.0,25,2018,04,2
C00326801,2282018.0,25,2018,28,2
C00326801,2202018.0,200,2018,20,2
C00326801,2112018.0,21,2018,11,2
C00326801,2262018.0,15,2018,26,2
C00326801,2272018.0,20,2018,27,2
C00326801,2262018.0,250,2018,26,2
C00326801,2212018.0,200,2018,21,2
C00326801,2232018.0,35,2018,23,2
C00326801,2142018.0,250,2018,14,2
C00326801,2112018.0,10,2018,11,2
C00326801,2112018.0,100,2018,11,2
C00326801,2112018.0,100,2018,11,2
C00326801,2202018.0,35,2018,20,2
C00326801,2212018.0,100,2018,21,2
C00326801,2202018.0,100,2018,20,2
C00326801,2042018.0,10,2018,04,2
C00326801,2262018.0,5,2018,26,2
C00326801,2282018.0,50,2018,28,2
C00326801,2042018.0,100,2018,04,2
C00326801,2252018.0,100,2018,25,2
C00326801,2282018.0,10,2018,28,2
C00326801,2202018.0,100,2018,20,2
C00326801,2252018.0,50,2018,25,2
C00326801,2042018.0,250,2018,04,2
C00326801,2042018.0,50,2018,04,2
C00326801,2252018.0,25,2018,25,2
C00326801,2272018.0,500,2018,27,2
C00326801,2252018.0,500,2018,25,2
C00326801,2262018.0,100,2018,26,2
C00326801,2042018.0,700,2018,04,2
C00326801,2272018.0,100,2018,27,2
C00326801,2042018.0,10,2018,04,2
C00326801,2112018.0,12,2018,11,2
C00326801,2262018.0,10,2018,26,2
C00326801,2282018.0,10,2018,28,2
C00326801,2282018.0,10,2018,28,2
C00326801,2282018.0,5,2018,28,2
C00326801,2122018.0,2700,2018,12,2
C00326801,2042018.0,25,2018,04,2
C00326801,2282018.0,25,2018,28,2
C00326801,2282018.0,50,2018,28,2
C00326801,2252018.0,100,2018,25,2
C00326801,2092018.0,150,2018,09,2
C00326801,2042018.0,50,2018,04,2
C00326801,2282018.0,50,2018,28,2
C00326801,2222018.0,50,2018,22,2
C00326801,2182018.0,100,2018,18,2
C00326801,2282018.0,75,2018,28,2
C00326801,2042018.0,25,2018,04,2
C00326801,2182018.0,25,2018,18,2
C00326801,2252018.0,2700,2018,25,2
C00326801,2092018.0,250,2018,09,2
C00326801,2202018.0,25,2018,20,2
C00326801,2112018.0,10,2018,11,2
C00326801,2112018.0,100,2018,11,2
C00326801,2112018.0,5,2018,11,2
C00326801,2252018.0,10,2018,25,2
C00326801,2252018.0,2700,2018,25,2
C00326801,2282018.0,25,2018,28,2
C00326801,2112018.0,25,2018,11,2
C00326801,2062018.0,100,2018,06,2
C00326801,2262018.0,100,2018,26,2
C00326801,2222018.0,50,2018,22,2
C00326801,2112018.0,3,2018,11,2
C00326801,2252018.0,25,2018,25,2
C00326801,2282018.0,50,2018,28,2
C00326801,2282018.0,40,2018,28,2
C00326801,2042018.0,100,2018,04,2
C00326801,2042018.0,25,2018,04,2
C00326801,2262018.0,250,2018,26,2
C00326801,2202018.0,250,2018,20,2
C00326801,2202018.0,100,2018,20,2
C00326801,2042018.0,0,2018,04,2
C00326801,2062018.0,250,2018,06,2
C00326801,2042018.0,25,2018,04,2
C00326801,2282018.0,25,2018,28,2
C00326801,2272018.0,50,2018,27,2
C00326801,2272018.0,20,2018,27,2
C00326801,2112018.0,2700,2018,11,2
C00326801,2112018.0,21,2018,11,2
C00326801,2042018.0,100,2018,04,2
C00326801,2232018.0,50,2018,23,2
C00326801,2282018.0,200,2018,28,2
C00326801,2262018.0,35,2018,26,2
C00326801,2112018.0,50,2018,11,2
C00326801,2252018.0,25,2018,25,2
C00326801,2252018.0,25,2018,25,2
C00326801,2252018.0,75,2018,25,2
C00326801,2042018.0,50,2018,04,2
C00326801,2042018.0,3,2018,04,2
C00326801,2232018.0,75,2018,23,2
C00326801,2182018.0,5,2018,18,2
C00326801,2202018.0,100,2018,20,2
C00326801,2252018.0,25,2018,25,2
C00326801,2232018.0,35,2018,23,2
C00326801,2232018.0,300,2018,23,2
C00326801,2282018.0,25,2018,28,2
C00326801,2282018.0,50,2018,28,2
C00326801,2112018.0,111,2018,11,2
C00326801,2112018.0,5,2018,11,2
C00326801,2012018.0,50,2018,01,2
C00326801,2262018.0,25,2018,26,2
C00326801,2252018.0,25,2018,25,2
C00326801,2202018.0,100,2018,20,2
C00326801,2182018.0,50,2018,18,2
C00326801,2112018.0,100,2018,11,2
C00326801,2262018.0,150,2018,26,2
C00326801,2092018.0,35,2018,09,2
C00326801,2112018.0,10,2018,11,2
C00326801,2252018.0,5,2018,25,2
C00326801,2282018.0,10,2018,28,2
C00326801,2232018.0,100,2018,23,2
C00326801,2182018.0,50,2018,18,2
C00326801,2112018.0,10,2018,11,2
C00326801,2182018.0,11,2018,18,2
C00326801,2182018.0,10,2018,18,2
C00326801,2042018.0,5,2018,04,2
C00326801,2042018.0,5,2018,04,2
C00326801,2272018.0,250,2018,27,2
C00326801,2182018.0,1000,2018,18,2
C00326801,2222018.0,100,2018,22,2
C00326801,2282018.0,10,2018,28,2
C00326801,2112018.0,50,2018,11,2
C00326801,2112018.0,11,2018,11,2
C00326801,2252018.0,10,2018,25,2
C00326801,2252018.0,10,2018,25,2
C00326801,2112018.0,25,2018,11,2
C00326801,2112018.0,5,2018,11,2
C00326801,2252018.0,25,2018,25,2
C00326801,2042018.0,10,2018,04,2
C00326801,2262018.0,5,2018,26,2
C00326801,2282018.0,10,2018,28,2
C00326801,2052018.0,40,2018,05,2
C00326801,2222018.0,35,2018,22,2
C00326801,2232018.0,100,2018,23,2
C00326801,2272018.0,2000,2018,27,2
C00326801,2182018.0,100,2018,18,2
C00326801,2042018.0,50,2018,04,2
C00326801,2042018.0,50,2018,04,2
C00326801,2282018.0,50,2018,28,2
C00326801,2112018.0,25,2018,11,2
C00326801,2112018.0,250,2018,11,2
C00326801,2042018.0,19,2018,04,2
C00326801,2112018.0,50,2018,11,2
C00326801,2272018.0,5,2018,27,2
C00326801,2232018.0,25,2018,23,2
C00326801,2202018.0,50,2018,20,2
C00326801,2262018.0,100,2018,26,2
C00326801,2252018.0,10,2018,25,2
C00326801,2182018.0,15,2018,18,2
C00326801,2062018.0,35,2018,06,2
C00326801,2262018.0,20,2018,26,2
C00326801,2282018.0,35,2018,28,2
C00326801,2182018.0,17,2018,18,2
C00326801,2252018.0,17,2018,25,2
C00326801,2282018.0,25,2018,28,2
C00326801,2282018.0,25,2018,28,2
C00326801,2202018.0,100,2018,20,2
C00326801,2042018.0,100,2018,04,2
C00326801,2162018.0,100,2018,16,2
C00326801,2232018.0,67,2018,23,2
C00326801,2062018.0,15,2018,06,2
C00326801,2042018.0,50,2018,04,2
C00326801,2282018.0,50,2018,28,2
C00326801,2042018.0,10,2018,04,2
C00326801,2282018.0,10,2018,28,2
C00326801,2042018.0,100,2018,04,2
C00326801,2042018.0,300,2018,04,2
C00326801,2112018.0,25,2018,11,2
C00326801,2082018.0,100,2018,08,2
C00326801,2112018.0,100,2018,11,2
C00326801,2042018.0,25,2018,04,2
C00326801,2182018.0,25,2018,18,2
C00326801,2182018.0,25,2018,18,2
C00326801,2182018.0,25,2018,18,2
C00326801,2272018.0,25,2018,27,2
C00326801,2252018.0,25,2018,25,2
C00326801,2272018.0,25,2018,27,2
C00326801,2182018.0,12,2018,18,2
C00326801,2182018.0,500,2018,18,2
C00326801,2262018.0,5,2018,26,2
C00326801,2252018.0,25,2018,25,2
C00326801,2282018.0,25,2018,28,2
C00326801,2042018.0,5,2018,04,2
C00326801,2042018.0,25,2018,04,2
C00326801,2112018.0,12,2018,11,2
C00326801,2182018.0,25,2018,18,2
C00326801,2272018.0,950,2018,27,2
C00326801,2272018.0,50,2018,27,2
C00326801,2112018.0,300,2018,11,2
C00326801,2182018.0,25,2018,18,2
C00326801,2142018.0,50,2018,14,2
C00326801,2262018.0,50,2018,26,2
C00326801,2022018.0,2700,2018,02,2
C00326801,2182018.0,100,2018,18,2
C00326801,2042018.0,200,2018,04,2
C00326801,2262018.0,10,2018,26,2
C00326801,2262018.0,25,2018,26,2
C00326801,2232018.0,50,2018,23,2
C00326801,2242018.0,500,2018,24,2
C00326801,2042018.0,10,2018,04,2
C00326801,2112018.0,50,2018,11,2
C00326801,2222018.0,150,2018,22,2
C00326801,2282018.0,10,2018,28,2
C00326801,2042018.0,300,2018,04,2
C00326801,2042018.0,300,2018,04,2
C00326801,2182018.0,25,2018,18,2
C00326801,2182018.0,100,2018,18,2
C00326801,2232018.0,150,2018,23,2
C00326801,2112018.0,15,2018,11,2
C00326801,2112018.0,50,2018,11,2
C00326801,2182018.0,10,2018,18,2
C00326801,2252018.0,10,2018,25,2
C00326801,2272018.0,25,2018,27,2
C00326801,2202018.0,50,2018,20,2
C00326801,2252018.0,20,2018,25,2
C00326801,2112018.0,5,2018,11,2
C00326801,2042018.0,25,2018,04,2
C00326801,2112018.0,25,2018,11,2
C00326801,2252018.0,25,2018,25,2
C00326801,2112018.0,15,2018,11,2
C00326801,2222018.0,50,2018,22,2
C00326801,2092018.0,50,2018,09,2
C00326801,2182018.0,150,2018,18,2
C00326801,2082018.0,25,2018,08,2
C00326801,2052018.0,100,2018,05,2
C00326801,2112018.0,250,2018,11,2
C00326801,2182018.0,25,2018,18,2
C00326801,2042018.0,5,2018,04,2
C00326801,2112018.0,8,2018,11,2
C00326801,2112018.0,5,2018,11,2
C00326801,2232018.0,100,2018,23,2
C00326801,2232018.0,450,2018,23,2
C00326801,2112018.0,10,2018,11,2
C00326801,2262018.0,50,2018,26,2
C00326801,2232018.0,100,2018,23,2
C00326801,2222018.0,100,2018,22,2
C00326801,2122018.0,50,2018,12,2
C00326801,2182018.0,15,2018,18,2
C00326801,2262018.0,25,2018,26,2
C00326801,2182018.0,10,2018,18,2
C00326801,2252018.0,10,2018,25,2
C00326801,2252018.0,5,2018,25,2
C00326801,2252018.0,10,2018,25,2
C00326801,2252018.0,10,2018,25,2
C00326801,2282018.0,10,2018,28,2
C00326801,2262018.0,100,2018,26,2
C00326801,2182018.0,25,2018,18,2
C00326801,2202018.0,50,2018,20,2
C00326801,2202018.0,50,2018,20,2
C00326801,2042018.0,15,2018,04,2
C00326801,2262018.0,100,2018,26,2
C00326801,2252018.0,5,2018,25,2
C00326801,2202018.0,100,2018,20,2
C00326801,2182018.0,25,2018,18,2
C00326801,2282018.0,50,2018,28,2
C00326801,2012018.0,100,2018,01,2
C00326801,2182018.0,25,2018,18,2
C00326801,2202018.0,50,2018,20,2
C00326801,2042018.0,1000,2018,04,2
C00326801,2232018.0,200,2018,23,2
C00326801,2262018.0,25,2018,26,2
C00326801,2282018.0,35,2018,28,2
C00326801,2252018.0,50,2018,25,2
C00326801,2232018.0,100,2018,23,2
C00326801,2182018.0,25,2018,18,2
C00326801,2282018.0,25,2018,28,2
C00326801,2202018.0,100,2018,20,2
C00326801,2042018.0,100,2018,04,2
C00326801,2182018.0,10,2018,18,2
C00326801,2112018.0,5,2018,11,2
C00326801,2182018.0,5,2018,18,2
C00326801,2042018.0,16,2018,04,2
C00326801,2052018.0,500,2018,05,2
C00326801,2282018.0,100,2018,28,2
C00326801,2082018.0,300,2018,08,2
C00326801,2272018.0,35,2018,27,2
C00326801,2252018.0,1000,2018,25,2
C00326801,2042018.0,10,2018,04,2
C00326801,2042018.0,10,2018,04,2
C00326801,2112018.0,10,2018,11,2
C00326801,2182018.0,10,2018,18,2
C00326801,2262018.0,10,2018,26,2
C00326801,2222018.0,100,2018,22,2
C00326801,2112018.0,3,2018,11,2
C00326801,2182018.0,10,2018,18,2
C00326801,2252018.0,5,2018,25,2
C00326801,2252018.0,10,2018,25,2
C00326801,2182018.0,25,2018,18,2
C00326801,2232018.0,100,2018,23,2
C00326801,2042018.0,50,2018,04,2
C00326801,2232018.0,50,2018,23,2
C00326801,2182018.0,500,2018,18,2
C00326801,2042018.0,25,2018,04,2
C00326801,2042018.0,50,2018,04,2
C00326801,2282018.0,25,2018,28,2
C00326801,2042018.0,25,2018,04,2
C00326801,2282018.0,25,2018,28,2
C00326801,2042018.0,50,2018,04,2
C00326801,2252018.0,500,2018,25,2
C00326801,2232018.0,40,2018,23,2
C00326801,2112018.0,25,2018,11,2
C00326801,2282018.0,200,2018,28,2
C00326801,2052018.0,200,2018,05,2
C00326801,2252018.0,25,2018,25,2
C00326801,2052018.0,120,2018,05,2
C00326801,2282018.0,100,2018,28,2
C00326801,2252018.0,10,2018,25,2
C00326801,2272018.0,1000,2018,27,2
C00326801,2042018.0,50,2018,04,2
C00326801,2252018.0,25,2018,25,2
C00326801,2112018.0,25,2018,11,2
C00326801,2112018.0,25,2018,11,2
C00326801,2042018.0,5,2018,04,2
C00326801,2112018.0,5,2018,11,2
C00326801,2182018.0,5,2018,18,2
C00326801,2042018.0,405,2018,04,2
C00326801,2042018.0,95,2018,04,2
C00326801,2252018.0,10,2018,25,2
C00326801,2272018.0,10,2018,27,2
C00326801,2202018.0,300,2018,20,2
C00326801,2062018.0,200,2018,06,2
C00326801,2252018.0,250,2018,25,2
C00326801,2042018.0,13,2018,04,2
C00326801,2222018.0,500,2018,22,2
C00326801,2232018.0,75,2018,23,2
C00326801,2182018.0,100,2018,18,2
C00326801,2042018.0,10,2018,04,2
C00326801,2282018.0,10,2018,28,2
C00326801,2282018.0,25,2018,28,2
C00326801,2272018.0,10,2018,27,2
C00326801,2232018.0,25,2018,23,2
C00326801,2062018.0,1000,2018,06,2
C00326801,2122018.0,50,2018,12,2
C00326801,2262018.0,100,2018,26,2
C00326801,2182018.0,500,2018,18,2
C00326801,2132018.0,250,2018,13,2
C00326801,2182018.0,100,2018,18,2
C00326801,2042018.0,100,2018,04,2
C00326801,2112018.0,100,2018,11,2
C00326801,2282018.0,100,2018,28,2
C00326801,2112018.0,10,2018,11,2
C00326801,2182018.0,25,2018,18,2
C00326801,2262018.0,25,2018,26,2
C00326801,2272018.0,25,2018,27,2
C00326801,2162018.0,50,2018,16,2
C00326801,2012018.0,100,2018,01,2
C00326801,2282018.0,100,2018,28,2
C00326801,2112018.0,111,2018,11,2
C00326801,2252018.0,100,2018,25,2
C00326801,2282018.0,150,2018,28,2
C00326801,2042018.0,360,2018,04,2
C00326801,2262018.0,1000,2018,26,2
C00326801,2252018.0,100,2018,25,2
C00326801,2252018.0,100,2018,25,2
C00326801,2162018.0,100,2018,16,2
C00326801,2042018.0,25,2018,04,2
C00326801,2282018.0,25,2018,28,2
C00326801,2262018.0,35,2018,26,2
C00326801,2202018.0,250,2018,20,2
C00326801,2182018.0,100,2018,18,2
C00326801,2282018.0,1000,2018,28,2
C00326801,2282018.0,500,2018,28,2
C00326801,2282018.0,250,2018,28,2
C00326801,2272018.0,25,2018,27,2
C00326801,2132018.0,50,2018,13,2
C00326801,2252018.0,1000,2018,25,2
C00326801,2232018.0,100,2018,23,2
C00326801,2122018.0,100,2018,12,2
C00326801,2282018.0,100,2018,28,2
C00326801,2262018.0,100,2018,26,2
C00326801,2202018.0,250,2018,20,2
C00326801,2202018.0,100,2018,20,2
C00326801,2262018.0,100,2018,26,2
C00326801,2262018.0,50,2018,26,2
C00326801,2252018.0,10,2018,25,2
C00326801,2072018.0,100,2018,07,2
C00326801,2042018.0,50,2018,04,2
C00326801,2112018.0,25,2018,11,2
C00326801,2182018.0,2,2018,18,2
C00326801,2252018.0,25,2018,25,2
C00326801,2262018.0,10,2018,26,2
C00326801,2042018.0,100,2018,04,2
C00326801,2252018.0,500,2018,25,2
C00326801,2042018.0,25,2018,04,2
C00326801,2042018.0,25,2018,04,2
C00326801,2112018.0,2500,2018,11,2
C00326801,2042018.0,10,2018,04,2
C00326801,2202018.0,250,2018,20,2
C00326801,2042018.0,25,2018,04,2
C00326801,2042018.0,5,2018,04,2
C00326801,2042018.0,40,2018,04,2
C00326801,2182018.0,25,2018,18,2
C00326801,2182018.0,500,2018,18,2
C00326801,2232018.0,50,2018,23,2
C00326801,2272018.0,250,2018,27,2
C00326801,2112018.0,25,2018,11,2
C00326801,2042018.0,25,2018,04,2
C00326801,2252018.0,10,2018,25,2
C00326801,2262018.0,15,2018,26,2
C00326801,2262018.0,1,2018,26,2
C00326801,2252018.0,10,2018,25,2
C00326801,2252018.0,12,2018,25,2
C00326801,2282018.0,50,2018,28,2
C00326801,2182018.0,3,2018,18,2
C00326801,2112018.0,5,2018,11,2
C00326801,2182018.0,5,2018,18,2
C00326801,2182018.0,5,2018,18,2
C00326801,2022018.0,200,2018,02,2
C00326801,2282018.0,100,2018,28,2
C00326801,2022018.0,50,2018,02,2
C00326801,2252018.0,100,2018,25,2
C00326801,2262018.0,50,2018,26,2
C00326801,2042018.0,100,2018,04,2
C00326801,2112018.0,111,2018,11,2
C00326801,2182018.0,100,2018,18,2
C00326801,2262018.0,35,2018,26,2
C00326801,2112018.0,5,2018,11,2
C00326801,2162018.0,5,2018,16,2
C00326801,2202018.0,35,2018,20,2
C00326801,2182018.0,100,2018,18,2
C00326801,2252018.0,25,2018,25,2
C00326801,2042018.0,5,2018,04,2
C00326801,2182018.0,25,2018,18,2
C00326801,2202018.0,75,2018,20,2
C00326801,2272018.0,5,2018,27,2
C00326801,2252018.0,25,2018,25,2
C00326801,2252018.0,100,2018,25,2
C00326801,2262018.0,50,2018,26,2
C00326801,2112018.0,21,2018,11,2
C00326801,2112018.0,10,2018,11,2
C00326801,2112018.0,111,2018,11,2
C00326801,2232018.0,50,2018,23,2
C00326801,2182018.0,1000,2018,18,2
C00326801,2262018.0,25,2018,26,2
C00326801,2182018.0,10,2018,18,2
C00326801,2252018.0,50,2018,25,2
C00326801,2042018.0,25,2018,04,2
C00326801,2182018.0,10,2018,18,2
C00326801,2252018.0,5,2018,25,2
C00326801,2202018.0,25,2018,20,2
C00326801,2232018.0,100,2018,23,2
C00326801,2112018.0,150,2018,11,2
C00326801,2182018.0,100,2018,18,2
C00326801,2232018.0,250,2018,23,2
C00326801,2202018.0,1000,2018,20,2
C00326801,2282018.0,1000,2018,28,2
C00326801,2282018.0,325,2018,28,2
C00326801,2282018.0,25,2018,28,2
C00326801,2232018.0,100,2018,23,2
C00326801,2232018.0,50,2018,23,2
C00326801,2182018.0,200,2018,18,2
C00326801,2112018.0,25,2018,11,2
C00326801,2112018.0,5,2018,11,2
C00326801,2182018.0,10,2018,18,2
C00326801,2252018.0,5,2018,25,2
C00326801,2182018.0,5,2018,18,2
C00326801,2112018.0,100,2018,11,2
C00326801,2262018.0,5,2018,26,2
C00326801,2182018.0,5,2018,18,2
C00326801,2182018.0,5,2018,18,2
C00326801,2252018.0,100,2018,25,2
C00326801,2252018.0,25,2018,25,2
C00326801,2262018.0,50,2018,26,2
C00326801,2112018.0,100,2018,11,2
C00326801,2112018.0,250,2018,11,2
C00326801,2202018.0,50,2018,20,2
C00326801,2112018.0,10,2018,11,2
C00326801,2112018.0,150,2018,11,2
C00326801,2112018.0,150,2018,11,2
C00326801,2182018.0,12,2018,18,2
C00326801,2112018.0,25,2018,11,2
C00326801,2042018.0,30,2018,04,2
C00326801,2182018.0,100,2018,18,2
C00326801,2182018.0,100,2018,18,2
C00326801,2182018.0,100,2018,18,2
C00326801,2042018.0,50,2018,04,2
C00326801,2042018.0,50,2018,04,2
C00326801,2042018.0,50,2018,04,2
C00326801,2042018.0,9,2018,04,2
C00326801,2182018.0,511,2018,18,2
C00326801,2182018.0,1000,2018,18,2
C00326801,2112018.0,10,2018,11,2
C00326801,2112018.0,5,2018,11,2
C00326801,2252018.0,5,2018,25,2
C00326801,2262018.0,5,2018,26,2
C00326801,2272018.0,10,2018,27,2
C00326801,2282018.0,5,2018,28,2
C00326801,2272018.0,50,2018,27,2
C00326801,2252018.0,5,2018,25,2
C00326801,2222018.0,100,2018,22,2
C00326801,2022018.0,100,2018,02,2
C00326801,2182018.0,10,2018,18,2
C00326801,2252018.0,10,2018,25,2
C00326801,2112018.0,3,2018,11,2
C00326801,2182018.0,10,2018,18,2
C00326801,2182018.0,10,2018,18,2
C00326801,2252018.0,10,2018,25,2
C00326801,2042018.0,50,2018,04,2
C00326801,2202018.0,50,2018,20,2
C00326801,2282018.0,50,2018,28,2
C00326801,2252018.0,100,2018,25,2
C00326801,2112018.0,11,2018,11,2
C00326801,2272018.0,25,2018,27,2
C00326801,2082018.0,100,2018,08,2
C00326801,2092018.0,20,2018,09,2
C00326801,2252018.0,10,2018,25,2
C00326801,2202018.0,500,2018,20,2
C00326801,2272018.0,25,2018,27,2
C00326801,2152018.0,500,2018,15,2
C00326801,2262018.0,25,2018,26,2
C00326801,2042018.0,1000,2018,04,2
C00326801,2042018.0,25,2018,04,2
C00326801,2112018.0,51,2018,11,2
C00326801,2282018.0,25,2018,28,2
C00326801,2112018.0,100,2018,11,2
C00326801,2202018.0,100,2018,20,2
C00326801,2202018.0,75,2018,20,2
C00326801,2112018.0,3,2018,11,2
C00326801,2262018.0,20,2018,26,2
C00326801,2182018.0,50,2018,18,2
C00326801,2112018.0,50,2018,11,2
C00326801,2252018.0,50,2018,25,2
C00326801,2112018.0,1500,2018,11,2
C00326801,2042018.0,10,2018,04,2
C00326801,2282018.0,10,2018,28,2
C00326801,2232018.0,100,2018,23,2
C00326801,2182018.0,66,2018,18,2
C00326801,2182018.0,300,2018,18,2
C00326801,2042018.0,25,2018,04,2
C00326801,2152018.0,50,2018,15,2
C00326801,2042018.0,10,2018,04,2
C00326801,2282018.0,10,2018,28,2
C00326801,2252018.0,25,2018,25,2
C00326801,2112018.0,112,2018,11,2
C00326801,2042018.0,25,2018,04,2
C00326801,2252018.0,25,2018,25,2
C00326801,2252018.0,50,2018,25,2
C00326801,2282018.0,25,2018,28,2
C00326801,2182018.0,250,2018,18,2
C00326801,2202018.0,10,2018,20,2
C00326801,2182018.0,25,2018,18,2
C00326801,2252018.0,25,2018,25,2
C00326801,2182018.0,25,2018,18,2
C00326801,2232018.0,120,2018,23,2
C00326801,2112018.0,50,2018,11,2
C00326801,2262018.0,50,2018,26,2
C00326801,2112018.0,150,2018,11,2
C00326801,2252018.0,300,2018,25,2
C00326801,2112018.0,50,2018,11,2
C00326801,2282018.0,25,2018,28,2
C00326801,2042018.0,25,2018,04,2
C00326801,2282018.0,25,2018,28,2
C00326801,2202018.0,100,2018,20,2
C00326801,2282018.0,25,2018,28,2
C00326801,2182018.0,25,2018,18,2
C00326801,2182018.0,25,2018,18,2
C00326801,2272018.0,10,2018,27,2
C00326801,2222018.0,50,2018,22,2
C00326801,2042018.0,25,2018,04,2
C00326801,2262018.0,35,2018,26,2
C00326801,2042018.0,50,2018,04,2
C00326801,2202018.0,100,2018,20,2
C00326801,2112018.0,50,2018,11,2
C00326801,2202018.0,50,2018,20,2
C00326801,2262018.0,100,2018,26,2
C00326801,2112018.0,111,2018,11,2
C00326801,2112018.0,150,2018,11,2
C00326801,2042018.0,10,2018,04,2
C00326801,2252018.0,200,2018,25,2
C00326801,2252018.0,261,2018,25,2
C00326801,2252018.0,200,2018,25,2
C00326801,2252018.0,238,2018,25,2
C00326801,2202018.0,35,2018,20,2
C00326801,2182018.0,400,2018,18,2
C00326801,2262018.0,50,2018,26,2
C00326801,2042018.0,100,2018,04,2
C00326801,2282018.0,100,2018,28,2
C00326801,2042018.0,100,2018,04,2
C00326801,2282018.0,100,2018,28,2
C00326801,2042018.0,300,2018,04,2
C00326801,2182018.0,1000,2018,18,2
C00326801,2252018.0,5,2018,25,2
C00326801,2052018.0,25,2018,05,2
C00326801,2042018.0,100,2018,04,2
C00326801,2262018.0,20,2018,26,2
C00326801,2112018.0,100,2018,11,2
C00326801,2122018.0,300,2018,12,2
C00326801,2082018.0,150,2018,08,2
C00326801,2232018.0,150,2018,23,2
C00326801,2192018.0,250,2018,19,2
C00326801,2202018.0,75,2018,20,2
C00326801,2202018.0,250,2018,20,2
C00326801,2222018.0,250,2018,22,2
C00326801,2162018.0,250,2018,16,2
C00326801,2042018.0,100,2018,04,2
C00326801,2042018.0,36,2018,04,2
C00326801,2112018.0,100,2018,11,2
C00326801,2252018.0,100,2018,25,2
C00326801,2282018.0,15,2018,28,2
C00326801,2112018.0,25,2018,11,2
C00326801,2282018.0,10,2018,28,2
C00326801,2182018.0,50,2018,18,2
C00326801,2262018.0,50,2018,26,2
C00326801,2182018.0,100,2018,18,2
C00326801,2042018.0,200,2018,04,2
C00326801,2182018.0,50,2018,18,2
C00326801,2182018.0,200,2018,18,2
C00326801,2202018.0,50,2018,20,2
C00326801,2042018.0,25,2018,04,2
C00326801,2282018.0,25,2018,28,2
C00326801,2062018.0,35,2018,06,2
C00326801,2262018.0,35,2018,26,2
C00326801,2042018.0,5,2018,04,2
C00326801,2282018.0,100,2018,28,2
C00326801,2042018.0,100,2018,04,2
C00326801,2112018.0,100,2018,11,2
C00326801,2282018.0,10,2018,28,2
C00326801,2112018.0,10,2018,11,2
C00326801,2232018.0,100,2018,23,2
C00326801,2112018.0,2700,2018,11,2
C00326801,2202018.0,100,2018,20,2
C00326801,2112018.0,25,2018,11,2
C00326801,2112018.0,100,2018,11,2
C00326801,2262018.0,100,2018,26,2
C00326801,2112018.0,100,2018,11,2
C00326801,2152018.0,2700,2018,15,2
C00326801,2152018.0,2700,2018,15,2
C00326801,2042018.0,15,2018,04,2
C00326801,2042018.0,33,2018,04,2
C00326801,2042018.0,15,2018,04,2
C00326801,2272018.0,5,2018,27,2
C00326801,2042018.0,150,2018,04,2
C00326801,2262018.0,5,2018,26,2
C00326801,2252018.0,5,2018,25,2
C00326801,2282018.0,10,2018,28,2
C00326801,2042018.0,25,2018,04,2
C00326801,2042018.0,1000,2018,04,2
C00326801,2252018.0,300,2018,25,2
C00326801,2282018.0,750,2018,28,2
C00326801,2182018.0,2700,2018,18,2
C00326801,2182018.0,500,2018,18,2
C00326801,2182018.0,5,2018,18,2
C00326801,2272018.0,50,2018,27,2
C00326801,2112018.0,150,2018,11,2
C00326801,2212018.0,100,2018,21,2
C00326801,2272018.0,50,2018,27,2
C00326801,2112018.0,25,2018,11,2
C00326801,2202018.0,300,2018,20,2
C00326801,2202018.0,100,2018,20,2
C00326801,2182018.0,10,2018,18,2
C00326801,2112018.0,1000,2018,11,2
C00326801,2092018.0,50,2018,09,2
C00326801,2202018.0,100,2018,20,2
C00326801,2222018.0,100,2018,22,2
C00326801,2062018.0,50,2018,06,2
C00326801,2152018.0,50,2018,15,2
C00326801,2262018.0,50,2018,26,2
C00326801,2042018.0,10,2018,04,2
C00326801,2282018.0,100,2018,28,2
C00326801,2202018.0,20,2018,20,2
C00326801,2232018.0,50,2018,23,2
C00326801,2052018.0,30,2018,05,2
C00326801,2262018.0,200,2018,26,2
C00326801,2252018.0,25,2018,25,2
C00326801,2052018.0,100,2018,05,2
C00326801,2252018.0,100,2018,25,2
C00326801,2252018.0,100,2018,25,2
C00326801,2042018.0,10,2018,04,2
C00326801,2042018.0,100,2018,04,2
C00326801,2232018.0,30,2018,23,2
C00326801,2252018.0,10,2018,25,2
C00326801,2252018.0,10,2018,25,2
C00326801,2252018.0,10,2018,25,2
C00326801,2272018.0,35,2018,27,2
C00326801,2232018.0,100,2018,23,2
C00326801,2042018.0,250,2018,04,2
C00326801,2282018.0,250,2018,28,2
C00326801,2232018.0,100,2018,23,2
C00326801,2252018.0,700,2018,25,2
C00326801,2182018.0,5,2018,18,2
C00326801,2112018.0,2700,2018,11,2
C00326801,2252018.0,51,2018,25,2
C00326801,2282018.0,100,2018,28,2
C00326801,2182018.0,25,2018,18,2
C00326801,2182018.0,250,2018,18,2
C00326801,2042018.0,300,2018,04,2
C00326801,2042018.0,200,2018,04,2
C00326801,2252018.0,200,2018,25,2
C00326801,2282018.0,100,2018,28,2
C00326801,2282018.0,15,2018,28,2
C00326801,2282018.0,22,2018,28,2
C00326801,2042018.0,3,2018,04,2
C00326801,2042018.0,50,2018,04,2
C00326801,2282018.0,50,2018,28,2
C00326801,2282018.0,3,2018,28,2
C00326801,2282018.0,25,2018,28,2
C00326801,2182018.0,50,2018,18,2
C00326801,2112018.0,7,2018,11,2
C00326801,2042018.0,25,2018,04,2
C00326801,2282018.0,25,2018,28,2
C00326801,2122018.0,40,2018,12,2
C00326801,2232018.0,50,2018,23,2
C00326801,2262018.0,50,2018,26,2
C00326801,2182018.0,100,2018,18,2
C00326801,2232018.0,100,2018,23,2
C00326801,2282018.0,10,2018,28,2
C00326801,2272018.0,100,2018,27,2
C00326801,2262018.0,100,2018,26,2
C00326801,2202018.0,500,2018,20,2
C00326801,2202018.0,35,2018,20,2
C00326801,2252018.0,5,2018,25,2
C00326801,2232018.0,120,2018,23,2
C00326801,2202018.0,75,2018,20,2
C00326801,2182018.0,250,2018,18,2
C00326801,2232018.0,50,2018,23,2
C00326801,2182018.0,50,2018,18,2
C00326801,2112018.0,5,2018,11,2
C00326801,2252018.0,5,2018,25,2
C00326801,2252018.0,5,2018,25,2
C00326801,2282018.0,5,2018,28,2
C00326801,2272018.0,5,2018,27,2
C00326801,2282018.0,5,2018,28,2
C00326801,2282018.0,5,2018,28,2
C00326801,2182018.0,25,2018,18,2
C00326801,2252018.0,50,2018,25,2
C00326801,2252018.0,50,2018,25,2
C00326801,2112018.0,1000,2018,11,2
C00326801,2232018.0,100,2018,23,2
C00326801,2042018.0,25,2018,04,2
C00326801,2182018.0,10,2018,18,2
C00326801,2252018.0,10,2018,25,2
C00326801,2182018.0,100,2018,18,2
C00326801,2122018.0,100,2018,12,2
C00326801,2042018.0,1,2018,04,2
C00326801,2252018.0,25,2018,25,2
C00326801,2082018.0,2700,2018,08,2
C00326801,2282018.0,200,2018,28,2
C00326801,2182018.0,11,2018,18,2
C00326801,2042018.0,200,2018,04,2
C00326801,2222018.0,100,2018,22,2
C00326801,2162018.0,450,2018,16,2
C00326801,2252018.0,10,2018,25,2
C00326801,2042018.0,12,2018,04,2
C00326801,2112018.0,11,2018,11,2
C00326801,2112018.0,25,2018,11,2
C00326801,2262018.0,500,2018,26,2
C00326801,2042018.0,75,2018,04,2
C00326801,2042018.0,50,2018,04,2
C00326801,2142018.0,50,2018,14,2
C00326801,2232018.0,50,2018,23,2
C00326801,2222018.0,50,2018,22,2
C00326801,2052018.0,25,2018,05,2
C00326801,2112018.0,5,2018,11,2
C00326801,2042018.0,4,2018,04,2
C00326801,2112018.0,4,2018,11,2
C00326801,2042018.0,5,2018,04,2
C00326801,2252018.0,5,2018,25,2
C00326801,2252018.0,10,2018,25,2
C00326801,2132018.0,35,2018,13,2
C00326801,2232018.0,50,2018,23,2
C00326801,2232018.0,20,2018,23,2
C00326801,2232018.0,100,2018,23,2
C00326801,2262018.0,500,2018,26,2
C00326801,2282018.0,25,2018,28,2
C00326801,2222018.0,50,2018,22,2
C00326801,2042018.0,10,2018,04,2
C00326801,2252018.0,25,2018,25,2
C00326801,2252018.0,10,2018,25,2
C00326801,2282018.0,10,2018,28,2
C00326801,2282018.0,10,2018,28,2
C00326801,2272018.0,15,2018,27,2
C00326801,2112018.0,20,2018,11,2
C00326801,2182018.0,20,2018,18,2
C00326801,2252018.0,20,2018,25,2
C00326801,2262018.0,5,2018,26,2
C00326801,2232018.0,150,2018,23,2
C00326801,2262018.0,100,2018,26,2
C00326801,2042018.0,12,2018,04,2
C00326801,2252018.0,5,2018,25,2
C00326801,2042018.0,100,2018,04,2
C00326801,2122018.0,50,2018,12,2
C00326801,2182018.0,500,2018,18,2
C00326801,2272018.0,25,2018,27,2
C00326801,2082018.0,100,2018,08,2
C00326801,2232018.0,35,2018,23,2
C00326801,2232018.0,50,2018,23,2
C00326801,2262018.0,25,2018,26,2
C00326801,2112018.0,25,2018,11,2
C00326801,2202018.0,25,2018,20,2
C00326801,2262018.0,50,2018,26,2
C00326801,2112018.0,51,2018,11,2
C00326801,2112018.0,51,2018,11,2
C00326801,2252018.0,500,2018,25,2
C00326801,2082018.0,50,2018,08,2
C00326801,2062018.0,250,2018,06,2
C00326801,2132018.0,500,2018,13,2
C00326801,2222018.0,250,2018,22,2
C00326801,2232018.0,100,2018,23,2
C00326801,2252018.0,100,2018,25,2
C00326801,2062018.0,100,2018,06,2
C00326801,2232018.0,1000,2018,23,2
C00326801,2042018.0,100,2018,04,2
C00326801,2282018.0,100,2018,28,2
C00326801,2282018.0,100,2018,28,2
C00326801,2262018.0,50,2018,26,2
C00326801,2122018.0,250,2018,12,2
C00326801,2272018.0,1000,2018,27,2
C00326801,2042018.0,100,2018,04,2
C00326801,2042018.0,50,2018,04,2
C00326801,2062018.0,100,2018,06,2
C00326801,2202018.0,100,2018,20,2
C00326801,2042018.0,100,2018,04,2
C00326801,2112018.0,50,2018,11,2
C00326801,2112018.0,250,2018,11,2
C00326801,2282018.0,40,2018,28,2
C00326801,2112018.0,12,2018,11,2
C00326801,2282018.0,10,2018,28,2
C00326801,2042018.0,30,2018,04,2
C00326801,2282018.0,25,2018,28,2
C00326801,2202018.0,100,2018,20,2
C00326801,2042018.0,25,2018,04,2
C00326801,2282018.0,25,2018,28,2
C00326801,2112018.0,500,2018,11,2
C00326801,2222018.0,50,2018,22,2
C00326801,2082018.0,100,2018,08,2
C00326801,2042018.0,75,2018,04,2
C00326801,2042018.0,5,2018,04,2
C00326801,2252018.0,5,2018,25,2
C00326801,2032018.0,125,2018,03,2
C00326801,2282018.0,200,2018,28,2
C00326801,2122018.0,300,2018,12,2
C00326801,2222018.0,100,2018,22,2
C00326801,2202018.0,35,2018,20,2
C00326801,2232018.0,2200,2018,23,2
C00326801,2232018.0,18,2018,23,2
C00326801,2102018.0,2700,2018,10,2
C00326801,2112018.0,200,2018,11,2
C00326801,2252018.0,50,2018,25,2
C00326801,2112018.0,25,2018,11,2
C00326801,2232018.0,100,2018,23,2
C00326801,2202018.0,100,2018,20,2
C00326801,2182018.0,100,2018,18,2
C00326801,2272018.0,10,2018,27,2
C00326801,2282018.0,10,2018,28,2
C00326801,2162018.0,100,2018,16,2
C00326801,2232018.0,20,2018,23,2
C00326801,2202018.0,100,2018,20,2
C00326801,2262018.0,50,2018,26,2
C00326801,2232018.0,201,2018,23,2
C00326801,2252018.0,50,2018,25,2
C00326801,2042018.0,100,2018,04,2
C00326801,2252018.0,5,2018,25,2
C00326801,2202018.0,30,2018,20,2
C00326801,2112018.0,250,2018,11,2
C00326801,2182018.0,50,2018,18,2
C00326801,2262018.0,100,2018,26,2
C00326801,2112018.0,100,2018,11,2
C00326801,2222018.0,25,2018,22,2
C00326801,2012018.0,50,2018,01,2
C00326801,2182018.0,111,2018,18,2
C00326801,2042018.0,25,2018,04,2
C00326801,2112018.0,9,2018,11,2
C00326801,2072018.0,100,2018,07,2
C00326801,2112018.0,50,2018,11,2
C00326801,2262018.0,100,2018,26,2
C00326801,2262018.0,100,2018,26,2
C00326801,2062018.0,100,2018,06,2
C00326801,2252018.0,25,2018,25,2
C00326801,2252018.0,25,2018,25,2
C00326801,2252018.0,20,2018,25,2
C00326801,2252018.0,10,2018,25,2
C00326801,2202018.0,200,2018,20,2
C00326801,2042018.0,2,2018,04,2
C00326801,2042018.0,25,2018,04,2
C00326801,2282018.0,25,2018,28,2
C00326801,2182018.0,5,2018,18,2
C00326801,2252018.0,10,2018,25,2
C00326801,2262018.0,5,2018,26,2
C00326801,2202018.0,75,2018,20,2
C00326801,2182018.0,125,2018,18,2
C00326801,2052018.0,35,2018,05,2
C00326801,2052018.0,100,2018,05,2
C00326801,2042018.0,25,2018,04,2
C00326801,2112018.0,25,2018,11,2
C00326801,2062018.0,50,2018,06,2
C00326801,2202018.0,50,2018,20,2
C00326801,2212018.0,100,2018,21,2
C00326801,2072018.0,25,2018,07,2
C00326801,2232018.0,25,2018,23,2
C00326801,2112018.0,25,2018,11,2
C00326801,2252018.0,25,2018,25,2
C00326801,2202018.0,250,2018,20,2
C00326801,2262018.0,50,2018,26,2
C00326801,2042018.0,100,2018,04,2
C00326801,2282018.0,100,2018,28,2
C00326801,2232018.0,110,2018,23,2
C00326801,2162018.0,500,2018,16,2
C00326801,2232018.0,66,2018,23,2
C00326801,2112018.0,50,2018,11,2
C00326801,2282018.0,500,2018,28,2
C00326801,2262018.0,100,2018,26,2
C00326801,2202018.0,100,2018,20,2
C00326801,2262018.0,105,2018,26,2
C00326801,2272018.0,50,2018,27,2
C00326801,2252018.0,5,2018,25,2
C00326801,2252018.0,25,2018,25,2
C00326801,2232018.0,100,2018,23,2
C00326801,2202018.0,50,2018,20,2
C00326801,2062018.0,100,2018,06,2
C00326801,2112018.0,25,2018,11,2
C00326801,2262018.0,100,2018,26,2
C00326801,2112018.0,25,2018,11,2
C00326801,2042018.0,500,2018,04,2
C00326801,2082018.0,200,2018,08,2
C00326801,2042018.0,7,2018,04,2
C00326801,2212018.0,25,2018,21,2
C00326801,2202018.0,1000,2018,20,2
C00326801,2202018.0,50,2018,20,2
C00326801,2282018.0,10,2018,28,2
C00326801,2282018.0,25,2018,28,2
C00326801,2252018.0,25,2018,25,2
C00326801,2202018.0,50,2018,20,2
C00326801,2182018.0,100,2018,18,2
C00326801,2282018.0,100,2018,28,2
C00326801,2042018.0,10,2018,04,2
C00326801,2112018.0,25,2018,11,2
C00326801,2042018.0,100,2018,04,2
C00326801,2282018.0,100,2018,28,2
C00326801,2042018.0,5,2018,04,2
C00326801,2112018.0,3,2018,11,2
C00326801,2112018.0,5,2018,11,2
C00326801,2202018.0,50,2018,20,2
C00326801,2262018.0,100,2018,26,2
C00326801,2112018.0,25,2018,11,2
C00326801,2092018.0,1000,2018,09,2
C00326801,2232018.0,250,2018,23,2
C00326801,2112018.0,18,2018,11,2
C00326801,2252018.0,10,2018,25,2
C00326801,2262018.0,5,2018,26,2
C00326801,2282018.0,1,2018,28,2
C00326801,2282018.0,25,2018,28,2
C00326801,2282018.0,25,2018,28,2
C00326801,2182018.0,10,2018,18,2
C00326801,2112018.0,56,2018,11,2
C00326801,2042018.0,35,2018,04,2
C00326801,2202018.0,35,2018,20,2
C00326801,2062018.0,50,2018,06,2
C00326801,2272018.0,1000,2018,27,2
C00326801,2182018.0,50,2018,18,2
C00326801,2272018.0,50,2018,27,2
C00326801,2162018.0,20,2018,16,2
C00326801,2042018.0,10,2018,04,2
C00326801,2042018.0,75,2018,04,2
C00326801,2262018.0,2,2018,26,2
C00326801,2132018.0,2400,2018,13,2
C00326801,2202018.0,100,2018,20,2
C00326801,2042018.0,50,2018,04,2
C00326801,2042018.0,1,2018,04,2
C00326801,2162018.0,50,2018,16,2
C00326801,2222018.0,100,2018,22,2
C00326801,2072018.0,1400,2018,07,2
C00326801,2182018.0,25,2018,18,2
C00326801,2042018.0,19,2018,04,2
C00326801,2112018.0,50,2018,11,2
C00326801,2112018.0,21,2018,11,2
C00326801,2112018.0,100,2018,11,2
C00326801,2042018.0,500,2018,04,2
C00326801,2182018.0,500,2018,18,2
C00326801,2112018.0,150,2018,11,2
C00326801,2202018.0,50,2018,20,2
C00326801,2252018.0,25,2018,25,2
C00326801,2232018.0,25,2018,23,2
C00326801,2282018.0,75,2018,28,2
C00326801,2022018.0,500,2018,02,2
C00326801,2182018.0,500,2018,18,2
C00326801,2042018.0,100,2018,04,2
C00326801,2182018.0,25,2018,18,2
C00326801,2282018.0,10,2018,28,2
C00326801,2042018.0,500,2018,04,2
C00326801,2042018.0,250,2018,04,2
C00326801,2282018.0,250,2018,28,2
C00326801,2282018.0,15,2018,28,2
C00326801,2272018.0,10,2018,27,2
C00326801,2262018.0,100,2018,26,2
C00326801,2262018.0,50,2018,26,2
C00326801,2112018.0,38,2018,11,2
C00326801,2112018.0,12,2018,11,2
C00326801,2252018.0,5,2018,25,2
C00326801,2112018.0,40,2018,11,2
C00326801,2282018.0,30,2018,28,2
C00326801,2042018.0,100,2018,04,2
C00326801,2202018.0,200,2018,20,2
C00326801,2252018.0,25,2018,25,2
C00326801,2042018.0,16,2018,04,2
C00326801,2042018.0,1,2018,04,2
C00326801,2042018.0,25,2018,04,2
C00326801,2202018.0,100,2018,20,2
C00326801,2282018.0,50,2018,28,2
C00326801,2182018.0,50,2018,18,2
C00326801,2232018.0,100,2018,23,2
C00326801,2112018.0,75,2018,11,2
C00326801,2232018.0,250,2018,23,2
C00326801,2252018.0,50,2018,25,2
C00326801,2182018.0,250,2018,18,2
C00326801,2132018.0,35,2018,13,2
C00326801,2262018.0,35,2018,26,2
C00326801,2282018.0,10,2018,28,2
C00326801,2042018.0,5,2018,04,2
C00326801,2112018.0,25,2018,11,2
C00326801,2202018.0,500,2018,20,2
C00326801,2182018.0,500,2018,18,2
C00326801,2042018.0,10,2018,04,2
C00326801,2182018.0,10,2018,18,2
C00326801,2252018.0,10,2018,25,2
C00326801,2282018.0,10,2018,28,2
C00492991,2072018.0,250,2018,07,2
C00492991,2112018.0,25,2018,11,2
C00492991,2262018.0,25,2018,26,2
C00492991,2072018.0,1000,2018,07,2
C00492991,2222018.0,100,2018,22,2
C00492991,2212018.0,50,2018,21,2
C00492991,2172018.0,3,2018,17,2
C00492991,2282018.0,10,2018,28,2
C00492991,2182018.0,50,2018,18,2
C00492991,2012018.0,250,2018,01,2
C00492991,2042018.0,10,2018,04,2
C00492991,2282018.0,10,2018,28,2
C00492991,2102018.0,25,2018,10,2
C00492991,2062018.0,500,2018,06,2
C00492991,2072018.0,1000,2018,07,2
C00492991,2122018.0,1000,2018,12,2
C00492991,2062018.0,50,2018,06,2
C00492991,2062018.0,100,2018,06,2
C00492991,2062018.0,250,2018,06,2
C00492991,2112018.0,25,2018,11,2
C00492991,2232018.0,25,2018,23,2
C00492991,2152018.0,25,2018,15,2
C00492991,2272018.0,25,2018,27,2
C00492991,2072018.0,5,2018,07,2
C00492991,2122018.0,15,2018,12,2
C00492991,2252018.0,2700,2018,25,2
C00492991,2282018.0,70,2018,28,2
C00492991,2212018.0,15,2018,21,2
C00492991,2092018.0,20,2018,09,2
C00492991,2142018.0,25,2018,14,2
C00492991,2072018.0,500,2018,07,2
C00492991,2062018.0,10,2018,06,2
C00492991,2062018.0,400,2018,06,2
C00492991,2162018.0,10,2018,16,2
C00492991,2282018.0,25,2018,28,2
C00492991,2112018.0,50,2018,11,2
C00492991,2052018.0,100,2018,05,2
C00492991,2042018.0,25,2018,04,2
C00492991,2062018.0,500,2018,06,2
C00492991,2212018.0,50,2018,21,2
C00492991,2132018.0,5,2018,13,2
C00492991,2142018.0,20,2018,14,2
C00492991,2062018.0,100,2018,06,2
C00492991,2262018.0,100,2018,26,2
C00492991,2222018.0,25,2018,22,2
C00492991,2202018.0,105,2018,20,2
C00492991,2062018.0,50,2018,06,2
C00492991,2212018.0,25,2018,21,2
C00492991,2282018.0,50,2018,28,2
C00492991,2282018.0,1000,2018,28,2
C00492991,2282018.0,2700,2018,28,2
C00492991,2092018.0,50,2018,09,2
C00492991,2072018.0,25,2018,07,2
C00492991,2062018.0,1000,2018,06,2
C00492991,2222018.0,200,2018,22,2
C00492991,2062018.0,50,2018,06,2
C00492991,2282018.0,2700,2018,28,2
C00492991,2142018.0,47,2018,14,2
C00492991,2182018.0,25,2018,18,2
C00492991,2132018.0,50,2018,13,2
C00492991,2222018.0,100,2018,22,2
C00492991,2062018.0,50,2018,06,2
C00492991,2072018.0,25,2018,07,2
C00492991,2102018.0,10,2018,10,2
C00492991,2242018.0,1000,2018,24,2
C00492991,2112018.0,250,2018,11,2
C00473371,2022018.0,500,2018,02,2
C00473371,2202018.0,500,2018,20,2
C00473371,2282018.0,1000,2018,28,2
C00473371,2282018.0,2500,2018,28,2
C00576173,2282018.0,1000,2018,28,2
C00576173,2282018.0,1000,2018,28,2
C00576173,2162018.0,1500,2018,16,2
C00576173,2282018.0,500,2018,28,2
C00576173,2152018.0,1000,2018,15,2
C00576173,2122018.0,250,2018,12,2
C00413914,2232018.0,2200,2018,23,2
C00413914,2232018.0,500,2018,23,2
C00413914,2272018.0,20,2018,27,2
C00413914,2152018.0,5,2018,15,2
C00413914,2252018.0,30,2018,25,2
C00413914,2022018.0,1000,2018,02,2
C00413914,2202018.0,1000,2018,20,2
C00413914,2072018.0,50,2018,07,2
C00413914,2272018.0,25,2018,27,2
C00413914,2092018.0,25,2018,09,2
C00413914,2092018.0,500,2018,09,2
C00413914,2012018.0,500,2018,01,2
C00413914,2172018.0,25,2018,17,2
C00413914,2022018.0,25,2018,02,2
C00413914,2062018.0,5400,2018,06,2
C00413914,2192018.0,10,2018,19,2
C00413914,2202018.0,1000,2018,20,2
C00413914,2222018.0,1000,2018,22,2
C00413914,2272018.0,200,2018,27,2
C00413914,2282018.0,25,2018,28,2
C00413914,2212018.0,250,2018,21,2
C00413914,2152018.0,2,2018,15,2
C00413914,2272018.0,5,2018,27,2
C00413914,2092018.0,15,2018,09,2
C00413914,2052018.0,25,2018,05,2
C00413914,2022018.0,25,2018,02,2
C00413914,2262018.0,15,2018,26,2
C00413914,2162018.0,250,2018,16,2
C00413914,2062018.0,25,2018,06,2
C00413914,2262018.0,25,2018,26,2
C00413914,2222018.0,25,2018,22,2
C00413914,2272018.0,25,2018,27,2
C00413914,2052018.0,500,2018,05,2
C00413914,2282018.0,15,2018,28,2
C00413914,2162018.0,35,2018,16,2
C00413914,2152018.0,25,2018,15,2
C00413914,2062018.0,500,2018,06,2
C00413914,2122018.0,25,2018,12,2
C00413914,2272018.0,50,2018,27,2
C00413914,2142018.0,100,2018,14,2
C00413914,2242018.0,2700,2018,24,2
C00413914,2262018.0,1000,2018,26,2
C00413914,2182018.0,100,2018,18,2
C00413914,2192018.0,70,2018,19,2
C00413914,2212018.0,25,2018,21,2
C00413914,2102018.0,250,2018,10,2
C00413914,2022018.0,1000,2018,02,2
C00413914,2092018.0,1,2018,09,2
C00413914,2022018.0,5,2018,02,2
C00413914,2052018.0,250,2018,05,2
C00413914,2062018.0,250,2018,06,2
C00413914,2262018.0,1000,2018,26,2
C00413914,2012018.0,25,2018,01,2
C00413914,2192018.0,500,2018,19,2
C00413914,2162018.0,25,2018,16,2
C00413914,2232018.0,2700,2018,23,2
C00413914,2172018.0,100,2018,17,2
C00413914,2282018.0,15,2018,28,2
C00413914,2152018.0,50,2018,15,2
C00413914,2282018.0,10,2018,28,2
C00413914,2222018.0,50,2018,22,2
C00413914,2172018.0,25,2018,17,2
C00413914,2242018.0,10,2018,24,2
C00413914,2012018.0,2000,2018,01,2
C00413914,2262018.0,10,2018,26,2
C00413914,2102018.0,50,2018,10,2
C00413914,2202018.0,25,2018,20,2
C00413914,2172018.0,1000,2018,17,2
C00413914,2272018.0,100,2018,27,2
C00413914,2172018.0,25,2018,17,2
C00413914,2142018.0,1,2018,14,2
C00413914,2162018.0,1,2018,16,2
C00413914,2182018.0,1,2018,18,2
C00413914,2222018.0,25,2018,22,2
C00413914,2062018.0,12,2018,06,2
C00413914,2092018.0,25,2018,09,2
C00413914,2172018.0,25,2018,17,2
C00413914,2052018.0,5,2018,05,2
C00413914,2132018.0,25,2018,13,2
C00413914,2062018.0,25,2018,06,2
C00413914,2062018.0,2700,2018,06,2
C00413914,2062018.0,2700,2018,06,2
C00413914,2182018.0,25,2018,18,2
C00413914,2192018.0,25,2018,19,2
C00413914,2202018.0,25,2018,20,2
C00413914,2132018.0,15,2018,13,2
C00413914,2102018.0,10,2018,10,2
C00413914,2062018.0,25,2018,06,2
C00413914,2012018.0,500,2018,01,2
C00413914,2062018.0,15,2018,06,2
C00413914,2252018.0,25,2018,25,2
C00413914,2012018.0,25,2018,01,2
C00413914,2012018.0,25,2018,01,2
C00413914,2162018.0,25,2018,16,2
C00413914,2172018.0,50,2018,17,2
C00413914,2062018.0,10,2018,06,2
C00413914,2062018.0,100,2018,06,2
C00413914,2202018.0,100,2018,20,2
C00413914,2252018.0,1700,2018,25,2
C00413914,2252018.0,2700,2018,25,2
C00413914,2142018.0,56,2018,14,2
C00413914,2202018.0,250,2018,20,2
C00413914,2272018.0,500,2018,27,2
C00413914,2162018.0,100,2018,16,2
C00413914,2092018.0,5,2018,09,2
C00413914,2022018.0,25,2018,02,2
C00413914,2152018.0,25,2018,15,2
C00413914,2192018.0,10,2018,19,2
C00413914,2152018.0,1000,2018,15,2
C00413914,2022018.0,1000,2018,02,2
C00413914,2142018.0,100,2018,14,2
C00413914,2212018.0,25,2018,21,2
C00413914,2262018.0,25,2018,26,2
C00413914,2202018.0,50,2018,20,2
C00413914,2102018.0,5,2018,10,2
C00413914,2242018.0,8,2018,24,2
C00413914,2222018.0,1000,2018,22,2
C00413914,2202018.0,25,2018,20,2
C00413914,2282018.0,50,2018,28,2
C00413914,2102018.0,25,2018,10,2
C00413914,2132018.0,25,2018,13,2
C00413914,2132018.0,100,2018,13,2
C00413914,2142018.0,50,2018,14,2
C00413914,2022018.0,250,2018,02,2
C00413914,2172018.0,250,2018,17,2
C00413914,2052018.0,100,2018,05,2
C00413914,2192018.0,70,2018,19,2
C00413914,2032018.0,25,2018,03,2
C00413914,2272018.0,100,2018,27,2
C00413914,2132018.0,25,2018,13,2
C00413914,2282018.0,25,2018,28,2
C00413914,2202018.0,15,2018,20,2
C00413914,2122018.0,15,2018,12,2
C00413914,2142018.0,25,2018,14,2
C00413914,2122018.0,15,2018,12,2
C00413914,2202018.0,25,2018,20,2
C00413914,2142018.0,10,2018,14,2
C00413914,2212018.0,1500,2018,21,2
C00413914,2132018.0,5,2018,13,2
C00413914,2092018.0,2700,2018,09,2
C00413914,2202018.0,25,2018,20,2
C00413914,2092018.0,2700,2018,09,2
C00413914,2152018.0,250,2018,15,2
C00413914,2222018.0,250,2018,22,2
C00413914,2012018.0,1300,2018,01,2
C00413914,2222018.0,25,2018,22,2
C00413914,2202018.0,50,2018,20,2
C00413914,2092018.0,2700,2018,09,2
C00413914,2242018.0,50,2018,24,2
C00413914,2182018.0,25,2018,18,2
C00413914,2212018.0,100,2018,21,2
C00413914,2172018.0,50,2018,17,2
C00413914,2242018.0,60,2018,24,2
C00413914,2032018.0,15,2018,03,2
C00413914,2222018.0,500,2018,22,2
C00413914,2152018.0,25,2018,15,2
C00413914,2052018.0,2700,2018,05,2
C00413914,2152018.0,25,2018,15,2
C00413914,2202018.0,700,2018,20,2
C00413914,2202018.0,1300,2018,20,2
C00413914,2272018.0,1000,2018,27,2
C00413914,2072018.0,100,2018,07,2
C00413914,2152018.0,16,2018,15,2
C00413914,2212018.0,50,2018,21,2
C00413914,2192018.0,200,2018,19,2
C00413914,2012018.0,250,2018,01,2
C00413914,2112018.0,500,2018,11,2
C00413914,2072018.0,2700,2018,07,2
C00413914,2132018.0,25,2018,13,2
C00413914,2082018.0,25,2018,08,2
C00413914,2182018.0,100,2018,18,2
C00413914,2122018.0,10,2018,12,2
C00413914,2222018.0,15,2018,22,2
C00413914,2102018.0,25,2018,10,2
C00413914,2212018.0,15,2018,21,2
C00413914,2242018.0,25,2018,24,2
C00413914,2222018.0,500,2018,22,2
C00413914,2272018.0,15,2018,27,2
C00413914,2152018.0,25,2018,15,2
C00413914,2242018.0,50,2018,24,2
C00413914,2272018.0,25,2018,27,2
C00413914,2202018.0,25,2018,20,2
C00413914,2162018.0,25,2018,16,2
C00413914,2142018.0,161,2018,14,2
C00413914,2152018.0,23,2018,15,2
C00413914,2162018.0,15,2018,16,2
C00413914,2162018.0,25,2018,16,2
C00413914,2222018.0,25,2018,22,2
C00413914,2232018.0,2700,2018,23,2
C00413914,2082018.0,20,2018,08,2
C00413914,2092018.0,10,2018,09,2
C00413914,2092018.0,25,2018,09,2
C00413914,2282018.0,25,2018,28,2
C00413914,2162018.0,25,2018,16,2
C00413914,2182018.0,2700,2018,18,2
C00413914,2182018.0,2700,2018,18,2
C00413914,2172018.0,50,2018,17,2
C00413914,2202018.0,25,2018,20,2
C00413914,2172018.0,5,2018,17,2
C00413914,2272018.0,25,2018,27,2
C00413914,2222018.0,250,2018,22,2
C00413914,2252018.0,25,2018,25,2
C00413914,2212018.0,1000,2018,21,2
C00413914,2252018.0,50,2018,25,2
C00413914,2122018.0,50,2018,12,2
C00413914,2112018.0,10,2018,11,2
C00413914,2242018.0,50,2018,24,2
C00413914,2022018.0,25,2018,02,2
C00413914,2052018.0,100,2018,05,2
C00413914,2052018.0,25,2018,05,2
C00413914,2192018.0,15,2018,19,2
C00413914,2272018.0,25,2018,27,2
C00413914,2042018.0,5,2018,04,2
C00413914,2142018.0,25,2018,14,2
C00413914,2142018.0,6,2018,14,2
C00413914,2262018.0,5,2018,26,2
C00413914,2112018.0,25,2018,11,2
C00413914,2172018.0,20,2018,17,2
C00413914,2282018.0,10,2018,28,2
C00413914,2162018.0,15,2018,16,2
C00413914,2162018.0,15,2018,16,2
C00413914,2162018.0,15,2018,16,2
C00413914,2062018.0,250,2018,06,2
C00413914,2222018.0,1000,2018,22,2
C00413914,2282018.0,25,2018,28,2
C00413914,2142018.0,1000,2018,14,2
C00413914,2212018.0,500,2018,21,2
C00413914,2012018.0,1300,2018,01,2
C00413914,2012018.0,2700,2018,01,2
C00413914,2032018.0,10,2018,03,2
C00413914,2052018.0,250,2018,05,2
C00413914,2022018.0,25,2018,02,2
C00413914,2212018.0,1000,2018,21,2
C00413914,2222018.0,500,2018,22,2
C00413914,2272018.0,350,2018,27,2
C00413914,2112018.0,250,2018,11,2
C00413914,2212018.0,2700,2018,21,2
C00413914,2052018.0,1000,2018,05,2
C00413914,2152018.0,25,2018,15,2
C00413914,2262018.0,30,2018,26,2
C00413914,2232018.0,50,2018,23,2
C00413914,2072018.0,50,2018,07,2
C00413914,2132018.0,15,2018,13,2
C00413914,2282018.0,500,2018,28,2
C00413914,2022018.0,1000,2018,02,2
C00413914,2272018.0,70,2018,27,2
C00413914,2022018.0,100,2018,02,2
C00413914,2232018.0,15,2018,23,2
C00413914,2152018.0,15,2018,15,2
C00413914,2232018.0,2700,2018,23,2
C00413914,2232018.0,2700,2018,23,2
C00413914,2282018.0,15,2018,28,2
C00413914,2152018.0,25,2018,15,2
C00413914,2082018.0,15,2018,08,2
C00413914,2282018.0,15,2018,28,2
C00413914,2052018.0,500,2018,05,2
C00413914,2082018.0,50,2018,08,2
C00413914,2042018.0,25,2018,04,2
C00413914,2232018.0,100,2018,23,2
C00413914,2132018.0,2700,2018,13,2
C00413914,2062018.0,50,2018,06,2
C00413914,2122018.0,50,2018,12,2
C00413914,2212018.0,1000,2018,21,2
C00413914,2062018.0,250,2018,06,2
C00413914,2232018.0,70,2018,23,2
C00413914,2192018.0,25,2018,19,2
C00413914,2152018.0,50,2018,15,2
C00413914,2062018.0,12,2018,06,2
C00413914,2142018.0,16,2018,14,2
C00413914,2162018.0,10,2018,16,2
C00413914,2122018.0,25,2018,12,2
C00413914,2232018.0,25,2018,23,2
C00413914,2112018.0,40,2018,11,2
C00413914,2142018.0,50,2018,14,2
C00413914,2252018.0,200,2018,25,2
C00413914,2252018.0,10,2018,25,2
C00413914,2252018.0,35,2018,25,2
C00413914,2062018.0,25,2018,06,2
C00413914,2282018.0,26,2018,28,2
C00413914,2052018.0,1000,2018,05,2
C00413914,2142018.0,50,2018,14,2
C00413914,2062018.0,50,2018,06,2
C00413914,2202018.0,25,2018,20,2
C00413914,2232018.0,1000,2018,23,2
C00413914,2092018.0,25,2018,09,2
C00413914,2012018.0,15,2018,01,2
C00413914,2022018.0,1000,2018,02,2
C00413914,2142018.0,25,2018,14,2
C00413914,2192018.0,25,2018,19,2
C00413914,2032018.0,10,2018,03,2
C00413914,2282018.0,10,2018,28,2
C00413914,2202018.0,12,2018,20,2
C00413914,2282018.0,50,2018,28,2
C00413914,2152018.0,2700,2018,15,2
C00413914,2152018.0,1000,2018,15,2
C00413914,2152018.0,2700,2018,15,2
C00413914,2162018.0,10,2018,16,2
C00413914,2032018.0,15,2018,03,2
C00413914,2272018.0,8,2018,27,2
C00413914,2122018.0,250,2018,12,2
C00413914,2022018.0,25,2018,02,2
C00413914,2142018.0,25,2018,14,2
C00413914,2172018.0,50,2018,17,2
C00413914,2052018.0,1000,2018,05,2
C00413914,2092018.0,100,2018,09,2
C00413914,2222018.0,15,2018,22,2
C00413914,2212018.0,5,2018,21,2
C00413914,2062018.0,1000,2018,06,2
C00413914,2192018.0,10,2018,19,2
C00413914,2012018.0,2700,2018,01,2
C00413914,2222018.0,1000,2018,22,2
C00413914,2202018.0,25,2018,20,2
C00413914,2282018.0,2200,2018,28,2
C00413914,2052018.0,100,2018,05,2
C00413914,2282018.0,25,2018,28,2
C00413914,2102018.0,15,2018,10,2
C00413914,2092018.0,2700,2018,09,2
C00413914,2202018.0,2700,2018,20,2
C00413914,2032018.0,15,2018,03,2
C00413914,2082018.0,500,2018,08,2
C00413914,2172018.0,1000,2018,17,2
C00413914,2222018.0,15,2018,22,2
C00413914,2162018.0,50,2018,16,2
C00413914,2232018.0,200,2018,23,2
C00413914,2112018.0,100,2018,11,2
C00413914,2132018.0,2700,2018,13,2
C00413914,2142018.0,5,2018,14,2
C00413914,2142018.0,25,2018,14,2
C00413914,2202018.0,70,2018,20,2
C00413914,2282018.0,100,2018,28,2
C00413914,2152018.0,2700,2018,15,2
C00413914,2232018.0,25,2018,23,2
C00413914,2142018.0,50,2018,14,2
C00413914,2282018.0,12,2018,28,2
C00413914,2012018.0,50,2018,01,2
C00413914,2232018.0,25,2018,23,2
C00413914,2032018.0,25,2018,03,2
C00413914,2172018.0,20,2018,17,2
C00413914,2252018.0,15,2018,25,2
C00413914,2052018.0,100,2018,05,2
C00413914,2152018.0,25,2018,15,2
C00413914,2102018.0,25,2018,10,2
C00413914,2192018.0,15,2018,19,2
C00413914,2142018.0,500,2018,14,2
C00413914,2032018.0,25,2018,03,2
C00413914,2022018.0,15,2018,02,2
C00413914,2102018.0,25,2018,10,2
C00413914,2272018.0,250,2018,27,2
C00413914,2122018.0,25,2018,12,2
C00413914,2232018.0,25,2018,23,2
C00413914,2192018.0,50,2018,19,2
C00413914,2042018.0,150,2018,04,2
C00413914,2152018.0,2700,2018,15,2
C00413914,2152018.0,2700,2018,15,2
C00413914,2152018.0,1000,2018,15,2
C00413914,2112018.0,250,2018,11,2
C00413914,2022018.0,25,2018,02,2
C00413914,2152018.0,20,2018,15,2
C00413914,2262018.0,25,2018,26,2
C00413914,2122018.0,5,2018,12,2
C00413914,2122018.0,2,2018,12,2
C00413914,2122018.0,6,2018,12,2
C00413914,2082018.0,25,2018,08,2
C00413914,2262018.0,100,2018,26,2
C00413914,2152018.0,100,2018,15,2
C00413914,2242018.0,15,2018,24,2
C00413914,2142018.0,1000,2018,14,2
C00413914,2282018.0,250,2018,28,2
C00413914,2282018.0,50,2018,28,2
C00413914,2142018.0,100,2018,14,2
C00413914,2232018.0,50,2018,23,2
C00413914,2092018.0,2000,2018,09,2
C00413914,2042018.0,15,2018,04,2
C00413914,2232018.0,25,2018,23,2
C00413914,2242018.0,15,2018,24,2
C00413914,2142018.0,100,2018,14,2
C00413914,2222018.0,50,2018,22,2
C00413914,2212018.0,25,2018,21,2
C00413914,2142018.0,35,2018,14,2
C00413914,2132018.0,25,2018,13,2
C00413914,2032018.0,15,2018,03,2
C00413914,2152018.0,15,2018,15,2
C00413914,2092018.0,15,2018,09,2
C00413914,2252018.0,1000,2018,25,2
C00413914,2272018.0,20,2018,27,2
C00413914,2012018.0,250,2018,01,2
C00413914,2012018.0,2000,2018,01,2
C00413914,2192018.0,25,2018,19,2
C00413914,2152018.0,2100,2018,15,2
C00413914,2082018.0,25,2018,08,2
C00413914,2262018.0,100,2018,26,2
C00413914,2152018.0,50,2018,15,2
C00413914,2192018.0,2200,2018,19,2
C00413914,2192018.0,500,2018,19,2
C00413914,2162018.0,100,2018,16,2
C00413914,2102018.0,50,2018,10,2
C00413914,2242018.0,20,2018,24,2
C00413914,2272018.0,25,2018,27,2
C00413914,2202018.0,10,2018,20,2
C00413914,2122018.0,100,2018,12,2
C00413914,2262018.0,2700,2018,26,2
C00413914,2172018.0,25,2018,17,2
C00413914,2222018.0,50,2018,22,2
C00413914,2262018.0,200,2018,26,2
C00413914,2152018.0,500,2018,15,2
C00413914,2282018.0,15,2018,28,2
C00413914,2192018.0,25,2018,19,2
C00413914,2252018.0,60,2018,25,2
C00413914,2062018.0,25,2018,06,2
C00413914,2192018.0,10,2018,19,2
C00413914,2012018.0,25,2018,01,2
C00413914,2232018.0,25,2018,23,2
C00413914,2082018.0,50,2018,08,2
C00413914,2202018.0,20,2018,20,2
C00413914,2282018.0,2,2018,28,2
C00413914,2252018.0,15,2018,25,2
C00413914,2012018.0,2650,2018,01,2
C00413914,2012018.0,150,2018,01,2
C00413914,2012018.0,2500,2018,01,2
C00413914,2012018.0,2700,2018,01,2
C00413914,2142018.0,100,2018,14,2
C00413914,2182018.0,100,2018,18,2
C00413914,2262018.0,30,2018,26,2
C00413914,2152018.0,50,2018,15,2
C00413914,2152018.0,50,2018,15,2
C00413914,2162018.0,250,2018,16,2
C00413914,2232018.0,15,2018,23,2
C00413914,2142018.0,100,2018,14,2
C00413914,2272018.0,100,2018,27,2
C00413914,2152018.0,11,2018,15,2
C00413914,2042018.0,5,2018,04,2
C00413914,2282018.0,140,2018,28,2
C00413914,2242018.0,100,2018,24,2
C00413914,2162018.0,25,2018,16,2
C00413914,2132018.0,25,2018,13,2
C00413914,2132018.0,5,2018,13,2
C00413914,2062018.0,25,2018,06,2
C00413914,2152018.0,15,2018,15,2
C00413914,2282018.0,75,2018,28,2
C00413914,2222018.0,100,2018,22,2
C00413914,2022018.0,1000,2018,02,2
C00413914,2282018.0,500,2018,28,2
C00413914,2272018.0,1000,2018,27,2
C00413914,2282018.0,25,2018,28,2
C00413914,2022018.0,75,2018,02,2
C00413914,2052018.0,25,2018,05,2
C00413914,2062018.0,1000,2018,06,2
C00413914,2012018.0,25,2018,01,2
C00413914,2222018.0,35,2018,22,2
C00413914,2082018.0,25,2018,08,2
C00413914,2072018.0,25,2018,07,2
C00413914,2272018.0,50,2018,27,2
C00413914,2272018.0,25,2018,27,2
C00413914,2282018.0,25,2018,28,2
C00413914,2282018.0,2700,2018,28,2
C00413914,2162018.0,25,2018,16,2
C00413914,2022018.0,1000,2018,02,2
C00413914,2152018.0,15,2018,15,2
C00413914,2062018.0,15,2018,06,2
C00413914,2022018.0,75,2018,02,2
C00413914,2222018.0,25,2018,22,2
C00413914,2252018.0,50,2018,25,2
C00413914,2222018.0,25,2018,22,2
C00413914,2282018.0,15,2018,28,2
C00413914,2082018.0,15,2018,08,2
C00413914,2112018.0,25,2018,11,2
C00413914,2222018.0,500,2018,22,2
C00413914,2122018.0,62,2018,12,2
C00413914,2232018.0,10,2018,23,2
C00413914,2112018.0,25,2018,11,2
C00413914,2182018.0,25,2018,18,2
C00413914,2272018.0,250,2018,27,2
C00413914,2192018.0,25,2018,19,2
C00413914,2102018.0,50,2018,10,2
C00413914,2202018.0,25,2018,20,2
C00413914,2242018.0,1500,2018,24,2
C00413914,2032018.0,50,2018,03,2
C00413914,2172018.0,50,2018,17,2
C00413914,2162018.0,25,2018,16,2
C00413914,2012018.0,250,2018,01,2
C00413914,2172018.0,100,2018,17,2
C00413914,2222018.0,50,2018,22,2
C00413914,2142018.0,50,2018,14,2
C00413914,2242018.0,100,2018,24,2
C00413914,2072018.0,2000,2018,07,2
C00413914,2272018.0,12,2018,27,2
C00413914,2042018.0,300,2018,04,2
C00413914,2012018.0,10,2018,01,2
C00413914,2012018.0,1000,2018,01,2
C00413914,2232018.0,25,2018,23,2
C00413914,2172018.0,50,2018,17,2
C00413914,2022018.0,25,2018,02,2
C00413914,2122018.0,50,2018,12,2
C00413914,2282018.0,15,2018,28,2
C00413914,2112018.0,35,2018,11,2
C00413914,2212018.0,250,2018,21,2
C00413914,2192018.0,2500,2018,19,2
C00413914,2122018.0,1000,2018,12,2
C00413914,2062018.0,50,2018,06,2
C00413914,2062018.0,100,2018,06,2
C00413914,2062018.0,25,2018,06,2
C00413914,2242018.0,100,2018,24,2
C00413914,2252018.0,500,2018,25,2
C00413914,2222018.0,25,2018,22,2
C00413914,2262018.0,25,2018,26,2
C00413914,2122018.0,25,2018,12,2
C00413914,2062018.0,25,2018,06,2
C00413914,2202018.0,25,2018,20,2
C00413914,2282018.0,250,2018,28,2
C00413914,2092018.0,25,2018,09,2
C00413914,2092018.0,500,2018,09,2
C00413914,2262018.0,500,2018,26,2
C00413914,2232018.0,35,2018,23,2
C00413914,2162018.0,15,2018,16,2
C00413914,2092018.0,10,2018,09,2
C00413914,2282018.0,500,2018,28,2
C00413914,2082018.0,15,2018,08,2
C00413914,2262018.0,250,2018,26,2
C00413914,2152018.0,500,2018,15,2
C00413914,2162018.0,10,2018,16,2
C00413914,2272018.0,10,2018,27,2
C00413914,2242018.0,100,2018,24,2
C00413914,2162018.0,25,2018,16,2
C00413914,2012018.0,25,2018,01,2
C00413914,2212018.0,10000,2018,21,2
C00413914,2032018.0,25,2018,03,2
C00413914,2032018.0,20,2018,03,2
C00413914,2032018.0,100,2018,03,2
C00413914,2062018.0,50,2018,06,2
C00413914,2172018.0,250,2018,17,2
C00413914,2102018.0,15,2018,10,2
C00413914,2072018.0,15,2018,07,2
C00413914,2272018.0,20,2018,27,2
C00413914,2132018.0,25,2018,13,2
C00413914,2132018.0,25,2018,13,2
C00413914,2202018.0,100,2018,20,2
C00413914,2282018.0,100,2018,28,2
C00413914,2132018.0,150,2018,13,2
C00413914,2212018.0,1000,2018,21,2
C00413914,2192018.0,25,2018,19,2
C00413914,2162018.0,100,2018,16,2
C00413914,2132018.0,250,2018,13,2
C00413914,2042018.0,10,2018,04,2
C00413914,2032018.0,50,2018,03,2
C00413914,2142018.0,25,2018,14,2
C00413914,2082018.0,25,2018,08,2
C00413914,2272018.0,15,2018,27,2
C00413914,2222018.0,25,2018,22,2
C00413914,2192018.0,1000,2018,19,2
C00413914,2262018.0,500,2018,26,2
C00413914,2032018.0,20,2018,03,2
C00413914,2052018.0,1500,2018,05,2
C00413914,2022018.0,25,2018,02,2
C00413914,2122018.0,2700,2018,12,2
C00413914,2022018.0,500,2018,02,2
C00413914,2212018.0,25,2018,21,2
C00413914,2152018.0,25,2018,15,2
C00413914,2152018.0,25,2018,15,2
C00413914,2062018.0,2,2018,06,2
C00413914,2142018.0,25,2018,14,2
C00413914,2162018.0,25,2018,16,2
C00413914,2072018.0,25,2018,07,2
C00413914,2202018.0,100,2018,20,2
C00413914,2222018.0,6,2018,22,2
C00413914,2052018.0,25,2018,05,2
C00413914,2272018.0,1000,2018,27,2
C00413914,2162018.0,100,2018,16,2
C00413914,2122018.0,25,2018,12,2
C00413914,2042018.0,25,2018,04,2
C00413914,2182018.0,25,2018,18,2
C00413914,2182018.0,50,2018,18,2
C00413914,2122018.0,250,2018,12,2
C00413914,2142018.0,100,2018,14,2
C00413914,2192018.0,30,2018,19,2
C00413914,2172018.0,3,2018,17,2
C00413914,2182018.0,2,2018,18,2
C00413914,2202018.0,5,2018,20,2
C00413914,2132018.0,25,2018,13,2
C00413914,2112018.0,25,2018,11,2
C00413914,2182018.0,25,2018,18,2
C00413914,2132018.0,10,2018,13,2
C00413914,2262018.0,5,2018,26,2
C00413914,2122018.0,500,2018,12,2
C00413914,2142018.0,204,2018,14,2
C00413914,2062018.0,50,2018,06,2
C00413914,2122018.0,15,2018,12,2
C00413914,2122018.0,60,2018,12,2
C00413914,2102018.0,500,2018,10,2
C00413914,2132018.0,1000,2018,13,2
C00413914,2092018.0,45,2018,09,2
C00413914,2072018.0,50,2018,07,2
C00413914,2202018.0,25,2018,20,2
C00413914,2282018.0,100,2018,28,2
C00413914,2282018.0,1000,2018,28,2
C00413914,2132018.0,25,2018,13,2
C00413914,2022018.0,50,2018,02,2
C00413914,2102018.0,5,2018,10,2
C00413914,2142018.0,25,2018,14,2
C00413914,2162018.0,25,2018,16,2
C00413914,2202018.0,25,2018,20,2
C00413914,2282018.0,25,2018,28,2
C00413914,2082018.0,25,2018,08,2
C00413914,2252018.0,15,2018,25,2
C00413914,2022018.0,25,2018,02,2
C00413914,2282018.0,10,2018,28,2
C00413914,2282018.0,10,2018,28,2
C00413914,2132018.0,100,2018,13,2
C00413914,2232018.0,500,2018,23,2
C00413914,2232018.0,500,2018,23,2
C00413914,2062018.0,25,2018,06,2
C00413914,2282018.0,95,2018,28,2
C00413914,2172018.0,10,2018,17,2
C00413914,2082018.0,15,2018,08,2
C00413914,2062018.0,2,2018,06,2
C00413914,2132018.0,5,2018,13,2
C00413914,2282018.0,25,2018,28,2
C00413914,2232018.0,2700,2018,23,2
C00413914,2132018.0,15,2018,13,2
C00413914,2142018.0,200,2018,14,2
C00413914,2242018.0,25,2018,24,2
C00413914,2022018.0,2700,2018,02,2
C00413914,2192018.0,25,2018,19,2
C00413914,2022018.0,3,2018,02,2
C00413914,2052018.0,5,2018,05,2
C00413914,2052018.0,5,2018,05,2
C00413914,2162018.0,1000,2018,16,2
C00413914,2222018.0,100,2018,22,2
C00413914,2152018.0,50,2018,15,2
C00413914,2232018.0,25,2018,23,2
C00413914,2122018.0,50,2018,12,2
C00413914,2262018.0,35,2018,26,2
C00413914,2202018.0,250,2018,20,2
C00413914,2142018.0,150,2018,14,2
C00413914,2282018.0,100,2018,28,2
C00413914,2282018.0,250,2018,28,2
C00413914,2092018.0,20,2018,09,2
C00413914,2102018.0,20,2018,10,2
C00413914,2142018.0,30,2018,14,2
C00413914,2062018.0,25,2018,06,2
C00413914,2102018.0,5,2018,10,2
C00413914,2262018.0,1000,2018,26,2
C00413914,2282018.0,250,2018,28,2
C00413914,2142018.0,25,2018,14,2
C00413914,2032018.0,15,2018,03,2
C00413914,2082018.0,25,2018,08,2
C00413914,2072018.0,15,2018,07,2
C00413914,2012018.0,2700,2018,01,2
C00413914,2042018.0,36,2018,04,2
C00413914,2222018.0,25,2018,22,2
C00413914,2252018.0,5,2018,25,2
C00413914,2192018.0,250,2018,19,2
C00413914,2252018.0,1500,2018,25,2
C00413914,2262018.0,25,2018,26,2
C00413914,2282018.0,100,2018,28,2
C00413914,2092018.0,250,2018,09,2
C00413914,2182018.0,100,2018,18,2
C00413914,2232018.0,25,2018,23,2
C00413914,2052018.0,25,2018,05,2
C00413914,2172018.0,100,2018,17,2
C00413914,2232018.0,10,2018,23,2
C00413914,2282018.0,20,2018,28,2
C00413914,2272018.0,25,2018,27,2
C00413914,2162018.0,100,2018,16,2
C00413914,2162018.0,100,2018,16,2
C00413914,2242018.0,10,2018,24,2
C00413914,2272018.0,10,2018,27,2
C00413914,2142018.0,200,2018,14,2
C00413914,2022018.0,15,2018,02,2
C00413914,2212018.0,10,2018,21,2
C00413914,2192018.0,10,2018,19,2
C00413914,2262018.0,25,2018,26,2
C00413914,2032018.0,25,2018,03,2
C00413914,2142018.0,100,2018,14,2
C00413914,2212018.0,500,2018,21,2
C00413914,2052018.0,100,2018,05,2
C00413914,2012018.0,2000,2018,01,2
C00413914,2122018.0,1700,2018,12,2
C00413914,2012018.0,250,2018,01,2
C00413914,2082018.0,25,2018,08,2
C00413914,2212018.0,25,2018,21,2
C00413914,2162018.0,50,2018,16,2
C00413914,2172018.0,15,2018,17,2
C00413914,2092018.0,50,2018,09,2
C00413914,2232018.0,300,2018,23,2
C00413914,2262018.0,100,2018,26,2
C00413914,2072018.0,2675,2018,07,2
C00413914,2072018.0,25,2018,07,2
C00413914,2232018.0,10,2018,23,2
C00413914,2072018.0,25,2018,07,2
C00413914,2222018.0,500,2018,22,2
C00413914,2032018.0,15,2018,03,2
C00413914,2282018.0,15,2018,28,2
C00413914,2082018.0,15,2018,08,2
C00413914,2132018.0,10,2018,13,2
C00413914,2152018.0,9,2018,15,2
C00413914,2272018.0,100,2018,27,2
C00413914,2252018.0,15,2018,25,2
C00413914,2022018.0,25,2018,02,2
C00413914,2192018.0,50,2018,19,2
C00413914,2012018.0,250,2018,01,2
C00413914,2262018.0,250,2018,26,2
C00413914,2262018.0,1000,2018,26,2
C00413914,2222018.0,100,2018,22,2
C00413914,2152018.0,6,2018,15,2
C00413914,2282018.0,25,2018,28,2
C00413914,2162018.0,25,2018,16,2
C00413914,2062018.0,1700,2018,06,2
C00413914,2062018.0,2700,2018,06,2
C00413914,2062018.0,2700,2018,06,2
C00413914,2062018.0,2700,2018,06,2
C00413914,2232018.0,25,2018,23,2
C00413914,2112018.0,25,2018,11,2
C00413914,2102018.0,10,2018,10,2
C00413914,2052018.0,50,2018,05,2
C00413914,2192018.0,25,2018,19,2
C00413914,2192018.0,25,2018,19,2
C00413914,2132018.0,1500,2018,13,2
C00413914,2012018.0,1000,2018,01,2
C00413914,2222018.0,1000,2018,22,2
C00413914,2222018.0,1000,2018,22,2
C00413914,2252018.0,250,2018,25,2
C00413914,2202018.0,100,2018,20,2
C00413914,2162018.0,100,2018,16,2
C00413914,2162018.0,250,2018,16,2
C00413914,2272018.0,25,2018,27,2
C00413914,2112018.0,200,2018,11,2
C00413914,2182018.0,100,2018,18,2
C00413914,2282018.0,1500,2018,28,2
C00413914,2162018.0,11,2018,16,2
C00413914,2282018.0,25,2018,28,2
C00413914,2102018.0,25,2018,10,2
C00413914,2122018.0,20,2018,12,2
C00413914,2042018.0,25,2018,04,2
C00413914,2162018.0,150,2018,16,2
C00413914,2272018.0,40,2018,27,2
C00413914,2252018.0,2700,2018,25,2
C00413914,2122018.0,25,2018,12,2
C00413914,2242018.0,5,2018,24,2
C00413914,2142018.0,50,2018,14,2
C00413914,2242018.0,50,2018,24,2
C00413914,2052018.0,2200,2018,05,2
C00413914,2052018.0,300,2018,05,2
C00413914,2142018.0,25,2018,14,2
C00413914,2122018.0,1000,2018,12,2
C00413914,2212018.0,2700,2018,21,2
C00413914,2082018.0,30,2018,08,2
C00413914,2202018.0,25,2018,20,2
C00413914,2062018.0,15,2018,06,2
C00413914,2042018.0,25,2018,04,2
C00413914,2262018.0,500,2018,26,2
C00413914,2232018.0,2700,2018,23,2
C00413914,2232018.0,2700,2018,23,2
C00413914,2092018.0,50,2018,09,2
C00413914,2032018.0,25,2018,03,2
C00413914,2122018.0,18,2018,12,2
C00413914,2102018.0,100,2018,10,2
C00413914,2032018.0,15,2018,03,2
C00413914,2142018.0,50,2018,14,2
C00413914,2092018.0,15,2018,09,2
C00413914,2282018.0,15,2018,28,2
C00413914,2272018.0,2700,2018,27,2
C00413914,2282018.0,25,2018,28,2
C00413914,2012018.0,25,2018,01,2
C00413914,2172018.0,50,2018,17,2
C00413914,2252018.0,60,2018,25,2
C00413914,2272018.0,250,2018,27,2
C00413914,2112018.0,2700,2018,11,2
C00413914,2022018.0,2300,2018,02,2
C00413914,2022018.0,25,2018,02,2
C00413914,2172018.0,25,2018,17,2
C00413914,2102018.0,18,2018,10,2
C00413914,2162018.0,200,2018,16,2
C00413914,2022018.0,25,2018,02,2
C00413914,2092018.0,15,2018,09,2
C00413914,2142018.0,100,2018,14,2
C00413914,2032018.0,25,2018,03,2
C00413914,2202018.0,1000,2018,20,2
C00413914,2012018.0,10,2018,01,2
C00413914,2132018.0,5,2018,13,2
C00413914,2152018.0,5,2018,15,2
C00413914,2242018.0,10,2018,24,2
C00413914,2212018.0,25,2018,21,2
C00413914,2212018.0,25,2018,21,2
C00413914,2282018.0,25,2018,28,2
C00413914,2242018.0,35,2018,24,2
C00413914,2172018.0,250,2018,17,2
C00413914,2222018.0,50,2018,22,2
C00413914,2182018.0,25,2018,18,2
C00413914,2182018.0,15,2018,18,2
C00413914,2082018.0,1000,2018,08,2
C00413914,2272018.0,10,2018,27,2
C00413914,2192018.0,10,2018,19,2
C00413914,2132018.0,100,2018,13,2
C00413914,2282018.0,15,2018,28,2
C00413914,2122018.0,25,2018,12,2
C00413914,2232018.0,250,2018,23,2
C00413914,2032018.0,25,2018,03,2
C00413914,2052018.0,25,2018,05,2
C00413914,2132018.0,25,2018,13,2
C00413914,2092018.0,5,2018,09,2
C00413914,2102018.0,25,2018,10,2
C00413914,2022018.0,25,2018,02,2
C00413914,2152018.0,25,2018,15,2
C00413914,2222018.0,25,2018,22,2
C00413914,2112018.0,15,2018,11,2
C00413914,2272018.0,25,2018,27,2
C00413914,2162018.0,25,2018,16,2
C00413914,2052018.0,250,2018,05,2
C00413914,2062018.0,15,2018,06,2
C00413914,2172018.0,25,2018,17,2
C00413914,2282018.0,1000,2018,28,2
C00413914,2032018.0,5,2018,03,2
C00413914,2102018.0,15,2018,10,2
C00413914,2242018.0,25,2018,24,2
C00413914,2222018.0,15,2018,22,2
C00413914,2232018.0,1000,2018,23,2
C00413914,2162018.0,300,2018,16,2
C00413914,2102018.0,15,2018,10,2
C00413914,2242018.0,1000,2018,24,2
C00413914,2282018.0,20,2018,28,2
C00413914,2272018.0,200,2018,27,2
C00413914,2272018.0,2300,2018,27,2
C00413914,2242018.0,1000,2018,24,2
C00413914,2162018.0,25,2018,16,2
C00413914,2272018.0,15,2018,27,2
C00413914,2062018.0,25,2018,06,2
C00413914,2062018.0,25,2018,06,2
C00413914,2282018.0,15,2018,28,2
C00413914,2142018.0,25,2018,14,2
C00413914,2192018.0,25,2018,19,2
C00413914,2182018.0,2700,2018,18,2
C00413914,2212018.0,25,2018,21,2
C00413914,2252018.0,2700,2018,25,2
C00413914,2132018.0,1000,2018,13,2
C00413914,2092018.0,5,2018,09,2
C00413914,2072018.0,1000,2018,07,2
C00413914,2272018.0,175,2018,27,2
C00413914,2132018.0,1000,2018,13,2
C00413914,2242018.0,50,2018,24,2
C00413914,2282018.0,120,2018,28,2
C00413914,2082018.0,2,2018,08,2
C00413914,2232018.0,35,2018,23,2
C00413914,2142018.0,1000,2018,14,2
C00413914,2142018.0,250,2018,14,2
C00413914,2282018.0,15,2018,28,2
C00413914,2192018.0,100,2018,19,2
C00413914,2192018.0,140,2018,19,2
C00413914,2152018.0,49,2018,15,2
C00413914,2242018.0,25,2018,24,2
C00413914,2052018.0,15,2018,05,2
C00413914,2222018.0,25,2018,22,2
C00413914,2122018.0,5,2018,12,2
C00413914,2272018.0,25,2018,27,2
C00413914,2282018.0,25,2018,28,2
C00413914,2282018.0,25,2018,28,2
C00413914,2112018.0,5,2018,11,2
C00413914,2132018.0,1700,2018,13,2
C00413914,2162018.0,25,2018,16,2
C00413914,2282018.0,100,2018,28,2
C00413914,2022018.0,25,2018,02,2
C00413914,2062018.0,25,2018,06,2
C00413914,2092018.0,10,2018,09,2
C00413914,2092018.0,10,2018,09,2
C00413914,2142018.0,10,2018,14,2
C00413914,2142018.0,4,2018,14,2
C00413914,2272018.0,10,2018,27,2
C00413914,2062018.0,1000,2018,06,2
C00413914,2022018.0,1000,2018,02,2
C00413914,2222018.0,25,2018,22,2
C00413914,2172018.0,15,2018,17,2
C00413914,2212018.0,50,2018,21,2
C00413914,2062018.0,250,2018,06,2
C00413914,2172018.0,50,2018,17,2
C00413914,2092018.0,25,2018,09,2
C00413914,2182018.0,60,2018,18,2
C00413914,2202018.0,40,2018,20,2
C00413914,2072018.0,5,2018,07,2
C00413914,2112018.0,25,2018,11,2
C00413914,2122018.0,70,2018,12,2
C00413914,2092018.0,15,2018,09,2
C00413914,2152018.0,25,2018,15,2
C00413914,2022018.0,5,2018,02,2
C00413914,2022018.0,5,2018,02,2
C00413914,2032018.0,5,2018,03,2
C00413914,2052018.0,25,2018,05,2
C00413914,2172018.0,25,2018,17,2
C00413914,2142018.0,27,2018,14,2
C00413914,2092018.0,25,2018,09,2
C00413914,2132018.0,50,2018,13,2
C00413914,2022018.0,15,2018,02,2
C00413914,2262018.0,20,2018,26,2
C00413914,2022018.0,1000,2018,02,2
C00413914,2052018.0,15,2018,05,2
C00413914,2232018.0,250,2018,23,2
C00413914,2142018.0,25,2018,14,2
C00413914,2182018.0,15,2018,18,2
C00413914,2212018.0,25,2018,21,2
C00413914,2062018.0,50,2018,06,2
C00413914,2282018.0,30,2018,28,2
C00413914,2212018.0,25,2018,21,2
C00413914,2262018.0,20,2018,26,2
C00413914,2272018.0,25,2018,27,2
C00413914,2022018.0,300,2018,02,2
C00413914,2212018.0,700,2018,21,2
C00413914,2212018.0,1300,2018,21,2
C00413914,2032018.0,25,2018,03,2
C00413914,2232018.0,120,2018,23,2
C00413914,2042018.0,500,2018,04,2
C00413914,2262018.0,250,2018,26,2
C00413914,2272018.0,2500,2018,27,2
C00413914,2062018.0,500,2018,06,2
C00413914,2012018.0,25,2018,01,2
C00413914,2282018.0,25,2018,28,2
C00413914,2132018.0,1000,2018,13,2
C00413914,2192018.0,35,2018,19,2
C00413914,2222018.0,25,2018,22,2
C00413914,2082018.0,12,2018,08,2
C00413914,2122018.0,200,2018,12,2
C00413914,2202018.0,15,2018,20,2
C00413914,2052018.0,25,2018,05,2
C00413914,2252018.0,1000,2018,25,2
C00413914,2172018.0,10,2018,17,2
C00413914,2012018.0,1000,2018,01,2
C00413914,2272018.0,15,2018,27,2
C00413914,2162018.0,25,2018,16,2
C00413914,2282018.0,15,2018,28,2
C00413914,2102018.0,100,2018,10,2
C00413914,2142018.0,35,2018,14,2
C00413914,2232018.0,60,2018,23,2
C00413914,2192018.0,50,2018,19,2
C00413914,2212018.0,15,2018,21,2
C00413914,2092018.0,60,2018,09,2
C00413914,2162018.0,500,2018,16,2
C00413914,2042018.0,25,2018,04,2
C00413914,2202018.0,70,2018,20,2
C00413914,2222018.0,3,2018,22,2
C00413914,2212018.0,3,2018,21,2
C00413914,2242018.0,2,2018,24,2
C00413914,2192018.0,25,2018,19,2
C00413914,2282018.0,25,2018,28,2
C00413914,2022018.0,15,2018,02,2
C00413914,2012018.0,250,2018,01,2
C00413914,2222018.0,250,2018,22,2
C00413914,2152018.0,2700,2018,15,2
C00413914,2122018.0,5,2018,12,2
C00413914,2142018.0,11,2018,14,2
C00413914,2172018.0,100,2018,17,2
C00413914,2142018.0,100,2018,14,2
C00413914,2282018.0,25,2018,28,2
C00413914,2262018.0,10,2018,26,2
C00413914,2032018.0,15,2018,03,2
C00413914,2122018.0,29,2018,12,2
C00413914,2142018.0,50,2018,14,2
C00413914,2112018.0,50,2018,11,2
C00413914,2222018.0,300,2018,22,2
C00413914,2282018.0,25,2018,28,2
C00413914,2012018.0,1000,2018,01,2
C00413914,2112018.0,2700,2018,11,2
C00413914,2112018.0,1300,2018,11,2
C00413914,2272018.0,100,2018,27,2
C00413914,2182018.0,10,2018,18,2
C00413914,2062018.0,50,2018,06,2
C00413914,2062018.0,10,2018,06,2
C00413914,2152018.0,25,2018,15,2
C00413914,2242018.0,100,2018,24,2
C00413914,2022018.0,25,2018,02,2
C00413914,2242018.0,25,2018,24,2
C00413914,2222018.0,250,2018,22,2
C00413914,2122018.0,60,2018,12,2
C00413914,2132018.0,1000,2018,13,2
C00413914,2142018.0,200,2018,14,2
C00413914,2142018.0,800,2018,14,2
C00413914,2082018.0,15,2018,08,2
C00413914,2252018.0,25,2018,25,2
C00413914,2282018.0,30,2018,28,2
C00413914,2172018.0,250,2018,17,2
C00413914,2012018.0,25,2018,01,2
C00413914,2162018.0,25,2018,16,2
C00413914,2252018.0,25,2018,25,2
C00413914,2252018.0,250,2018,25,2
C00413914,2282018.0,500,2018,28,2
C00413914,2252018.0,15,2018,25,2
C00413914,2222018.0,25,2018,22,2
C00413914,2232018.0,20,2018,23,2
C00413914,2052018.0,10,2018,05,2
C00413914,2152018.0,20,2018,15,2
C00413914,2172018.0,20,2018,17,2
C00413914,2282018.0,10,2018,28,2
C00413914,2122018.0,10,2018,12,2
C00413914,2282018.0,3,2018,28,2
C00413914,2252018.0,10,2018,25,2
C00413914,2142018.0,400,2018,14,2
C00413914,2032018.0,25,2018,03,2
C00413914,2092018.0,20,2018,09,2
C00413914,2162018.0,25,2018,16,2
C00413914,2212018.0,25,2018,21,2
C00413914,2242018.0,25,2018,24,2
C00413914,2172018.0,50,2018,17,2
C00413914,2282018.0,30,2018,28,2
C00413914,2162018.0,11,2018,16,2
C00413914,2142018.0,400,2018,14,2
C00413914,2282018.0,50,2018,28,2
C00413914,2172018.0,250,2018,17,2
C00413914,2282018.0,25,2018,28,2
C00413914,2012018.0,25,2018,01,2
C00413914,2112018.0,25,2018,11,2
C00413914,2282018.0,50,2018,28,2
C00413914,2222018.0,1355,2018,22,2
C00413914,2032018.0,10,2018,03,2
C00413914,2172018.0,50,2018,17,2
C00413914,2222018.0,70,2018,22,2
C00413914,2212018.0,25,2018,21,2
C00413914,2262018.0,10,2018,26,2
C00413914,2192018.0,25,2018,19,2
C00413914,2082018.0,15,2018,08,2
C00413914,2142018.0,10,2018,14,2
C00413914,2022018.0,15,2018,02,2
C00413914,2122018.0,90,2018,12,2
C00413914,2242018.0,90,2018,24,2
C00413914,2232018.0,25,2018,23,2
C00413914,2142018.0,100,2018,14,2
C00413914,2162018.0,50,2018,16,2
C00413914,2052018.0,2000,2018,05,2
C00413914,2282018.0,25,2018,28,2
C00413914,2182018.0,25,2018,18,2
C00413914,2192018.0,10,2018,19,2
C00413914,2032018.0,500,2018,03,2
C00413914,2192018.0,50,2018,19,2
C00413914,2152018.0,1000,2018,15,2
C00413914,2222018.0,100,2018,22,2
C00413914,2062018.0,7,2018,06,2
C00413914,2242018.0,15,2018,24,2
C00413914,2022018.0,15,2018,02,2
C00413914,2062018.0,25,2018,06,2
C00413914,2112018.0,15,2018,11,2
C00413914,2282018.0,10,2018,28,2
C00413914,2122018.0,35,2018,12,2
C00413914,2262018.0,250,2018,26,2
C00413914,2092018.0,50,2018,09,2
C00413914,2122018.0,20,2018,12,2
C00413914,2232018.0,15,2018,23,2
C00413914,2222018.0,25,2018,22,2
C00413914,2242018.0,200,2018,24,2
C00413914,2052018.0,1000,2018,05,2
C00413914,2242018.0,100,2018,24,2
C00413914,2022018.0,150,2018,02,2
C00413914,2062018.0,5,2018,06,2
C00413914,2082018.0,50,2018,08,2
C00413914,2262018.0,100,2018,26,2
C00413914,2092018.0,25,2018,09,2
C00413914,2132018.0,5,2018,13,2
C00413914,2142018.0,4,2018,14,2
C00413914,2242018.0,5,2018,24,2
C00413914,2282018.0,25,2018,28,2
C00413914,2242018.0,25,2018,24,2
C00413914,2252018.0,15,2018,25,2
C00413914,2222018.0,15,2018,22,2
C00413914,2212018.0,500,2018,21,2
C00413914,2272018.0,50,2018,27,2
C00413914,2132018.0,25,2018,13,2
C00413914,2142018.0,25,2018,14,2
C00413914,2222018.0,25,2018,22,2
C00413914,2092018.0,25,2018,09,2
C00413914,2142018.0,25,2018,14,2
C00413914,2152018.0,25,2018,15,2
C00413914,2142018.0,250,2018,14,2
C00413914,2142018.0,30,2018,14,2
C00413914,2142018.0,2700,2018,14,2
C00413914,2142018.0,2700,2018,14,2
C00413914,2242018.0,1000,2018,24,2
C00413914,2122018.0,25,2018,12,2
C00413914,2102018.0,27,2018,10,2
C00413914,2192018.0,50,2018,19,2
C00413914,2272018.0,100,2018,27,2
C00413914,2012018.0,15,2018,01,2
C00413914,2122018.0,2000,2018,12,2
C00413914,2262018.0,1000,2018,26,2
C00413914,2162018.0,100,2018,16,2
C00413914,2122018.0,50,2018,12,2
C00413914,2282018.0,25,2018,28,2
C00413914,2152018.0,20,2018,15,2
C00413914,2152018.0,30,2018,15,2
C00413914,2162018.0,20,2018,16,2
C00413914,2262018.0,25,2018,26,2
C00413914,2282018.0,25,2018,28,2
C00413914,2272018.0,15,2018,27,2
C00413914,2282018.0,100,2018,28,2
C00413914,2042018.0,5,2018,04,2
C00413914,2222018.0,2700,2018,22,2
C00413914,2212018.0,1000,2018,21,2
C00413914,2192018.0,10,2018,19,2
C00413914,2232018.0,25,2018,23,2
C00413914,2062018.0,50,2018,06,2
C00413914,2252018.0,1000,2018,25,2
C00413914,2272018.0,1500,2018,27,2
C00413914,2162018.0,100,2018,16,2
C00413914,2162018.0,30,2018,16,2
C00413914,2282018.0,35,2018,28,2
C00413914,2282018.0,5,2018,28,2
C00413914,2232018.0,5,2018,23,2
C00413914,2232018.0,5,2018,23,2
C00413914,2232018.0,5,2018,23,2
C00413914,2192018.0,250,2018,19,2
C00413914,2192018.0,15,2018,19,2
C00413914,2232018.0,26,2018,23,2
C00413914,2272018.0,2700,2018,27,2
C00413914,2142018.0,250,2018,14,2
C00413914,2282018.0,20,2018,28,2
C00413914,2152018.0,1500,2018,15,2
C00413914,2262018.0,15,2018,26,2
C00413914,2202018.0,15,2018,20,2
C00413914,2172018.0,25,2018,17,2
C00413914,2262018.0,250,2018,26,2
C00413914,2242018.0,8,2018,24,2
C00413914,2212018.0,25,2018,21,2
C00413914,2092018.0,10,2018,09,2
C00413914,2102018.0,5,2018,10,2
C00413914,2042018.0,250,2018,04,2
C00413914,2202018.0,1000,2018,20,2
C00413914,2212018.0,30,2018,21,2
C00413914,2232018.0,2300,2018,23,2
C00413914,2212018.0,2700,2018,21,2
C00413914,2232018.0,400,2018,23,2
C00413914,2212018.0,2700,2018,21,2
C00413914,2102018.0,500,2018,10,2
C00413914,2062018.0,10,2018,06,2
C00413914,2232018.0,50,2018,23,2
C00413914,2232018.0,25,2018,23,2
C00413914,2032018.0,15,2018,03,2
C00413914,2112018.0,5,2018,11,2
C00413914,2272018.0,5,2018,27,2
C00413914,2272018.0,15,2018,27,2
C00413914,2072018.0,15,2018,07,2
C00413914,2102018.0,25,2018,10,2
C00413914,2252018.0,25,2018,25,2
C00413914,2032018.0,2,2018,03,2
C00413914,2072018.0,25,2018,07,2
C00413914,2022018.0,190,2018,02,2
C00413914,2152018.0,25,2018,15,2
C00413914,2202018.0,70,2018,20,2
C00413914,2022018.0,25,2018,02,2
C00413914,2142018.0,1000,2018,14,2
C00413914,2262018.0,50,2018,26,2
C00413914,2272018.0,45,2018,27,2
C00413914,2102018.0,50,2018,10,2
C00413914,2242018.0,50,2018,24,2
C00413914,2282018.0,50,2018,28,2
C00413914,2092018.0,25,2018,09,2
C00413914,2022018.0,10,2018,02,2
C00413914,2122018.0,500,2018,12,2
C00413914,2282018.0,100,2018,28,2
C00413914,2232018.0,2700,2018,23,2
C00413914,2042018.0,25,2018,04,2
C00413914,2262018.0,30,2018,26,2
C00413914,2152018.0,5,2018,15,2
C00413914,2072018.0,15,2018,07,2
C00413914,2092018.0,2700,2018,09,2
C00413914,2042018.0,50,2018,04,2
C00413914,2282018.0,10,2018,28,2
C00413914,2282018.0,15,2018,28,2
C00413914,2012018.0,1000,2018,01,2
C00413914,2272018.0,50,2018,27,2
C00413914,2072018.0,25,2018,07,2
C00413914,2202018.0,5,2018,20,2
C00413914,2222018.0,25,2018,22,2
C00413914,2062018.0,12,2018,06,2
C00413914,2142018.0,10,2018,14,2
C00413914,2232018.0,15,2018,23,2
C00413914,2282018.0,25,2018,28,2
C00413914,2232018.0,30,2018,23,2
C00413914,2042018.0,1000,2018,04,2
C00413914,2222018.0,25,2018,22,2
C00413914,2212018.0,250,2018,21,2
C00413914,2102018.0,25,2018,10,2
C00413914,2212018.0,500,2018,21,2
C00413914,2212018.0,1000,2018,21,2
C00413914,2152018.0,25,2018,15,2
C00413914,2232018.0,15,2018,23,2
C00413914,2152018.0,20,2018,15,2
C00413914,2272018.0,200,2018,27,2
C00413914,2032018.0,50,2018,03,2
C00413914,2122018.0,250,2018,12,2
C00413914,2212018.0,1000,2018,21,2
C00413914,2172018.0,15,2018,17,2
C00413914,2082018.0,2700,2018,08,2
C00413914,2282018.0,25,2018,28,2
C00413914,2152018.0,500,2018,15,2
C00413914,2092018.0,10,2018,09,2
C00413914,2142018.0,8,2018,14,2
C00413914,2102018.0,25,2018,10,2
C00413914,2192018.0,15,2018,19,2
C00413914,2282018.0,5,2018,28,2
C00413914,2082018.0,25,2018,08,2
C00413914,2122018.0,3,2018,12,2
C00413914,2142018.0,1000,2018,14,2
C00413914,2062018.0,10,2018,06,2
C00413914,2052018.0,1000,2018,05,2
C00413914,2242018.0,25,2018,24,2
C00413914,2272018.0,1500,2018,27,2
C00413914,2072018.0,5,2018,07,2
C00413914,2092018.0,5,2018,09,2
C00413914,2202018.0,70,2018,20,2
C00413914,2232018.0,50,2018,23,2
C00413914,2212018.0,50,2018,21,2
C00413914,2132018.0,100,2018,13,2
C00413914,2282018.0,100,2018,28,2
C00413914,2152018.0,20,2018,15,2
C00413914,2172018.0,15,2018,17,2
C00413914,2212018.0,2700,2018,21,2
C00413914,2102018.0,500,2018,10,2
C00413914,2282018.0,250,2018,28,2
C00413914,2242018.0,100,2018,24,2
C00413914,2092018.0,1000,2018,09,2
C00413914,2252018.0,15,2018,25,2
C00413914,2102018.0,15,2018,10,2
C00413914,2282018.0,25,2018,28,2
C00413914,2232018.0,1000,2018,23,2
C00413914,2172018.0,50,2018,17,2
C00413914,2192018.0,25,2018,19,2
C00413914,2272018.0,25,2018,27,2
C00413914,2072018.0,25,2018,07,2
C00413914,2202018.0,1000,2018,20,2
C00413914,2142018.0,1750,2018,14,2
C00413914,2032018.0,15,2018,03,2
C00413914,2072018.0,25,2018,07,2
C00413914,2132018.0,25,2018,13,2
C00413914,2092018.0,500,2018,09,2
C00413914,2162018.0,775,2018,16,2
C00413914,2162018.0,1000,2018,16,2
C00413914,2162018.0,225,2018,16,2
C00413914,2262018.0,100,2018,26,2
C00413914,2282018.0,25,2018,28,2
C00413914,2062018.0,25,2018,06,2
C00413914,2282018.0,10,2018,28,2
C00413914,2042018.0,500,2018,04,2
C00413914,2022018.0,25,2018,02,2
C00413914,2022018.0,25,2018,02,2
C00413914,2242018.0,15,2018,24,2
C00413914,2142018.0,400,2018,14,2
C00413914,2072018.0,1000,2018,07,2
C00413914,2162018.0,25,2018,16,2
C00413914,2022018.0,250,2018,02,2
C00413914,2022018.0,250,2018,02,2
C00413914,2202018.0,2700,2018,20,2
C00413914,2142018.0,15,2018,14,2
C00413914,2222018.0,25,2018,22,2
C00413914,2162018.0,500,2018,16,2
C00413914,2222018.0,25,2018,22,2
C00413914,2072018.0,500,2018,07,2
C00413914,2052018.0,250,2018,05,2
C00413914,2092018.0,20,2018,09,2
C00413914,2282018.0,2700,2018,28,2
C00413914,2172018.0,15,2018,17,2
C00413914,2272018.0,25,2018,27,2
C00413914,2212018.0,50,2018,21,2
C00413914,2042018.0,250,2018,04,2
C00413914,2132018.0,15,2018,13,2
C00413914,2042018.0,25,2018,04,2
C00413914,2282018.0,15,2018,28,2
C00413914,2092018.0,125,2018,09,2
C00413914,2142018.0,25,2018,14,2
C00413914,2142018.0,25,2018,14,2
C00413914,2092018.0,25,2018,09,2
C00413914,2162018.0,12,2018,16,2
C00413914,2272018.0,20,2018,27,2
C00413914,2032018.0,25,2018,03,2
C00413914,2142018.0,25,2018,14,2
C00413914,2282018.0,25,2018,28,2
C00413914,2062018.0,250,2018,06,2
C00413914,2262018.0,50,2018,26,2
C00413914,2072018.0,25,2018,07,2
C00413914,2172018.0,500,2018,17,2
C00413914,2272018.0,20,2018,27,2
C00413914,2142018.0,20,2018,14,2
C00413914,2022018.0,10,2018,02,2
C00413914,2272018.0,250,2018,27,2
C00413914,2122018.0,50,2018,12,2
C00413914,2122018.0,50,2018,12,2
C00413914,2112018.0,250,2018,11,2
C00413914,2262018.0,1000,2018,26,2
C00413914,2072018.0,100,2018,07,2
C00413914,2082018.0,7,2018,08,2
C00413914,2282018.0,5,2018,28,2
C00413914,2202018.0,25,2018,20,2
C00413914,2282018.0,25,2018,28,2
C00413914,2102018.0,500,2018,10,2
C00413914,2212018.0,1000,2018,21,2
C00413914,2182018.0,5,2018,18,2
C00413914,2162018.0,20,2018,16,2
C00413914,2112018.0,10,2018,11,2
C00413914,2262018.0,2600,2018,26,2
C00413914,2262018.0,100,2018,26,2
C00413914,2012018.0,250,2018,01,2
C00413914,2122018.0,25,2018,12,2
C00413914,2282018.0,25,2018,28,2
C00413914,2212018.0,25,2018,21,2
C00413914,2062018.0,2700,2018,06,2
C00413914,2172018.0,1900,2018,17,2
C00413914,2172018.0,100,2018,17,2
C00413914,2272018.0,250,2018,27,2
C00413914,2132018.0,50,2018,13,2
C00413914,2272018.0,250,2018,27,2
C00413914,2162018.0,10,2018,16,2
C00413914,2012018.0,500,2018,01,2
C00413914,2192018.0,10,2018,19,2
C00413914,2272018.0,20,2018,27,2
C00413914,2102018.0,25,2018,10,2
C00413914,2222018.0,40,2018,22,2
C00413914,2142018.0,10,2018,14,2
C00413914,2042018.0,500,2018,04,2
C00413914,2052018.0,10,2018,05,2
C00413914,2062018.0,50,2018,06,2
C00413914,2062018.0,15,2018,06,2
C00413914,2242018.0,25,2018,24,2
C00413914,2062018.0,500,2018,06,2
C00413914,2272018.0,250,2018,27,2
C00413914,2172018.0,100,2018,17,2
C00413914,2172018.0,200,2018,17,2
C00413914,2062018.0,500,2018,06,2
C00413914,2092018.0,25,2018,09,2
C00413914,2072018.0,30,2018,07,2
C00413914,2172018.0,120,2018,17,2
C00413914,2202018.0,170,2018,20,2
C00413914,2242018.0,100,2018,24,2
C00413914,2262018.0,40,2018,26,2
C00413914,2132018.0,150,2018,13,2
C00413914,2142018.0,25,2018,14,2
C00413914,2272018.0,1700,2018,27,2
C00413914,2272018.0,1000,2018,27,2
C00413914,2272018.0,2700,2018,27,2
C00413914,2162018.0,15,2018,16,2
C00413914,2222018.0,250,2018,22,2
C00413914,2282018.0,25,2018,28,2
C00413914,2212018.0,500,2018,21,2
C00413914,2092018.0,15,2018,09,2
C00413914,2052018.0,25,2018,05,2
C00413914,2222018.0,250,2018,22,2
C00413914,2242018.0,200,2018,24,2
C00413914,2242018.0,800,2018,24,2
C00413914,2082018.0,25,2018,08,2
C00413914,2022018.0,550,2018,02,2
C00413914,2172018.0,50,2018,17,2
C00413914,2022018.0,450,2018,02,2
C00413914,2102018.0,25,2018,10,2
C00413914,2092018.0,25,2018,09,2
C00413914,2182018.0,25,2018,18,2
C00413914,2122018.0,15,2018,12,2
C00413914,2262018.0,15,2018,26,2
C00413914,2272018.0,25,2018,27,2
C00413914,2102018.0,15,2018,10,2
C00413914,2132018.0,25,2018,13,2
C00413914,2062018.0,25,2018,06,2
C00413914,2282018.0,1,2018,28,2
C00413914,2262018.0,25,2018,26,2
C00413914,2142018.0,2,2018,14,2
C00413914,2082018.0,15,2018,08,2
C00413914,2032018.0,10,2018,03,2
C00413914,2072018.0,5,2018,07,2
C00413914,2272018.0,20,2018,27,2
C00413914,2072018.0,25,2018,07,2
C00413914,2282018.0,100,2018,28,2
C00413914,2282018.0,350,2018,28,2
C00413914,2112018.0,25,2018,11,2
C00413914,2022018.0,1000,2018,02,2
C00413914,2222018.0,1000,2018,22,2
C00413914,2222018.0,1000,2018,22,2
C00413914,2102018.0,100,2018,10,2
C00413914,2012018.0,2000,2018,01,2
C00413914,2212018.0,500,2018,21,2
C00413914,2142018.0,35,2018,14,2
C00413914,2142018.0,35,2018,14,2
C00413914,2152018.0,1000,2018,15,2
C00413914,2232018.0,25,2018,23,2
C00413914,2122018.0,250,2018,12,2
C00413914,2112018.0,1000,2018,11,2
C00413914,2102018.0,10,2018,10,2
C00413914,2032018.0,10,2018,03,2
C00413914,2282018.0,25,2018,28,2
C00413914,2152018.0,25,2018,15,2
C00413914,2122018.0,75,2018,12,2
C00413914,2182018.0,15,2018,18,2
C00413914,2022018.0,25,2018,02,2
C00413914,2152018.0,1000,2018,15,2
C00413914,2242018.0,100,2018,24,2
C00413914,2272018.0,25,2018,27,2
C00413914,2132018.0,700,2018,13,2
C00413914,2132018.0,300,2018,13,2
C00413914,2252018.0,15,2018,25,2
C00413914,2042018.0,250,2018,04,2
C00413914,2172018.0,250,2018,17,2
C00413914,2152018.0,13,2018,15,2
C00413914,2192018.0,50,2018,19,2
C00413914,2282018.0,150,2018,28,2
C00413914,2282018.0,25,2018,28,2
C00413914,2262018.0,250,2018,26,2
C00413914,2062018.0,50,2018,06,2
C00413914,2242018.0,250,2018,24,2
C00413914,2092018.0,250,2018,09,2
C00413914,2262018.0,15,2018,26,2
C00413914,2042018.0,15,2018,04,2
C00413914,2262018.0,1000,2018,26,2
C00413914,2182018.0,2700,2018,18,2
C00413914,2122018.0,15,2018,12,2
C00413914,2192018.0,25,2018,19,2
C00413914,2252018.0,15,2018,25,2
C00413914,2272018.0,25,2018,27,2
C00413914,2252018.0,15,2018,25,2
C00413914,2182018.0,500,2018,18,2
C00413914,2042018.0,50,2018,04,2
C00413914,2122018.0,15,2018,12,2
C00413914,2162018.0,750,2018,16,2
C00413914,2222018.0,15,2018,22,2
C00413914,2132018.0,2700,2018,13,2
C00413914,2012018.0,2700,2018,01,2
C00413914,2272018.0,20,2018,27,2
C00413914,2272018.0,20,2018,27,2
C00413914,2282018.0,1500,2018,28,2
C00413914,2282018.0,250,2018,28,2
C00413914,2192018.0,5,2018,19,2
C00413914,2212018.0,10,2018,21,2
C00413914,2252018.0,15,2018,25,2
C00413914,2202018.0,10,2018,20,2
C00413914,2072018.0,30,2018,07,2
C00413914,2182018.0,25,2018,18,2
C00413914,2152018.0,8,2018,15,2
C00413914,2232018.0,50,2018,23,2
C00413914,2152018.0,40,2018,15,2
C00413914,2212018.0,1000,2018,21,2
C00413914,2282018.0,250,2018,28,2
C00413914,2142018.0,13,2018,14,2
C00413914,2062018.0,5,2018,06,2
C00413914,2222018.0,25,2018,22,2
C00413914,2022018.0,500,2018,02,2
C00413914,2212018.0,10,2018,21,2
C00413914,2212018.0,50,2018,21,2
C00413914,2222018.0,500,2018,22,2
C00413914,2132018.0,15,2018,13,2
C00413914,2242018.0,15,2018,24,2
C00413914,2082018.0,25,2018,08,2
C00413914,2152018.0,150,2018,15,2
C00413914,2262018.0,2700,2018,26,2
C00413914,2262018.0,2700,2018,26,2
C00413914,2272018.0,10,2018,27,2
C00413914,2152018.0,8,2018,15,2
C00413914,2132018.0,10,2018,13,2
C00413914,2232018.0,250,2018,23,2
C00413914,2182018.0,100,2018,18,2
C00413914,2022018.0,1000,2018,02,2
C00413914,2132018.0,25,2018,13,2
C00413914,2102018.0,25,2018,10,2
C00413914,2212018.0,70,2018,21,2
C00413914,2272018.0,250,2018,27,2
C00413914,2282018.0,10,2018,28,2
C00413914,2122018.0,100,2018,12,2
C00413914,2142018.0,100,2018,14,2
C00413914,2022018.0,10,2018,02,2
C00413914,2272018.0,50,2018,27,2
C00413914,2162018.0,250,2018,16,2
C00413914,2012018.0,15,2018,01,2
C00413914,2222018.0,40,2018,22,2
C00413914,2162018.0,25,2018,16,2
C00413914,2152018.0,300,2018,15,2
C00413914,2022018.0,150,2018,02,2
C00413914,2062018.0,25,2018,06,2
C00413914,2122018.0,5,2018,12,2
C00413914,2202018.0,25,2018,20,2
C00413914,2092018.0,1000,2018,09,2
C00413914,2032018.0,15,2018,03,2
C00413914,2232018.0,25,2018,23,2
C00413914,2192018.0,5,2018,19,2
C00413914,2042018.0,10,2018,04,2
C00413914,2072018.0,10,2018,07,2
C00413914,2252018.0,20,2018,25,2
C00413914,2172018.0,50,2018,17,2
C00413914,2282018.0,25,2018,28,2
C00413914,2222018.0,250,2018,22,2
C00413914,2182018.0,25,2018,18,2
C00413914,2282018.0,250,2018,28,2
C00413914,2162018.0,1950,2018,16,2
C00413914,2282018.0,250,2018,28,2
C00413914,2162018.0,15,2018,16,2
C00413914,2232018.0,12,2018,23,2
C00413914,2212018.0,15,2018,21,2
C00413914,2092018.0,100,2018,09,2
C00413914,2282018.0,250,2018,28,2
C00413914,2252018.0,300,2018,25,2
C00413914,2132018.0,100,2018,13,2
C00413914,2032018.0,25,2018,03,2
C00413914,2272018.0,50,2018,27,2
C00413914,2072018.0,500,2018,07,2
C00413914,2272018.0,25,2018,27,2
C00413914,2122018.0,250,2018,12,2
C00413914,2012018.0,250,2018,01,2
C00413914,2282018.0,35,2018,28,2
C00413914,2152018.0,1000,2018,15,2
C00413914,2102018.0,500,2018,10,2
C00413914,2222018.0,20,2018,22,2
C00413914,2082018.0,25,2018,08,2
C00413914,2252018.0,25,2018,25,2
C00413914,2132018.0,15,2018,13,2
C00413914,2222018.0,2500,2018,22,2
C00413914,2232018.0,25,2018,23,2
C00413914,2282018.0,140,2018,28,2
C00413914,2252018.0,15,2018,25,2
C00413914,2102018.0,50,2018,10,2
C00413914,2032018.0,70,2018,03,2
C00413914,2272018.0,100,2018,27,2
C00413914,2162018.0,25,2018,16,2
C00413914,2282018.0,15,2018,28,2
C00413914,2212018.0,2700,2018,21,2
C00413914,2212018.0,2700,2018,21,2
C00413914,2212018.0,500,2018,21,2
C00413914,2102018.0,10,2018,10,2
C00413914,2102018.0,10,2018,10,2
C00413914,2182018.0,25,2018,18,2
C00413914,2212018.0,1000,2018,21,2
C00413914,2062018.0,500,2018,06,2
C00413914,2152018.0,200,2018,15,2
C00413914,2152018.0,25,2018,15,2
C00413914,2082018.0,15,2018,08,2
C00413914,2092018.0,25,2018,09,2
C00413914,2112018.0,25,2018,11,2
C00413914,2142018.0,35,2018,14,2
C00413914,2102018.0,2400,2018,10,2
C00413914,2102018.0,300,2018,10,2
C00413914,2082018.0,2700,2018,08,2
C00413914,2272018.0,250,2018,27,2
C00413914,2242018.0,250,2018,24,2
C00413914,2182018.0,15,2018,18,2
C00413914,2142018.0,100,2018,14,2
C00413914,2062018.0,500,2018,06,2
C00413914,2032018.0,25,2018,03,2
C00413914,2042018.0,1500,2018,04,2
C00413914,2142018.0,100,2018,14,2
C00413914,2022018.0,25,2018,02,2
C00413914,2232018.0,25,2018,23,2
C00413914,2112018.0,25,2018,11,2
C00413914,2272018.0,100,2018,27,2
C00413914,2152018.0,2500,2018,15,2
C00413914,2192018.0,20,2018,19,2
C00413914,2222018.0,1000,2018,22,2
C00413914,2232018.0,400,2018,23,2
C00413914,2242018.0,100,2018,24,2
C00413914,2232018.0,600,2018,23,2
C00413914,2242018.0,15,2018,24,2
C00413914,2142018.0,15,2018,14,2
C00413914,2242018.0,25,2018,24,2
C00413914,2192018.0,30,2018,19,2
C00413914,2262018.0,15,2018,26,2
C00413914,2072018.0,25,2018,07,2
C00413914,2222018.0,30,2018,22,2
C00413914,2042018.0,100,2018,04,2
C00413914,2042018.0,15,2018,04,2
C00413914,2232018.0,15,2018,23,2
C00413914,2182018.0,100,2018,18,2
C00413914,2212018.0,250,2018,21,2
C00413914,2232018.0,50,2018,23,2
C00413914,2212018.0,250,2018,21,2
C00413914,2162018.0,25,2018,16,2
C00413914,2142018.0,25,2018,14,2
C00413914,2142018.0,3,2018,14,2
C00413914,2172018.0,25,2018,17,2
C00413914,2142018.0,25,2018,14,2
C00413914,2282018.0,25,2018,28,2
C00413914,2222018.0,500,2018,22,2
C00413914,2282018.0,25,2018,28,2
C00413914,2062018.0,15,2018,06,2
C00413914,2162018.0,25,2018,16,2
C00413914,2092018.0,75,2018,09,2
C00413914,2152018.0,100,2018,15,2
C00413914,2172018.0,100,2018,17,2
C00413914,2182018.0,100,2018,18,2
C00413914,2152018.0,5,2018,15,2
C00413914,2162018.0,10,2018,16,2
C00413914,2022018.0,15,2018,02,2
C00413914,2082018.0,50,2018,08,2
C00413914,2242018.0,250,2018,24,2
C00413914,2142018.0,2700,2018,14,2
C00413914,2142018.0,2700,2018,14,2
C00413914,2232018.0,50,2018,23,2
C00413914,2022018.0,25,2018,02,2
C00413914,2152018.0,25,2018,15,2
C00413914,2282018.0,50,2018,28,2
C00413914,2092018.0,25,2018,09,2
C00413914,2162018.0,25,2018,16,2
C00413914,2022018.0,25,2018,02,2
C00413914,2162018.0,25,2018,16,2
C00413914,2032018.0,10,2018,03,2
C00413914,2162018.0,4,2018,16,2
C00413914,2232018.0,50,2018,23,2
C00413914,2092018.0,100,2018,09,2
C00413914,2042018.0,250,2018,04,2
C00413914,2142018.0,100,2018,14,2
C00413914,2232018.0,25,2018,23,2
C00413914,2062018.0,15,2018,06,2
C00413914,2152018.0,50,2018,15,2
C00413914,2072018.0,1000,2018,07,2
C00413914,2262018.0,300,2018,26,2
C00413914,2112018.0,10,2018,11,2
C00413914,2192018.0,50,2018,19,2
C00413914,2012018.0,1000,2018,01,2
C00413914,2072018.0,2700,2018,07,2
C00413914,2022018.0,1,2018,02,2
C00413914,2282018.0,20,2018,28,2
C00413914,2022018.0,25,2018,02,2
C00413914,2142018.0,23,2018,14,2
C00413914,2122018.0,25,2018,12,2
C00413914,2122018.0,250,2018,12,2
C00413914,2212018.0,1000,2018,21,2
C00413914,2252018.0,15,2018,25,2
C00413914,2112018.0,15,2018,11,2
C00413914,2212018.0,2700,2018,21,2
C00413914,2282018.0,2700,2018,28,2
C00413914,2192018.0,35,2018,19,2
C00413914,2182018.0,15,2018,18,2
C00413914,2022018.0,250,2018,02,2
C00413914,2192018.0,15,2018,19,2
C00413914,2032018.0,10,2018,03,2
C00413914,2102018.0,10,2018,10,2
C00413914,2282018.0,100,2018,28,2
C00413914,2052018.0,100,2018,05,2
C00413914,2062018.0,25,2018,06,2
C00413914,2112018.0,25,2018,11,2
C00413914,2122018.0,15,2018,12,2
C00413914,2172018.0,25,2018,17,2
C00413914,2212018.0,250,2018,21,2
C00413914,2172018.0,25,2018,17,2
C00413914,2202018.0,10,2018,20,2
C00413914,2232018.0,25,2018,23,2
C00413914,2212018.0,2700,2018,21,2
C00413914,2132018.0,50,2018,13,2
C00413914,2242018.0,20,2018,24,2
C00413914,2102018.0,25,2018,10,2
C00413914,2022018.0,25,2018,02,2
C00413914,2162018.0,25,2018,16,2
C00413914,2202018.0,5,2018,20,2
C00413914,2082018.0,15,2018,08,2
C00413914,2262018.0,100,2018,26,2
C00413914,2282018.0,25,2018,28,2
C00413914,2062018.0,20,2018,06,2
C00413914,2252018.0,25,2018,25,2
C00413914,2062018.0,2000,2018,06,2
C00413914,2222018.0,1345,2018,22,2
C00413914,2172018.0,5,2018,17,2
C00413914,2122018.0,25,2018,12,2
C00413914,2012018.0,2000,2018,01,2
C00413914,2142018.0,15,2018,14,2
C00413914,2012018.0,1000,2018,01,2
C00413914,2212018.0,250,2018,21,2
C00413914,2062018.0,12,2018,06,2
C00413914,2122018.0,20,2018,12,2
C00413914,2242018.0,100,2018,24,2
C00413914,2272018.0,15,2018,27,2
C00413914,2212018.0,2700,2018,21,2
C00413914,2262018.0,100,2018,26,2
C00413914,2262018.0,100,2018,26,2
C00413914,2262018.0,15,2018,26,2
C00413914,2042018.0,30,2018,04,2
C00413914,2262018.0,30,2018,26,2
C00413914,2142018.0,50,2018,14,2
C00413914,2062018.0,1,2018,06,2
C00413914,2142018.0,2,2018,14,2
C00413914,2232018.0,250,2018,23,2
C00413914,2062018.0,25,2018,06,2
C00413914,2212018.0,250,2018,21,2
C00413914,2142018.0,1500,2018,14,2
C00413914,2132018.0,500,2018,13,2
C00413914,2172018.0,25,2018,17,2
C00413914,2022018.0,50,2018,02,2
C00413914,2182018.0,25,2018,18,2
C00413914,2142018.0,25,2018,14,2
C00413914,2242018.0,25,2018,24,2
C00413914,2102018.0,10,2018,10,2
C00413914,2162018.0,100,2018,16,2
C00413914,2152018.0,95,2018,15,2
C00413914,2222018.0,25,2018,22,2
C00413914,2032018.0,50,2018,03,2
C00413914,2022018.0,40,2018,02,2
C00413914,2162018.0,5,2018,16,2
C00413914,2232018.0,50,2018,23,2
C00413914,2102018.0,20,2018,10,2
C00413914,2272018.0,100,2018,27,2
C00413914,2022018.0,1,2018,02,2
C00413914,2282018.0,15,2018,28,2
C00413914,2082018.0,100,2018,08,2
C00413914,2222018.0,200,2018,22,2
C00413914,2192018.0,500,2018,19,2
C00413914,2012018.0,500,2018,01,2
C00413914,2142018.0,250,2018,14,2
C00413914,2082018.0,15,2018,08,2
C00413914,2112018.0,50,2018,11,2
C00413914,2242018.0,25,2018,24,2
C00413914,2152018.0,1500,2018,15,2
C00413914,2222018.0,5,2018,22,2
C00413914,2022018.0,3,2018,02,2
C00413914,2062018.0,2,2018,06,2
C00413914,2172018.0,400,2018,17,2
C00413914,2262018.0,50,2018,26,2
C00413914,2202018.0,2000,2018,20,2
C00413914,2032018.0,50,2018,03,2
C00413914,2132018.0,25,2018,13,2
C00413914,2042018.0,250,2018,04,2
C00413914,2012018.0,9,2018,01,2
C00413914,2272018.0,100,2018,27,2
C00413914,2222018.0,1000,2018,22,2
C00413914,2272018.0,250,2018,27,2
C00413914,2142018.0,25,2018,14,2
C00413914,2262018.0,250,2018,26,2
C00413914,2172018.0,20,2018,17,2
C00413914,2052018.0,25,2018,05,2
C00413914,2272018.0,25,2018,27,2
C00413914,2052018.0,50,2018,05,2
C00413914,2022018.0,1000,2018,02,2
C00413914,2072018.0,50,2018,07,2
C00413914,2252018.0,25,2018,25,2
C00413914,2172018.0,100,2018,17,2
C00413914,2042018.0,100,2018,04,2
C00413914,2192018.0,150,2018,19,2
C00413914,2282018.0,1000,2018,28,2
C00413914,2052018.0,360,2018,05,2
C00413914,2082018.0,15,2018,08,2
C00413914,2142018.0,50,2018,14,2
C00413914,2242018.0,25,2018,24,2
C00413914,2112018.0,3,2018,11,2
C00413914,2012018.0,250,2018,01,2
C00413914,2262018.0,25,2018,26,2
C00413914,2132018.0,1100,2018,13,2
C00413914,2132018.0,1600,2018,13,2
C00413914,2282018.0,250,2018,28,2
C00413914,2052018.0,3,2018,05,2
C00413914,2062018.0,25,2018,06,2
C00413914,2172018.0,25,2018,17,2
C00413914,2282018.0,30,2018,28,2
C00413914,2252018.0,2700,2018,25,2
C00413914,2182018.0,500,2018,18,2
C00413914,2122018.0,600,2018,12,2
C00413914,2252018.0,100,2018,25,2
C00413914,2182018.0,50,2018,18,2
C00413914,2182018.0,50,2018,18,2
C00413914,2182018.0,25,2018,18,2
C00413914,2182018.0,50,2018,18,2
C00413914,2182018.0,50,2018,18,2
C00413914,2182018.0,50,2018,18,2
C00413914,2182018.0,5,2018,18,2
C00413914,2262018.0,5400,2018,26,2
C00413914,2052018.0,300,2018,05,2
C00413914,2252018.0,1000,2018,25,2
C00413914,2252018.0,25,2018,25,2
C00413914,2072018.0,250,2018,07,2
C00413914,2222018.0,300,2018,22,2
C00413914,2072018.0,25,2018,07,2
C00413914,2082018.0,400,2018,08,2
C00413914,2192018.0,1000,2018,19,2
C00413914,2222018.0,225,2018,22,2
C00413914,2262018.0,2700,2018,26,2
C00413914,2082018.0,25,2018,08,2
C00413914,2222018.0,450,2018,22,2
C00413914,2062018.0,250,2018,06,2
C00482984,2062018.0,500,2018,06,2
C00482984,2122018.0,500,2018,12,2
C00482984,2122018.0,1000,2018,12,2
C00653022,2172018.0,250,2018,17,2
C00653022,2032018.0,500,2018,03,2
C00653022,2162018.0,250,2018,16,2
C00653022,2202018.0,250,2018,20,2
C00653022,2162018.0,250,2018,16,2
C00653022,2272018.0,250,2018,27,2
C00653022,2162018.0,250,2018,16,2
C00653022,2162018.0,500,2018,16,2
C00532465,2062018.0,1000,2018,06,2
C00532465,2082018.0,1000,2018,08,2
C00532465,2172018.0,1500,2018,17,2
C00532465,2272018.0,5400,2018,27,2
C00532465,2272018.0,-2700,2018,27,2
C00532465,2272018.0,2700,2018,27,2
C00532465,2052018.0,500,2018,05,2
C00532465,2172018.0,500,2018,17,2
C00532465,2052018.0,500,2018,05,2
C00532465,2152018.0,2700,2018,15,2
C00532465,2072018.0,1000,2018,07,2
C00532465,2152018.0,1000,2018,15,2
C00532465,2082018.0,1000,2018,08,2
C00532465,2262018.0,50,2018,26,2
C00532465,2082018.0,50,2018,08,2
C00532465,2062018.0,500,2018,06,2
C00532465,2152018.0,1000,2018,15,2
C00532465,2212018.0,500,2018,21,2
C00532465,2062018.0,500,2018,06,2
C00638148,2192018.0,1000,2018,19,2
C00638148,2022018.0,1000,2018,02,2
C00638148,2122018.0,2700,2018,12,2
C00638148,2212018.0,1484100,2018,21,2
C00638148,2062018.0,25,2018,06,2
C00638148,2122018.0,53,2018,12,2
C00638148,2212018.0,989400,2018,21,2
C00638148,2262018.0,32,2018,26,2
C00638148,2282018.0,500,2018,28,2
C00638148,2102018.0,2700,2018,10,2
C00638148,2052018.0,1000,2018,05,2
C00638148,2272018.0,2700,2018,27,2
C00543983,2282018.0,25,2018,28,2
C00543983,2102018.0,100,2018,10,2
C00543983,2272018.0,500,2018,27,2
C00543983,2132018.0,500,2018,13,2
C00543983,2222018.0,10,2018,22,2
C00543983,2222018.0,10,2018,22,2
C00543983,2162018.0,2700,2018,16,2
C00543983,2162018.0,5400,2018,16,2
C00543983,2162018.0,-2700,2018,16,2
C00543983,2162018.0,2700,2018,16,2
C00543983,2162018.0,2700,2018,16,2
C00543983,2162018.0,2700,2018,16,2
C00543983,2162018.0,5400,2018,16,2
C00543983,2162018.0,-2700,2018,16,2
C00543983,2162018.0,2700,2018,16,2
C00543983,2162018.0,2700,2018,16,2
C00543983,2272018.0,1500,2018,27,2
C00543983,2282018.0,2000,2018,28,2
C00543983,2252018.0,25,2018,25,2
C00543983,2282018.0,100,2018,28,2
C00543983,2162018.0,2700,2018,16,2
C00543983,2272018.0,500,2018,27,2
C00543983,2282018.0,3,2018,28,2
C00543983,2212018.0,25,2018,21,2
C00543983,2132018.0,100,2018,13,2
C00543983,2272018.0,100,2018,27,2
C00543983,2192018.0,1000,2018,19,2
C00543983,2232018.0,500,2018,23,2
C00543983,2222018.0,25,2018,22,2
C00543983,2272018.0,1000,2018,27,2
C00543983,2142018.0,500,2018,14,2
C00543983,2152018.0,500,2018,15,2
C00543983,2282018.0,10,2018,28,2
C00543983,2232018.0,500,2018,23,2
C00543983,2182018.0,500,2018,18,2
C00543983,2232018.0,100,2018,23,2
C00543983,2282018.0,25,2018,28,2
C00543983,2242018.0,100,2018,24,2
C00543983,2132018.0,1000,2018,13,2
C00543983,2272018.0,100,2018,27,2
C00543983,2132018.0,2700,2018,13,2
C00543983,2212018.0,25,2018,21,2
C00543983,2162018.0,2700,2018,16,2
C00543983,2212018.0,100,2018,21,2
C00543983,2112018.0,100,2018,11,2
C00543983,2142018.0,1000,2018,14,2
C00543983,2122018.0,500,2018,12,2
C00543983,2112018.0,25,2018,11,2
C00543983,2272018.0,25,2018,27,2
C00543983,2132018.0,1000,2018,13,2
C00504704,2272018.0,5400,2018,27,2
C00504704,2262018.0,250,2018,26,2
C00504704,2272018.0,-2700,2018,27,2
C00504704,2272018.0,2700,2018,27,2
C00504704,2272018.0,4400,2018,27,2
C00504704,2272018.0,-2700,2018,27,2
C00504704,2272018.0,2700,2018,27,2
C00504704,2262018.0,5400,2018,26,2
C00504704,2262018.0,-2700,2018,26,2
C00504704,2262018.0,2700,2018,26,2
C00504704,2262018.0,2700,2018,26,2
C00504704,2262018.0,5400,2018,26,2
C00504704,2262018.0,-2700,2018,26,2
C00504704,2262018.0,5400,2018,26,2
C00504704,2262018.0,-2700,2018,26,2
C00504704,2262018.0,2700,2018,26,2
C00504704,2262018.0,5400,2018,26,2
C00504704,2262018.0,-2700,2018,26,2
C00504704,2262018.0,2700,2018,26,2
C00504704,2212018.0,2700,2018,21,2
C00504704,2212018.0,5400,2018,21,2
C00504704,2212018.0,-2700,2018,21,2
C00504704,2212018.0,2700,2018,21,2
C00504704,2262018.0,5400,2018,26,2
C00504704,2262018.0,-2700,2018,26,2
C00504704,2262018.0,2700,2018,26,2
C00504704,2262018.0,5400,2018,26,2
C00504704,2262018.0,-2700,2018,26,2
C00504704,2262018.0,2700,2018,26,2
C00504704,2012018.0,1250,2018,01,2
C00504704,2232018.0,5400,2018,23,2
C00504704,2212018.0,1000,2018,21,2
C00504704,2212018.0,5400,2018,21,2
C00504704,2082018.0,2700,2018,08,2
C00504704,2282018.0,1080,2018,28,2
C00504704,2082018.0,2700,2018,08,2
C00504704,2212018.0,500,2018,21,2
C00504704,2212018.0,5400,2018,21,2
C00504704,2172018.0,250,2018,17,2
C00504704,2212018.0,-2700,2018,21,2
C00504704,2212018.0,2700,2018,21,2
C00504704,2212018.0,-2700,2018,21,2
C00504704,2212018.0,2700,2018,21,2
C00504704,2262018.0,2700,2018,26,2
C00504704,2262018.0,5400,2018,26,2
C00504704,2262018.0,-2700,2018,26,2
C00504704,2262018.0,2700,2018,26,2
C00504704,2262018.0,5400,2018,26,2
C00504704,2262018.0,-2700,2018,26,2
C00504704,2212018.0,4900,2018,21,2
C00504704,2212018.0,-2700,2018,21,2
C00504704,2282018.0,2700,2018,28,2
C00504704,2212018.0,2700,2018,21,2
C00504704,2282018.0,4400,2018,28,2
C00504704,2282018.0,-2700,2018,28,2
C00504704,2282018.0,2700,2018,28,2
C00504704,2282018.0,5400,2018,28,2
C00504704,2282018.0,-2700,2018,28,2
C00431304,2102018.0,200,2018,10,2
C00431304,2142018.0,2,2018,14,2
C00431304,2182018.0,1370,2018,18,2
C00431304,2052018.0,1000,2018,05,2
C00431304,2032018.0,100,2018,03,2
C00431304,2282018.0,25,2018,28,2
C00431304,2282018.0,20,2018,28,2
C00431304,2242018.0,6,2018,24,2
C00431304,2222018.0,25,2018,22,2
C00431304,2102018.0,2700,2018,10,2
C00431304,2102018.0,25,2018,10,2
C00431304,2092018.0,300,2018,09,2
C00431304,2052018.0,200,2018,05,2
C00431304,2022018.0,10,2018,02,2
C00431304,2202018.0,25,2018,20,2
C00431304,2232018.0,25,2018,23,2
C00431304,2282018.0,20,2018,28,2
C00431304,2092018.0,10,2018,09,2
C00431304,2152018.0,100,2018,15,2
C00431304,2272018.0,50,2018,27,2
C00431304,2232018.0,25,2018,23,2
C00431304,2132018.0,8,2018,13,2
C00431304,2122018.0,100,2018,12,2
C00431304,2272018.0,50,2018,27,2
C00431304,2202018.0,20,2018,20,2
C00431304,2042018.0,250,2018,04,2
C00431304,2022018.0,450,2018,02,2
C00431304,2212018.0,25,2018,21,2
C00431304,2122018.0,10,2018,12,2
C00431304,2092018.0,20,2018,09,2
C00431304,2212018.0,100,2018,21,2
C00431304,2182018.0,25,2018,18,2
C00431304,2122018.0,35,2018,12,2
C00431304,2052018.0,100,2018,05,2
C00431304,2022018.0,1000,2018,02,2
C00431304,2242018.0,25,2018,24,2
C00431304,2192018.0,150,2018,19,2
C00431304,2252018.0,6,2018,25,2
C00431304,2202018.0,2700,2018,20,2
C00431304,2122018.0,250,2018,12,2
C00431304,2152018.0,25,2018,15,2
C00431304,2272018.0,5,2018,27,2
C00431304,2232018.0,5,2018,23,2
C00431304,2262018.0,5,2018,26,2
C00431304,2022018.0,500,2018,02,2
C00431304,2212018.0,25,2018,21,2
C00431304,2262018.0,100,2018,26,2
C00431304,2272018.0,25,2018,27,2
C00431304,2062018.0,100,2018,06,2
C00431304,2212018.0,25,2018,21,2
C00431304,2132018.0,25,2018,13,2
C00431304,2092018.0,2700,2018,09,2
C00431304,2102018.0,25,2018,10,2
C00431304,2172018.0,30,2018,17,2
C00431304,2172018.0,6,2018,17,2
C00431304,2012018.0,50,2018,01,2
C00431304,2072018.0,25,2018,07,2
C00431304,2052018.0,5,2018,05,2
C00431304,2272018.0,100,2018,27,2
C00431304,2242018.0,25,2018,24,2
C00431304,2252018.0,5,2018,25,2
C00431304,2122018.0,25,2018,12,2
C00431304,2172018.0,35,2018,17,2
C00431304,2122018.0,5,2018,12,2
C00431304,2222018.0,50,2018,22,2
C00431304,2192018.0,80,2018,19,2
C00431304,2112018.0,40,2018,11,2
C00431304,2062018.0,2700,2018,06,2
C00431304,2092018.0,20,2018,09,2
C00431304,2242018.0,15,2018,24,2
C00431304,2182018.0,25,2018,18,2
C00431304,2062018.0,25,2018,06,2
C00431304,2182018.0,5,2018,18,2
C00431304,2212018.0,500,2018,21,2
C00431304,2212018.0,200,2018,21,2
C00431304,2062018.0,20,2018,06,2
C00431304,2102018.0,100,2018,10,2
C00431304,2192018.0,25,2018,19,2
C00431304,2072018.0,500,2018,07,2
C00431304,2282018.0,5,2018,28,2
C00431304,2202018.0,12,2018,20,2
C00431304,2262018.0,100,2018,26,2
C00431304,2132018.0,5,2018,13,2
C00431304,2272018.0,75,2018,27,2
C00431304,2272018.0,1,2018,27,2
C00431304,2122018.0,75,2018,12,2
C00431304,2122018.0,25,2018,12,2
C00431304,2222018.0,50,2018,22,2
C00431304,2102018.0,10,2018,10,2
C00431304,2282018.0,5,2018,28,2
C00431304,2062018.0,50,2018,06,2
C00431304,2192018.0,250,2018,19,2
C00431304,2262018.0,100,2018,26,2
C00431304,2272018.0,250,2018,27,2
C00431304,2192018.0,33,2018,19,2
C00431304,2272018.0,25,2018,27,2
C00431304,2282018.0,2,2018,28,2
C00431304,2252018.0,20,2018,25,2
C00431304,2252018.0,20,2018,25,2
C00431304,2212018.0,20,2018,21,2
C00431304,2262018.0,250,2018,26,2
C00431304,2262018.0,35,2018,26,2
C00431304,2182018.0,37,2018,18,2
C00431304,2272018.0,25,2018,27,2
C00431304,2072018.0,100,2018,07,2
C00431304,2102018.0,1000,2018,10,2
C00431304,2082018.0,1000,2018,08,2
C00431304,2102018.0,1,2018,10,2
C00431304,2152018.0,100,2018,15,2
C00431304,2282018.0,25,2018,28,2
C00431304,2282018.0,15,2018,28,2
C00431304,2192018.0,1000,2018,19,2
C00431304,2262018.0,100,2018,26,2
C00431304,2262018.0,100,2018,26,2
C00431304,2102018.0,35,2018,10,2
C00431304,2282018.0,40,2018,28,2
C00431304,2062018.0,1000,2018,06,2
C00431304,2202018.0,20,2018,20,2
C00431304,2222018.0,25,2018,22,2
C00431304,2222018.0,50,2018,22,2
C00431304,2122018.0,20,2018,12,2
C00431304,2042018.0,50,2018,04,2
C00431304,2042018.0,25,2018,04,2
C00431304,2272018.0,100,2018,27,2
C00431304,2272018.0,50,2018,27,2
C00431304,2272018.0,15,2018,27,2
C00431304,2082018.0,25,2018,08,2
C00431304,2102018.0,2700,2018,10,2
C00431304,2142018.0,50,2018,14,2
C00431304,2182018.0,10,2018,18,2
C00431304,2182018.0,250,2018,18,2
C00431304,2062018.0,25,2018,06,2
C00431304,2092018.0,25,2018,09,2
C00431304,2082018.0,250,2018,08,2
C00431304,2022018.0,5,2018,02,2
C00431304,2022018.0,25,2018,02,2
C00431304,2062018.0,1000,2018,06,2
C00431304,2202018.0,40,2018,20,2
C00431304,2142018.0,1000,2018,14,2
C00431304,2222018.0,10,2018,22,2
C00431304,2172018.0,25,2018,17,2
C00431304,2022018.0,15,2018,02,2
C00431304,2272018.0,100,2018,27,2
C00431304,2212018.0,25,2018,21,2
C00431304,2212018.0,2700,2018,21,2
C00431304,2162018.0,1180,2018,16,2
C00431304,2222018.0,50,2018,22,2
C00431304,2252018.0,10,2018,25,2
C00431304,2152018.0,25,2018,15,2
C00431304,2092018.0,50,2018,09,2
C00431304,2182018.0,25,2018,18,2
C00431304,2132018.0,5,2018,13,2
C00431304,2162018.0,10,2018,16,2
C00431304,2102018.0,200,2018,10,2
C00431304,2182018.0,80,2018,18,2
C00431304,2222018.0,1,2018,22,2
C00431304,2122018.0,25,2018,12,2
C00431304,2082018.0,400,2018,08,2
C00431304,2092018.0,100,2018,09,2
C00431304,2262018.0,50,2018,26,2
C00431304,2062018.0,200,2018,06,2
C00431304,2222018.0,2700,2018,22,2
C00431304,2192018.0,6,2018,19,2
C00431304,2072018.0,5,2018,07,2
C00431304,2232018.0,50,2018,23,2
C00431304,2072018.0,140,2018,07,2
C00431304,2222018.0,180,2018,22,2
C00431304,2122018.0,1000,2018,12,2
C00431304,2222018.0,250,2018,22,2
C00431304,2092018.0,9,2018,09,2
C00431304,2022018.0,100,2018,02,2
C00431304,2102018.0,25,2018,10,2
C00431304,2062018.0,50,2018,06,2
C00431304,2022018.0,10,2018,02,2
C00431304,2272018.0,75,2018,27,2
C00431304,2162018.0,100,2018,16,2
C00431304,2202018.0,25,2018,20,2
C00431304,2262018.0,125,2018,26,2
C00431304,2242018.0,125,2018,24,2
C00431304,2172018.0,60,2018,17,2
C00431304,2202018.0,1000,2018,20,2
C00431304,2012018.0,100,2018,01,2
C00431304,2072018.0,500,2018,07,2
C00431304,2072018.0,100,2018,07,2
C00431304,2062018.0,10,2018,06,2
C00431304,2062018.0,25,2018,06,2
C00431304,2122018.0,50,2018,12,2
C00431304,2012018.0,6,2018,01,2
C00431304,2072018.0,25,2018,07,2
C00431304,2052018.0,115,2018,05,2
C00431304,2062018.0,250,2018,06,2
C00431304,2132018.0,50,2018,13,2
C00431304,2142018.0,25,2018,14,2
C00431304,2172018.0,150,2018,17,2
C00431304,2212018.0,50,2018,21,2
C00431304,2282018.0,50,2018,28,2
C00431304,2282018.0,10,2018,28,2
C00431304,2222018.0,25,2018,22,2
C00431304,2252018.0,150,2018,25,2
C00431304,2172018.0,4,2018,17,2
C00431304,2182018.0,250,2018,18,2
C00431304,2012018.0,100,2018,01,2
C00431304,2212018.0,100,2018,21,2
C00431304,2222018.0,1000,2018,22,2
C00431304,2272018.0,5,2018,27,2
C00431304,2262018.0,100,2018,26,2
C00431304,2242018.0,25,2018,24,2
C00431304,2142018.0,5,2018,14,2
C00431304,2142018.0,150,2018,14,2
C00431304,2212018.0,200,2018,21,2
C00431304,2272018.0,300,2018,27,2
C00431304,2272018.0,40,2018,27,2
C00431304,2282018.0,25,2018,28,2
C00431304,2072018.0,250,2018,07,2
C00431304,2122018.0,675,2018,12,2
C00431304,2122018.0,675,2018,12,2
C00431304,2282018.0,400,2018,28,2
C00431304,2282018.0,25,2018,28,2
C00431304,2212018.0,15,2018,21,2
C00431304,2262018.0,75,2018,26,2
C00431304,2282018.0,20,2018,28,2
C00431304,2232018.0,270,2018,23,2
C00431304,2262018.0,100,2018,26,2
C00431304,2042018.0,25,2018,04,2
C00431304,2032018.0,25,2018,03,2
C00431304,2282018.0,40,2018,28,2
C00431304,2202018.0,1000,2018,20,2
C00431304,2142018.0,1000,2018,14,2
C00431304,2072018.0,35,2018,07,2
C00431304,2062018.0,5,2018,06,2
C00431304,2092018.0,10,2018,09,2
C00431304,2182018.0,5,2018,18,2
C00431304,2172018.0,15,2018,17,2
C00431304,2192018.0,100,2018,19,2
C00431304,2012018.0,50,2018,01,2
C00431304,2012018.0,100,2018,01,2
C00431304,2052018.0,500,2018,05,2
C00431304,2162018.0,100,2018,16,2
C00431304,2252018.0,100,2018,25,2
C00431304,2212018.0,1000,2018,21,2
C00431304,2282018.0,50,2018,28,2
C00431304,2172018.0,12,2018,17,2
C00431304,2072018.0,5,2018,07,2
C00431304,2192018.0,25,2018,19,2
C00431304,2232018.0,2700,2018,23,2
C00431304,2282018.0,25,2018,28,2
C00431304,2262018.0,25,2018,26,2
C00431304,2232018.0,50,2018,23,2
C00431304,2212018.0,75,2018,21,2
C00431304,2042018.0,10,2018,04,2
C00431304,2052018.0,300,2018,05,2
C00431304,2222018.0,50,2018,22,2
C00431304,2102018.0,50,2018,10,2
C00431304,2282018.0,20,2018,28,2
C00431304,2082018.0,50,2018,08,2
C00431304,2012018.0,250,2018,01,2
C00431304,2062018.0,20,2018,06,2
C00431304,2082018.0,25,2018,08,2
C00431304,2062018.0,50,2018,06,2
C00431304,2122018.0,50,2018,12,2
C00431304,2042018.0,10,2018,04,2
C00431304,2112018.0,50,2018,11,2
C00431304,2012018.0,200,2018,01,2
C00431304,2222018.0,50,2018,22,2
C00431304,2022018.0,2700,2018,02,2
C00431304,2072018.0,400,2018,07,2
C00431304,2082018.0,35,2018,08,2
C00431304,2092018.0,10,2018,09,2
C00431304,2022018.0,350,2018,02,2
C00431304,2022018.0,300,2018,02,2
C00431304,2012018.0,1000,2018,01,2
C00431304,2162018.0,250,2018,16,2
C00431304,2152018.0,25,2018,15,2
C00431304,2172018.0,250,2018,17,2
C00431304,2022018.0,25,2018,02,2
C00431304,2282018.0,100,2018,28,2
C00431304,2282018.0,100,2018,28,2
C00431304,2282018.0,25,2018,28,2
C00431304,2262018.0,250,2018,26,2
C00431304,2282018.0,25,2018,28,2
C00431304,2282018.0,10,2018,28,2
C00431304,2122018.0,25,2018,12,2
C00431304,2162018.0,250,2018,16,2
C00431304,2272018.0,30,2018,27,2
C00431304,2172018.0,100,2018,17,2
C00431304,2132018.0,5,2018,13,2
C00431304,2212018.0,110,2018,21,2
C00431304,2282018.0,25,2018,28,2
C00431304,2282018.0,2,2018,28,2
C00431304,2262018.0,25,2018,26,2
C00431304,2262018.0,100,2018,26,2
C00431304,2012018.0,100,2018,01,2
C00431304,2082018.0,25,2018,08,2
C00431304,2022018.0,18,2018,02,2
C00431304,2272018.0,500,2018,27,2
C00431304,2282018.0,25,2018,28,2
C00431304,2212018.0,130,2018,21,2
C00431304,2042018.0,25,2018,04,2
C00431304,2092018.0,26,2018,09,2
C00431304,2212018.0,200,2018,21,2
C00431304,2132018.0,250,2018,13,2
C00431304,2142018.0,25,2018,14,2
C00431304,2122018.0,100,2018,12,2
C00431304,2062018.0,100,2018,06,2
C00431304,2242018.0,25,2018,24,2
C00431304,2242018.0,25,2018,24,2
C00431304,2262018.0,35,2018,26,2
C00431304,2272018.0,1000,2018,27,2
C00431304,2282018.0,25,2018,28,2
C00431304,2242018.0,200,2018,24,2
C00431304,2192018.0,50,2018,19,2
C00431304,2282018.0,10,2018,28,2
C00431304,2012018.0,2000,2018,01,2
C00431304,2152018.0,500,2018,15,2
C00431304,2282018.0,25,2018,28,2
C00431304,2112018.0,25,2018,11,2
C00431304,2272018.0,100,2018,27,2
C00431304,2152018.0,100,2018,15,2
C00431304,2282018.0,25,2018,28,2
C00431304,2152018.0,100,2018,15,2
C00431304,2102018.0,25,2018,10,2
C00431304,2092018.0,35,2018,09,2
C00431304,2072018.0,50,2018,07,2
C00431304,2192018.0,5,2018,19,2
C00431304,2262018.0,250,2018,26,2
C00431304,2272018.0,50,2018,27,2
C00431304,2072018.0,50,2018,07,2
C00431304,2072018.0,250,2018,07,2
C00431304,2272018.0,100,2018,27,2
C00431304,2012018.0,25,2018,01,2
C00431304,2022018.0,25,2018,02,2
C00431304,2062018.0,50,2018,06,2
C00431304,2092018.0,25,2018,09,2
C00431304,2152018.0,250,2018,15,2
C00431304,2162018.0,50,2018,16,2
C00431304,2202018.0,75,2018,20,2
C00431304,2232018.0,40,2018,23,2
C00431304,2052018.0,25,2018,05,2
C00431304,2262018.0,25,2018,26,2
C00431304,2012018.0,15,2018,01,2
C00431304,2212018.0,10,2018,21,2
C00431304,2262018.0,35,2018,26,2
C00431304,2062018.0,100,2018,06,2
C00431304,2162018.0,500,2018,16,2
C00431304,2222018.0,250,2018,22,2
C00431304,2262018.0,100,2018,26,2
C00431304,2192018.0,5,2018,19,2
C00431304,2262018.0,35,2018,26,2
C00431304,2272018.0,200,2018,27,2
C00431304,2272018.0,100,2018,27,2
C00431304,2092018.0,1000,2018,09,2
C00431304,2272018.0,250,2018,27,2
C00431304,2222018.0,25,2018,22,2
C00431304,2012018.0,100,2018,01,2
C00431304,2182018.0,75,2018,18,2
C00431304,2162018.0,25,2018,16,2
C00431304,2212018.0,2700,2018,21,2
C00431304,2222018.0,25,2018,22,2
C00431304,2062018.0,25,2018,06,2
C00431304,2152018.0,100,2018,15,2
C00431304,2052018.0,2500,2018,05,2
C00431304,2212018.0,50,2018,21,2
C00431304,2182018.0,250,2018,18,2
C00431304,2022018.0,100,2018,02,2
C00431304,2022018.0,50,2018,02,2
C00431304,2052018.0,150,2018,05,2
C00431304,2262018.0,400,2018,26,2
C00431304,2222018.0,50,2018,22,2
C00431304,2192018.0,40,2018,19,2
C00431304,2202018.0,25,2018,20,2
C00431304,2072018.0,25,2018,07,2
C00431304,2062018.0,40,2018,06,2
C00431304,2092018.0,50,2018,09,2
C00431304,2122018.0,100,2018,12,2
C00431304,2282018.0,10,2018,28,2
C00431304,2012018.0,1,2018,01,2
C00431304,2272018.0,10,2018,27,2
C00431304,2102018.0,100,2018,10,2
C00431304,2052018.0,2,2018,05,2
C00431304,2102018.0,250,2018,10,2
C00431304,2242018.0,75,2018,24,2
C00431304,2022018.0,250,2018,02,2
C00431304,2192018.0,25,2018,19,2
C00431304,2212018.0,100,2018,21,2
C00431304,2222018.0,25,2018,22,2
C00431304,2262018.0,100,2018,26,2
C00431304,2262018.0,500,2018,26,2
C00431304,2282018.0,25,2018,28,2
C00431304,2262018.0,25,2018,26,2
C00431304,2282018.0,25,2018,28,2
C00431304,2142018.0,25,2018,14,2
C00431304,2242018.0,400,2018,24,2
C00431304,2162018.0,25,2018,16,2
C00431304,2022018.0,400,2018,02,2
C00431304,2042018.0,15,2018,04,2
C00431304,2022018.0,1000,2018,02,2
C00431304,2082018.0,25,2018,08,2
C00431304,2062018.0,50,2018,06,2
C00431304,2222018.0,6,2018,22,2
C00431304,2262018.0,100,2018,26,2
C00431304,2042018.0,30,2018,04,2
C00431304,2012018.0,25,2018,01,2
C00431304,2022018.0,250,2018,02,2
C00431304,2092018.0,25,2018,09,2
C00431304,2092018.0,200,2018,09,2
C00431304,2082018.0,278,2018,08,2
C00431304,2262018.0,6,2018,26,2
C00431304,2102018.0,1363,2018,10,2
C00431304,2272018.0,1000,2018,27,2
C00431304,2272018.0,25,2018,27,2
C00431304,2212018.0,75,2018,21,2
C00431304,2022018.0,100,2018,02,2
C00431304,2022018.0,100,2018,02,2
C00431304,2072018.0,2700,2018,07,2
C00431304,2092018.0,25,2018,09,2
C00431304,2062018.0,80,2018,06,2
C00431304,2282018.0,2700,2018,28,2
C00431304,2022018.0,450,2018,02,2
C00431304,2092018.0,400,2018,09,2
C00431304,2272018.0,100,2018,27,2
C00431304,2102018.0,75,2018,10,2
C00431304,2182018.0,25,2018,18,2
C00431304,2122018.0,250,2018,12,2
C00431304,2202018.0,25,2018,20,2
C00431304,2272018.0,50,2018,27,2
C00431304,2142018.0,25,2018,14,2
C00431304,2122018.0,1000,2018,12,2
C00431304,2052018.0,3311,2018,05,2
C00431304,2262018.0,2901,2018,26,2
C00431304,2112018.0,5,2018,11,2
C00431304,2092018.0,25,2018,09,2
C00431304,2022018.0,500,2018,02,2
C00431304,2062018.0,20,2018,06,2
C00431304,2172018.0,5,2018,17,2
C00431304,2132018.0,300,2018,13,2
C00431304,2012018.0,700,2018,01,2
C00431304,2072018.0,200,2018,07,2
C00431304,2282018.0,75,2018,28,2
C00431304,2242018.0,25,2018,24,2
C00431304,2232018.0,5,2018,23,2
C00431304,2262018.0,100,2018,26,2
C00431304,2162018.0,25,2018,16,2
C00431304,2272018.0,50,2018,27,2
C00431304,2232018.0,1000,2018,23,2
C00431304,2032018.0,100,2018,03,2
C00431304,2042018.0,50,2018,04,2
C00431304,2202018.0,15,2018,20,2
C00431304,2202018.0,1000,2018,20,2
C00431304,2062018.0,800,2018,06,2
C00431304,2202018.0,500,2018,20,2
C00431304,2092018.0,250,2018,09,2
C00431304,2182018.0,25,2018,18,2
C00431304,2122018.0,25,2018,12,2
C00431304,2052018.0,100,2018,05,2
C00431304,2022018.0,25,2018,02,2
C00431304,2182018.0,150,2018,18,2
C00431304,2172018.0,1000,2018,17,2
C00431304,2162018.0,25,2018,16,2
C00431304,2212018.0,100,2018,21,2
C00431304,2062018.0,300,2018,06,2
C00431304,2142018.0,100,2018,14,2
C00431304,2272018.0,2700,2018,27,2
C00431304,2272018.0,25,2018,27,2
C00431304,2162018.0,200,2018,16,2
C00431304,2062018.0,25,2018,06,2
C00431304,2062018.0,25,2018,06,2
C00431304,2062018.0,5,2018,06,2
C00431304,2032018.0,10,2018,03,2
C00431304,2272018.0,50,2018,27,2
C00431304,2272018.0,100,2018,27,2
C00431304,2272018.0,100,2018,27,2
C00431304,2272018.0,100,2018,27,2
C00431304,2272018.0,100,2018,27,2
C00431304,2272018.0,35,2018,27,2
C00431304,2092018.0,50,2018,09,2
C00431304,2182018.0,25,2018,18,2
C00431304,2212018.0,25,2018,21,2
C00431304,2272018.0,1000,2018,27,2
C00431304,2062018.0,25,2018,06,2
C00431304,2062018.0,40,2018,06,2
C00431304,2172018.0,40,2018,17,2
C00431304,2192018.0,100,2018,19,2
C00431304,2022018.0,300,2018,02,2
C00431304,2062018.0,100,2018,06,2
C00431304,2242018.0,50,2018,24,2
C00431304,2202018.0,200,2018,20,2
C00431304,2262018.0,100,2018,26,2
C00431304,2222018.0,25,2018,22,2
C00431304,2092018.0,10,2018,09,2
C00431304,2122018.0,2700,2018,12,2
C00431304,2232018.0,12,2018,23,2
C00431304,2252018.0,150,2018,25,2
C00431304,2212018.0,5,2018,21,2
C00431304,2262018.0,500,2018,26,2
C00431304,2022018.0,200,2018,02,2
C00431304,2062018.0,25,2018,06,2
C00431304,2112018.0,35,2018,11,2
C00431304,2252018.0,500,2018,25,2
C00431304,2232018.0,250,2018,23,2
C00431304,2232018.0,20,2018,23,2
C00431304,2262018.0,100,2018,26,2
C00431304,2272018.0,200,2018,27,2
C00431304,2192018.0,12,2018,19,2
C00431304,2222018.0,100,2018,22,2
C00431304,2162018.0,5,2018,16,2
C00431304,2092018.0,250,2018,09,2
C00431304,2102018.0,1000,2018,10,2
C00431304,2182018.0,1000,2018,18,2
C00431304,2022018.0,500,2018,02,2
C00431304,2282018.0,100,2018,28,2
C00431304,2262018.0,135,2018,26,2
C00431304,2262018.0,100,2018,26,2
C00431304,2182018.0,100,2018,18,2
C00431304,2162018.0,25,2018,16,2
C00431304,2272018.0,50,2018,27,2
C00431304,2212018.0,100,2018,21,2
C00431304,2212018.0,100,2018,21,2
C00431304,2212018.0,20,2018,21,2
C00431304,2282018.0,20,2018,28,2
C00431304,2182018.0,100,2018,18,2
C00431304,2162018.0,1314,2018,16,2
C00431304,2282018.0,50,2018,28,2
C00431304,2282018.0,100,2018,28,2
C00431304,2272018.0,70,2018,27,2
C00431304,2272018.0,50,2018,27,2
C00431304,2282018.0,10,2018,28,2
C00431304,2062018.0,50,2018,06,2
C00431304,2052018.0,1000,2018,05,2
C00431304,2232018.0,50,2018,23,2
C00431304,2222018.0,10,2018,22,2
C00431304,2282018.0,20,2018,28,2
C00431304,2102018.0,1000,2018,10,2
C00431304,2122018.0,5,2018,12,2
C00431304,2162018.0,25,2018,16,2
C00431304,2132018.0,250,2018,13,2
C00431304,2272018.0,100,2018,27,2
C00431304,2272018.0,50,2018,27,2
C00431304,2162018.0,25,2018,16,2
C00431304,2272018.0,25,2018,27,2
C00431304,2012018.0,25,2018,01,2
C00431304,2152018.0,50,2018,15,2
C00431304,2192018.0,10230,2018,19,2
C00431304,2092018.0,1904,2018,09,2
C00431304,2012018.0,40,2018,01,2
C00431304,2062018.0,100,2018,06,2
C00431304,2252018.0,30,2018,25,2
C00431304,2262018.0,10,2018,26,2
C00431304,2162018.0,250,2018,16,2
C00431304,2222018.0,70,2018,22,2
C00431304,2222018.0,250,2018,22,2
C00431304,2142018.0,40,2018,14,2
C00431304,2282018.0,40,2018,28,2
C00431304,2262018.0,2700,2018,26,2
C00431304,2052018.0,150,2018,05,2
C00431304,2282018.0,10,2018,28,2
C00431304,2132018.0,500,2018,13,2
C00431304,2182018.0,25,2018,18,2
C00431304,2272018.0,100,2018,27,2
C00431304,2052018.0,50,2018,05,2
C00431304,2152018.0,50,2018,15,2
C00431304,2282018.0,10,2018,28,2
C00431304,2262018.0,100,2018,26,2
C00431304,2062018.0,50,2018,06,2
C00431304,2172018.0,25,2018,17,2
C00431304,2232018.0,60,2018,23,2
C00431304,2232018.0,4,2018,23,2
C00431304,2262018.0,100,2018,26,2
C00431304,2092018.0,5,2018,09,2
C00431304,2062018.0,400,2018,06,2
C00431304,2212018.0,25,2018,21,2
C00431304,2242018.0,100,2018,24,2
C00431304,2052018.0,500,2018,05,2
C00431304,2282018.0,25,2018,28,2
C00431304,2272018.0,20,2018,27,2
C00431304,2062018.0,50,2018,06,2
C00431304,2192018.0,250,2018,19,2
C00431304,2222018.0,50,2018,22,2
C00431304,2092018.0,25,2018,09,2
C00431304,2262018.0,30,2018,26,2
C00431304,2162018.0,100,2018,16,2
C00431304,2272018.0,5,2018,27,2
C00431304,2112018.0,1000,2018,11,2
C00431304,2232018.0,10,2018,23,2
C00431304,2252018.0,35,2018,25,2
C00431304,2202018.0,20,2018,20,2
C00431304,2262018.0,100,2018,26,2
C00431304,2262018.0,50,2018,26,2
C00431304,2202018.0,25,2018,20,2
C00431304,2072018.0,1,2018,07,2
C00431304,2152018.0,25,2018,15,2
C00431304,2272018.0,250,2018,27,2
C00431304,2112018.0,25,2018,11,2
C00431304,2062018.0,12,2018,06,2
C00431304,2082018.0,25,2018,08,2
C00431304,2132018.0,50,2018,13,2
C00431304,2282018.0,25,2018,28,2
C00431304,2262018.0,2000,2018,26,2
C00431304,2222018.0,25,2018,22,2
C00431304,2202018.0,25,2018,20,2
C00431304,2202018.0,5,2018,20,2
C00431304,2282018.0,50,2018,28,2
C00431304,2082018.0,700,2018,08,2
C00431304,2262018.0,500,2018,26,2
C00431304,2232018.0,40,2018,23,2
C00431304,2272018.0,40,2018,27,2
C00431304,2062018.0,250,2018,06,2
C00431304,2232018.0,100,2018,23,2
C00431304,2212018.0,5,2018,21,2
C00431304,2142018.0,25,2018,14,2
C00431304,2212018.0,50,2018,21,2
C00431304,2182018.0,25,2018,18,2
C00431304,2172018.0,25,2018,17,2
C00431304,2072018.0,50,2018,07,2
C00431304,2242018.0,200,2018,24,2
C00431304,2222018.0,30,2018,22,2
C00431304,2202018.0,2700,2018,20,2
C00431304,2262018.0,80,2018,26,2
C00431304,2262018.0,50,2018,26,2
C00431304,2172018.0,100,2018,17,2
C00431304,2022018.0,250,2018,02,2
C00431304,2072018.0,25,2018,07,2
C00431304,2112018.0,25,2018,11,2
C00431304,2272018.0,25,2018,27,2
C00431304,2272018.0,100,2018,27,2
C00431304,2082018.0,100,2018,08,2
C00431304,2212018.0,25,2018,21,2
C00431304,2272018.0,100,2018,27,2
C00431304,2132018.0,70,2018,13,2
C00431304,2172018.0,20,2018,17,2
C00431304,2022018.0,25,2018,02,2
C00431304,2192018.0,1000,2018,19,2
C00431304,2162018.0,25,2018,16,2
C00431304,2062018.0,25,2018,06,2
C00431304,2022018.0,250,2018,02,2
C00431304,2022018.0,15,2018,02,2
C00431304,2282018.0,50,2018,28,2
C00431304,2082018.0,25,2018,08,2
C00431304,2122018.0,50,2018,12,2
C00431304,2242018.0,25,2018,24,2
C00431304,2262018.0,100,2018,26,2
C00431304,2142018.0,1000,2018,14,2
C00431304,2212018.0,100,2018,21,2
C00431304,2212018.0,25,2018,21,2
C00431304,2212018.0,100,2018,21,2
C00431304,2272018.0,50,2018,27,2
C00431304,2052018.0,30,2018,05,2
C00431304,2242018.0,25,2018,24,2
C00431304,2262018.0,1000,2018,26,2
C00431304,2282018.0,25,2018,28,2
C00431304,2052018.0,200,2018,05,2
C00431304,2232018.0,500,2018,23,2
C00431304,2272018.0,200,2018,27,2
C00431304,2262018.0,200,2018,26,2
C00431304,2272018.0,50,2018,27,2
C00431304,2282018.0,25,2018,28,2
C00431304,2282018.0,25,2018,28,2
C00431304,2282018.0,50,2018,28,2
C00431304,2052018.0,50,2018,05,2
C00431304,2022018.0,25,2018,02,2
C00431304,2262018.0,25,2018,26,2
C00431304,2282018.0,20,2018,28,2
C00431304,2062018.0,7,2018,06,2
C00431304,2282018.0,50,2018,28,2
C00431304,2222018.0,25,2018,22,2
C00431304,2172018.0,400,2018,17,2
C00431304,2172018.0,50,2018,17,2
C00431304,2022018.0,10,2018,02,2
C00431304,2282018.0,1000,2018,28,2
C00431304,2202018.0,25,2018,20,2
C00431304,2102018.0,25,2018,10,2
C00431304,2012018.0,50,2018,01,2
C00431304,2212018.0,50,2018,21,2
C00431304,2082018.0,25,2018,08,2
C00431304,2232018.0,25,2018,23,2
C00431304,2232018.0,25,2018,23,2
C00431304,2232018.0,25,2018,23,2
C00431304,2262018.0,100,2018,26,2
C00431304,2262018.0,200,2018,26,2
C00431304,2202018.0,500,2018,20,2
C00431304,2272018.0,250,2018,27,2
C00431304,2272018.0,50,2018,27,2
C00431304,2182018.0,25,2018,18,2
C00431304,2102018.0,25,2018,10,2
C00431304,2172018.0,250,2018,17,2
C00431304,2042018.0,80,2018,04,2
C00431304,2022018.0,500,2018,02,2
C00431304,2192018.0,25,2018,19,2
C00431304,2252018.0,50,2018,25,2
C00431304,2092018.0,250,2018,09,2
C00431304,2042018.0,40,2018,04,2
C00431304,2022018.0,1000,2018,02,2
C00431304,2262018.0,100,2018,26,2
C00431304,2272018.0,35,2018,27,2
C00431304,2262018.0,100,2018,26,2
C00431304,2262018.0,25,2018,26,2
C00431304,2262018.0,50,2018,26,2
C00431304,2262018.0,100,2018,26,2
C00431304,2272018.0,100,2018,27,2
C00431304,2022018.0,10,2018,02,2
C00431304,2112018.0,25,2018,11,2
C00431304,2042018.0,10,2018,04,2
C00431304,2282018.0,4,2018,28,2
C00431304,2182018.0,20,2018,18,2
C00431304,2192018.0,25,2018,19,2
C00431304,2202018.0,25,2018,20,2
C00431304,2112018.0,35,2018,11,2
C00431304,2182018.0,25,2018,18,2
C00431304,2102018.0,25,2018,10,2
C00431304,2052018.0,50,2018,05,2
C00431304,2032018.0,10,2018,03,2
C00431304,2272018.0,100,2018,27,2
C00431304,2272018.0,100,2018,27,2
C00431304,2272018.0,35,2018,27,2
C00431304,2042018.0,50,2018,04,2
C00431304,2022018.0,15,2018,02,2
C00431304,2282018.0,10,2018,28,2
C00431304,2282018.0,20,2018,28,2
C00431304,2252018.0,12,2018,25,2
C00431304,2012018.0,25,2018,01,2
C00431304,2012018.0,50,2018,01,2
C00431304,2262018.0,2700,2018,26,2
C00431304,2282018.0,26,2018,28,2
C00431304,2272018.0,20,2018,27,2
C00431304,2202018.0,25,2018,20,2
C00431304,2162018.0,1500,2018,16,2
C00431304,2232018.0,25,2018,23,2
C00431304,2042018.0,5,2018,04,2
C00431304,2132018.0,1000,2018,13,2
C00431304,2022018.0,35,2018,02,2
C00431304,2072018.0,25,2018,07,2
C00431304,2022018.0,100,2018,02,2
C00431304,2062018.0,5,2018,06,2
C00431304,2092018.0,25,2018,09,2
C00431304,2062018.0,5,2018,06,2
C00431304,2012018.0,100,2018,01,2
C00431304,2102018.0,500,2018,10,2
C00431304,2172018.0,30,2018,17,2
C00431304,2282018.0,10,2018,28,2
C00431304,2242018.0,25,2018,24,2
C00431304,2232018.0,6,2018,23,2
C00431304,2122018.0,15,2018,12,2
C00431304,2072018.0,1,2018,07,2
C00431304,2092018.0,100,2018,09,2
C00431304,2272018.0,100,2018,27,2
C00431304,2252018.0,250,2018,25,2
C00431304,2032018.0,50,2018,03,2
C00431304,2202018.0,50,2018,20,2
C00431304,2272018.0,50,2018,27,2
C00431304,2042018.0,25,2018,04,2
C00431304,2262018.0,50,2018,26,2
C00431304,2072018.0,175,2018,07,2
C00431304,2072018.0,500,2018,07,2
C00431304,2212018.0,25,2018,21,2
C00431304,2272018.0,35,2018,27,2
C00431304,2272018.0,100,2018,27,2
C00431304,2272018.0,50,2018,27,2
C00431304,2282018.0,20,2018,28,2
C00431304,2082018.0,1000,2018,08,2
C00431304,2152018.0,100,2018,15,2
C00431304,2182018.0,100,2018,18,2
C00431304,2182018.0,20,2018,18,2
C00431304,2112018.0,25,2018,11,2
C00431304,2202018.0,12,2018,20,2
C00431304,2272018.0,35,2018,27,2
C00431304,2172018.0,1000,2018,17,2
C00431304,2062018.0,50,2018,06,2
C00431304,2022018.0,250,2018,02,2
C00431304,2272018.0,25,2018,27,2
C00431304,2232018.0,25,2018,23,2
C00431304,2262018.0,25,2018,26,2
C00431304,2272018.0,50,2018,27,2
C00431304,2242018.0,25,2018,24,2
C00431304,2172018.0,30,2018,17,2
C00431304,2072018.0,12,2018,07,2
C00431304,2082018.0,75,2018,08,2
C00431304,2092018.0,1200,2018,09,2
C00431304,2072018.0,600,2018,07,2
C00431304,2132018.0,50,2018,13,2
C00431304,2032018.0,40,2018,03,2
C00431304,2262018.0,15,2018,26,2
C00431304,2282018.0,10,2018,28,2
C00431304,2052018.0,40,2018,05,2
C00431304,2062018.0,500,2018,06,2
C00431304,2202018.0,25,2018,20,2
C00431304,2272018.0,100,2018,27,2
C00431304,2052018.0,500,2018,05,2
C00431304,2282018.0,25,2018,28,2
C00431304,2192018.0,250,2018,19,2
C00431304,2192018.0,50,2018,19,2
C00431304,2282018.0,15,2018,28,2
C00431304,2272018.0,5,2018,27,2
C00431304,2212018.0,5000,2018,21,2
C00431304,2192018.0,25,2018,19,2
C00431304,2262018.0,50,2018,26,2
C00431304,2272018.0,100,2018,27,2
C00431304,2122018.0,5,2018,12,2
C00431304,2192018.0,5,2018,19,2
C00431304,2262018.0,100,2018,26,2
C00431304,2122018.0,500,2018,12,2
C00431304,2132018.0,250,2018,13,2
C00431304,2282018.0,10,2018,28,2
C00431304,2162018.0,1000,2018,16,2
C00431304,2212018.0,25,2018,21,2
C00431304,2232018.0,10,2018,23,2
C00431304,2142018.0,5,2018,14,2
C00431304,2142018.0,100,2018,14,2
C00431304,2132018.0,2700,2018,13,2
C00431304,2212018.0,25,2018,21,2
C00431304,2122018.0,2700,2018,12,2
C00431304,2262018.0,1700,2018,26,2
C00431304,2062018.0,100,2018,06,2
C00431304,2132018.0,100,2018,13,2
C00431304,2272018.0,35,2018,27,2
C00431304,2272018.0,100,2018,27,2
C00431304,2022018.0,1000,2018,02,2
C00431304,2122018.0,1,2018,12,2
C00431304,2282018.0,150,2018,28,2
C00431304,2112018.0,5,2018,11,2
C00431304,2192018.0,100,2018,19,2
C00431304,2282018.0,20,2018,28,2
C00431304,2122018.0,250,2018,12,2
C00431304,2272018.0,350,2018,27,2
C00431304,2262018.0,150,2018,26,2
C00431304,2142018.0,25,2018,14,2
C00431304,2182018.0,17,2018,18,2
C00431304,2012018.0,100,2018,01,2
C00431304,2262018.0,35,2018,26,2
C00431304,2262018.0,100,2018,26,2
C00431304,2032018.0,500,2018,03,2
C00431304,2152018.0,25,2018,15,2
C00431304,2132018.0,100,2018,13,2
C00431304,2262018.0,25,2018,26,2
C00431304,2272018.0,1000,2018,27,2
C00431304,2082018.0,5,2018,08,2
C00431304,2012018.0,100,2018,01,2
C00431304,2262018.0,45,2018,26,2
C00431304,2102018.0,1000,2018,10,2
C00431304,2172018.0,50,2018,17,2
C00431304,2172018.0,25,2018,17,2
C00431304,2182018.0,75,2018,18,2
C00431304,2162018.0,5,2018,16,2
C00431304,2042018.0,10,2018,04,2
C00431304,2272018.0,100,2018,27,2
C00431304,2092018.0,200,2018,09,2
C00431304,2092018.0,100,2018,09,2
C00431304,2032018.0,25,2018,03,2
C00431304,2082018.0,5,2018,08,2
C00431304,2172018.0,10,2018,17,2
C00431304,2272018.0,50,2018,27,2
C00431304,2092018.0,100,2018,09,2
C00431304,2102018.0,15,2018,10,2
C00431304,2102018.0,25,2018,10,2
C00431304,2082018.0,812,2018,08,2
C00431304,2122018.0,2700,2018,12,2
C00431304,2082018.0,15,2018,08,2
C00431304,2062018.0,12,2018,06,2
C00431304,2282018.0,20,2018,28,2
C00431304,2252018.0,20,2018,25,2
C00431304,2262018.0,150,2018,26,2
C00431304,2012018.0,250,2018,01,2
C00431304,2212018.0,50,2018,21,2
C00431304,2082018.0,200,2018,08,2
C00431304,2032018.0,1000,2018,03,2
C00431304,2112018.0,25,2018,11,2
C00431304,2152018.0,500,2018,15,2
C00431304,2232018.0,1,2018,23,2
C00431304,2092018.0,10,2018,09,2
C00431304,2102018.0,2700,2018,10,2
C00431304,2082018.0,25,2018,08,2
C00431304,2152018.0,50,2018,15,2
C00431304,2042018.0,100,2018,04,2
C00431304,2272018.0,25,2018,27,2
C00431304,2272018.0,100,2018,27,2
C00431304,2282018.0,100,2018,28,2
C00431304,2282018.0,25,2018,28,2
C00431304,2282018.0,20,2018,28,2
C00431304,2012018.0,35,2018,01,2
C00431304,2212018.0,35,2018,21,2
C00431304,2182018.0,10,2018,18,2
C00431304,2012018.0,100,2018,01,2
C00431304,2132018.0,250,2018,13,2
C00431304,2162018.0,25,2018,16,2
C00431304,2112018.0,50,2018,11,2
C00431304,2112018.0,15,2018,11,2
C00431304,2082018.0,25,2018,08,2
C00431304,2272018.0,35,2018,27,2
C00431304,2222018.0,50,2018,22,2
C00431304,2282018.0,25,2018,28,2
C00431304,2232018.0,12,2018,23,2
C00431304,2012018.0,25,2018,01,2
C00431304,2272018.0,500,2018,27,2
C00431304,2282018.0,150,2018,28,2
C00431304,2182018.0,6,2018,18,2
C00431304,2042018.0,25,2018,04,2
C00431304,2262018.0,500,2018,26,2
C00431304,2182018.0,50,2018,18,2
C00431304,2172018.0,25,2018,17,2
C00431304,2262018.0,1000,2018,26,2
C00431304,2072018.0,250,2018,07,2
C00431304,2092018.0,350,2018,09,2
C00431304,2272018.0,50,2018,27,2
C00431304,2032018.0,25,2018,03,2
C00431304,2022018.0,1400,2018,02,2
C00431304,2282018.0,25,2018,28,2
C00431304,2172018.0,70,2018,17,2
C00431304,2032018.0,25,2018,03,2
C00431304,2142018.0,10,2018,14,2
C00431304,2032018.0,5,2018,03,2
C00431304,2262018.0,2000,2018,26,2
C00431304,2262018.0,100,2018,26,2
C00431304,2262018.0,100,2018,26,2
C00431304,2032018.0,150,2018,03,2
C00431304,2272018.0,100,2018,27,2
C00431304,2032018.0,100,2018,03,2
C00431304,2272018.0,60,2018,27,2
C00431304,2072018.0,25,2018,07,2
C00431304,2092018.0,20,2018,09,2
C00431304,2032018.0,250,2018,03,2
C00431304,2012018.0,25,2018,01,2
C00431304,2272018.0,25,2018,27,2
C00431304,2022018.0,550,2018,02,2
C00431304,2282018.0,5,2018,28,2
C00431304,2262018.0,50,2018,26,2
C00431304,2262018.0,800,2018,26,2
C00431304,2232018.0,50,2018,23,2
C00431304,2282018.0,50,2018,28,2
C00431304,2022018.0,100,2018,02,2
C00431304,2062018.0,75,2018,06,2
C00431304,2282018.0,50,2018,28,2
C00431304,2162018.0,500,2018,16,2
C00431304,2212018.0,20,2018,21,2
C00431304,2182018.0,50,2018,18,2
C00431304,2092018.0,50,2018,09,2
C00431304,2032018.0,40,2018,03,2
C00431304,2272018.0,100,2018,27,2
C00431304,2282018.0,20,2018,28,2
C00431304,2222018.0,25,2018,22,2
C00431304,2262018.0,50,2018,26,2
C00431304,2282018.0,100,2018,28,2
C00431304,2282018.0,25,2018,28,2
C00431304,2272018.0,250,2018,27,2
C00431304,2272018.0,100,2018,27,2
C00431304,2272018.0,250,2018,27,2
C00431304,2282018.0,15,2018,28,2
C00431304,2282018.0,28,2018,28,2
C00431304,2272018.0,10,2018,27,2
C00431304,2182018.0,75,2018,18,2
C00431304,2212018.0,870,2018,21,2
C00431304,2162018.0,15,2018,16,2
C00431304,2122018.0,25,2018,12,2
C00431304,2272018.0,500,2018,27,2
C00431304,2272018.0,250,2018,27,2
C00431304,2182018.0,10,2018,18,2
C00431304,2282018.0,100,2018,28,2
C00431304,2282018.0,100,2018,28,2
C00431304,2282018.0,5,2018,28,2
C00431304,2262018.0,100,2018,26,2
C00431304,2042018.0,25,2018,04,2
C00431304,2162018.0,250,2018,16,2
C00431304,2272018.0,250,2018,27,2
C00431304,2092018.0,35,2018,09,2
C00431304,2222018.0,15,2018,22,2
C00431304,2162018.0,100,2018,16,2
C00431304,2132018.0,500,2018,13,2
C00431304,2132018.0,100,2018,13,2
C00431304,2262018.0,10,2018,26,2
C00431304,2202018.0,40,2018,20,2
C00431304,2032018.0,150,2018,03,2
C00431304,2022018.0,500,2018,02,2
C00431304,2062018.0,12,2018,06,2
C00431304,2072018.0,25,2018,07,2
C00431304,2012018.0,200,2018,01,2
C00431304,2202018.0,25,2018,20,2
C00431304,2112018.0,1000,2018,11,2
C00431304,2222018.0,500,2018,22,2
C00431304,2022018.0,250,2018,02,2
C00431304,2072018.0,100,2018,07,2
C00431304,2062018.0,25,2018,06,2
C00431304,2132018.0,300,2018,13,2
C00431304,2282018.0,20,2018,28,2
C00431304,2262018.0,20,2018,26,2
C00431304,2232018.0,5,2018,23,2
C00431304,2262018.0,35,2018,26,2
C00431304,2262018.0,35,2018,26,2
C00431304,2222018.0,100,2018,22,2
C00431304,2262018.0,35,2018,26,2
C00431304,2062018.0,12,2018,06,2
C00431304,2062018.0,35,2018,06,2
C00431304,2272018.0,50,2018,27,2
C00431304,2012018.0,10,2018,01,2
C00431304,2022018.0,20,2018,02,2
C00431304,2232018.0,25,2018,23,2
C00431304,2262018.0,200,2018,26,2
C00431304,2192018.0,25,2018,19,2
C00431304,2272018.0,50,2018,27,2
C00431304,2012018.0,15,2018,01,2
C00431304,2102018.0,500,2018,10,2
C00431304,2232018.0,300,2018,23,2
C00431304,2222018.0,50,2018,22,2
C00431304,2062018.0,25,2018,06,2
C00431304,2082018.0,100,2018,08,2
C00431304,2272018.0,50,2018,27,2
C00431304,2022018.0,25,2018,02,2
C00431304,2202018.0,50,2018,20,2
C00431304,2132018.0,50,2018,13,2
C00431304,2102018.0,20,2018,10,2
C00431304,2092018.0,25,2018,09,2
C00431304,2142018.0,25,2018,14,2
C00431304,2282018.0,700,2018,28,2
C00431304,2272018.0,250,2018,27,2
C00431304,2272018.0,100,2018,27,2
C00431304,2182018.0,5,2018,18,2
C00431304,2222018.0,70,2018,22,2
C00431304,2192018.0,250,2018,19,2
C00431304,2262018.0,500,2018,26,2
C00431304,2232018.0,15,2018,23,2
C00431304,2282018.0,25,2018,28,2
C00431304,2232018.0,50,2018,23,2
C00431304,2242018.0,35,2018,24,2
C00431304,2242018.0,50,2018,24,2
C00431304,2212018.0,125,2018,21,2
C00431304,2272018.0,2700,2018,27,2
C00431304,2262018.0,25,2018,26,2
C00431304,2262018.0,100,2018,26,2
C00431304,2262018.0,100,2018,26,2
C00431304,2272018.0,100,2018,27,2
C00431304,2022018.0,50,2018,02,2
C00431304,2072018.0,25,2018,07,2
C00431304,2112018.0,25,2018,11,2
C00431304,2282018.0,15,2018,28,2
C00431304,2272018.0,50,2018,27,2
C00431304,2262018.0,200,2018,26,2
C00431304,2122018.0,900,2018,12,2
C00431304,2022018.0,20,2018,02,2
C00431304,2272018.0,50,2018,27,2
C00431304,2262018.0,10,2018,26,2
C00431304,2272018.0,25,2018,27,2
C00431304,2262018.0,50,2018,26,2
C00431304,2272018.0,250,2018,27,2
C00431304,2172018.0,4,2018,17,2
C00431304,2262018.0,150,2018,26,2
C00431304,2272018.0,20,2018,27,2
C00431304,2012018.0,1000,2018,01,2
C00431304,2022018.0,10,2018,02,2
C00431304,2012018.0,5,2018,01,2
C00431304,2192018.0,75,2018,19,2
C00431304,2232018.0,25,2018,23,2
C00431304,2262018.0,1000,2018,26,2
C00431304,2062018.0,100,2018,06,2
C00431304,2232018.0,50,2018,23,2
C00431304,2262018.0,120,2018,26,2
C00431304,2142018.0,1675,2018,14,2
C00431304,2182018.0,100,2018,18,2
C00431304,2242018.0,50,2018,24,2
C00431304,2222018.0,6,2018,22,2
C00431304,2022018.0,500,2018,02,2
C00431304,2072018.0,6,2018,07,2
C00431304,2062018.0,100,2018,06,2
C00431304,2282018.0,25,2018,28,2
C00431304,2282018.0,25,2018,28,2
C00431304,2282018.0,20,2018,28,2
C00431304,2262018.0,6,2018,26,2
C00431304,2282018.0,20,2018,28,2
C00431304,2232018.0,50,2018,23,2
C00431304,2272018.0,5,2018,27,2
C00431304,2152018.0,40,2018,15,2
C00431304,2152018.0,500,2018,15,2
C00431304,2132018.0,25,2018,13,2
C00431304,2282018.0,25,2018,28,2
C00431304,2122018.0,50,2018,12,2
C00431304,2272018.0,35,2018,27,2
C00431304,2092018.0,5,2018,09,2
C00431304,2222018.0,25,2018,22,2
C00431304,2282018.0,20,2018,28,2
C00431304,2282018.0,6,2018,28,2
C00431304,2042018.0,25,2018,04,2
C00431304,2262018.0,350,2018,26,2
C00431304,2262018.0,15,2018,26,2
C00431304,2252018.0,5,2018,25,2
C00431304,2282018.0,25,2018,28,2
C00431304,2172018.0,50,2018,17,2
C00431304,2162018.0,25,2018,16,2
C00431304,2042018.0,1000,2018,04,2
C00431304,2012018.0,25,2018,01,2
C00431304,2012018.0,100,2018,01,2
C00431304,2052018.0,100,2018,05,2
C00431304,2072018.0,400,2018,07,2
C00431304,2092018.0,250,2018,09,2
C00431304,2212018.0,100,2018,21,2
C00431304,2282018.0,25,2018,28,2
C00431304,2262018.0,50,2018,26,2
C00431304,2132018.0,333,2018,13,2
C00431304,2122018.0,50,2018,12,2
C00431304,2042018.0,25,2018,04,2
C00431304,2152018.0,50,2018,15,2
C00431304,2272018.0,50,2018,27,2
C00431304,2262018.0,15,2018,26,2
C00431304,2282018.0,5,2018,28,2
C00431304,2272018.0,5,2018,27,2
C00431304,2072018.0,7,2018,07,2
C00431304,2102018.0,10,2018,10,2
C00431304,2272018.0,25,2018,27,2
C00431304,2022018.0,250,2018,02,2
C00431304,2072018.0,5,2018,07,2
C00431304,2122018.0,500,2018,12,2
C00431304,2262018.0,25,2018,26,2
C00431304,2282018.0,20,2018,28,2
C00431304,2162018.0,2500,2018,16,2
C00431304,2012018.0,250,2018,01,2
C00431304,2152018.0,25,2018,15,2
C00431304,2172018.0,250,2018,17,2
C00431304,2152018.0,25,2018,15,2
C00431304,2142018.0,25,2018,14,2
C00431304,2212018.0,100,2018,21,2
C00431304,2112018.0,25,2018,11,2
C00431304,2012018.0,25,2018,01,2
C00431304,2242018.0,25,2018,24,2
C00431304,2212018.0,150,2018,21,2
C00431304,2262018.0,100,2018,26,2
C00431304,2272018.0,250,2018,27,2
C00431304,2212018.0,5,2018,21,2
C00431304,2052018.0,500,2018,05,2
C00431304,2042018.0,25,2018,04,2
C00431304,2202018.0,20,2018,20,2
C00431304,2122018.0,200,2018,12,2
C00431304,2252018.0,25,2018,25,2
C00431304,2252018.0,7,2018,25,2
C00431304,2112018.0,250,2018,11,2
C00431304,2272018.0,100,2018,27,2
C00431304,2132018.0,50,2018,13,2
C00431304,2182018.0,500,2018,18,2
C00431304,2172018.0,25,2018,17,2
C00431304,2022018.0,5,2018,02,2
C00431304,2282018.0,80,2018,28,2
C00431304,2282018.0,25,2018,28,2
C00431304,2092018.0,105,2018,09,2
C00431304,2052018.0,25,2018,05,2
C00431304,2262018.0,25,2018,26,2
C00431304,2252018.0,75,2018,25,2
C00431304,2252018.0,25,2018,25,2
C00431304,2192018.0,6,2018,19,2
C00431304,2232018.0,100,2018,23,2
C00431304,2212018.0,75,2018,21,2
C00431304,2262018.0,35,2018,26,2
C00431304,2082018.0,40,2018,08,2
C00431304,2272018.0,200,2018,27,2
C00431304,2222018.0,70,2018,22,2
C00431304,2262018.0,150,2018,26,2
C00431304,2102018.0,5,2018,10,2
C00431304,2272018.0,200,2018,27,2
C00431304,2272018.0,75,2018,27,2
C00431304,2062018.0,50,2018,06,2
C00431304,2262018.0,50,2018,26,2
C00431304,2262018.0,25,2018,26,2
C00431304,2062018.0,20,2018,06,2
C00431304,2112018.0,200,2018,11,2
C00431304,2262018.0,25,2018,26,2
C00431304,2202018.0,100,2018,20,2
C00431304,2252018.0,25,2018,25,2
C00431304,2212018.0,10,2018,21,2
C00431304,2262018.0,100,2018,26,2
C00431304,2262018.0,100,2018,26,2
C00431304,2142018.0,25,2018,14,2
C00431304,2082018.0,250,2018,08,2
C00431304,2092018.0,200,2018,09,2
C00431304,2122018.0,300,2018,12,2
C00431304,2142018.0,50,2018,14,2
C00431304,2022018.0,100,2018,02,2
C00431304,2272018.0,250,2018,27,2
C00431304,2282018.0,25,2018,28,2
C00431304,2232018.0,35,2018,23,2
C00431304,2122018.0,100,2018,12,2
C00431304,2172018.0,25,2018,17,2
C00431304,2022018.0,50,2018,02,2
C00431304,2102018.0,1600,2018,10,2
C00431304,2082018.0,200,2018,08,2
C00431304,2132018.0,1000,2018,13,2
C00431304,2282018.0,100,2018,28,2
C00431304,2282018.0,25,2018,28,2
C00431304,2282018.0,25,2018,28,2
C00431304,2262018.0,6,2018,26,2
C00431304,2052018.0,10,2018,05,2
C00431304,2092018.0,100,2018,09,2
C00431304,2152018.0,50,2018,15,2
C00431304,2272018.0,500,2018,27,2
C00431304,2062018.0,30,2018,06,2
C00431304,2272018.0,1,2018,27,2
C00431304,2222018.0,25,2018,22,2
C00431304,2262018.0,100,2018,26,2
C00431304,2252018.0,25,2018,25,2
C00431304,2282018.0,25,2018,28,2
C00431304,2062018.0,35,2018,06,2
C00431304,2212018.0,20,2018,21,2
C00431304,2062018.0,25,2018,06,2
C00431304,2072018.0,7,2018,07,2
C00431304,2072018.0,15,2018,07,2
C00431304,2072018.0,20,2018,07,2
C00431304,2042018.0,25,2018,04,2
C00431304,2272018.0,250,2018,27,2
C00431304,2262018.0,20,2018,26,2
C00431304,2272018.0,25,2018,27,2
C00431304,2272018.0,100,2018,27,2
C00431304,2082018.0,100,2018,08,2
C00431304,2062018.0,40,2018,06,2
C00431304,2242018.0,25,2018,24,2
C00431304,2232018.0,1,2018,23,2
C00431304,2262018.0,100,2018,26,2
C00431304,2262018.0,100,2018,26,2
C00431304,2042018.0,500,2018,04,2
C00431304,2272018.0,500,2018,27,2
C00431304,2272018.0,50,2018,27,2
C00431304,2212018.0,20,2018,21,2
C00431304,2202018.0,250,2018,20,2
C00431304,2272018.0,500,2018,27,2
C00431304,2062018.0,250,2018,06,2
C00431304,2272018.0,50,2018,27,2
C00431304,2252018.0,20,2018,25,2
C00431304,2262018.0,100,2018,26,2
C00431304,2272018.0,250,2018,27,2
C00431304,2232018.0,40,2018,23,2
C00431304,2232018.0,100,2018,23,2
C00431304,2022018.0,250,2018,02,2
C00431304,2132018.0,25,2018,13,2
C00431304,2222018.0,70,2018,22,2
C00431304,2262018.0,100,2018,26,2
C00431304,2102018.0,200,2018,10,2
C00431304,2172018.0,10,2018,17,2
C00431304,2282018.0,25,2018,28,2
C00431304,2272018.0,1000,2018,27,2
C00431304,2052018.0,1000,2018,05,2
C00431304,2072018.0,25,2018,07,2
C00431304,2112018.0,25,2018,11,2
C00431304,2062018.0,1000,2018,06,2
C00431304,2132018.0,250,2018,13,2
C00431304,2282018.0,25,2018,28,2
C00431304,2262018.0,100,2018,26,2
C00431304,2282018.0,25,2018,28,2
C00431304,2282018.0,13,2018,28,2
C00431304,2062018.0,1000,2018,06,2
C00431304,2062018.0,100,2018,06,2
C00431304,2062018.0,50,2018,06,2
C00431304,2192018.0,40,2018,19,2
C00431304,2102018.0,1000,2018,10,2
C00431304,2272018.0,500,2018,27,2
C00431304,2012018.0,250,2018,01,2
C00431304,2012018.0,10,2018,01,2
C00431304,2092018.0,250,2018,09,2
C00431304,2072018.0,100,2018,07,2
C00431304,2282018.0,100,2018,28,2
C00431304,2282018.0,15,2018,28,2
C00431304,2282018.0,5,2018,28,2
C00431304,2212018.0,125,2018,21,2
C00431304,2262018.0,100,2018,26,2
C00431304,2282018.0,50,2018,28,2
C00431304,2262018.0,50,2018,26,2
C00431304,2092018.0,1000,2018,09,2
C00431304,2132018.0,300,2018,13,2
C00431304,2052018.0,2700,2018,05,2
C00431304,2122018.0,50,2018,12,2
C00431304,2272018.0,25,2018,27,2
C00431304,2272018.0,15,2018,27,2
C00431304,2102018.0,25,2018,10,2
C00431304,2222018.0,100,2018,22,2
C00431304,2132018.0,100,2018,13,2
C00431304,2262018.0,1,2018,26,2
C00431304,2162018.0,500,2018,16,2
C00431304,2262018.0,250,2018,26,2
C00431304,2082018.0,1000,2018,08,2
C00431304,2072018.0,250,2018,07,2
C00431304,2262018.0,50,2018,26,2
C00431304,2272018.0,500,2018,27,2
C00431304,2262018.0,100,2018,26,2
C00431304,2162018.0,100,2018,16,2
C00431304,2252018.0,2700,2018,25,2
C00431304,2122018.0,500,2018,12,2
C00431304,2042018.0,100,2018,04,2
C00431304,2022018.0,20,2018,02,2
C00431304,2282018.0,500,2018,28,2
C00431304,2052018.0,50,2018,05,2
C00431304,2042018.0,40,2018,04,2
C00431304,2082018.0,10,2018,08,2
C00431304,2132018.0,50,2018,13,2
C00431304,2272018.0,10,2018,27,2
C00431304,2182018.0,8,2018,18,2
C00431304,2222018.0,50,2018,22,2
C00431304,2272018.0,35,2018,27,2
C00431304,2162018.0,25,2018,16,2
C00431304,2262018.0,20,2018,26,2
C00431304,2082018.0,100,2018,08,2
C00431304,2092018.0,35,2018,09,2
C00431304,2272018.0,200,2018,27,2
C00431304,2112018.0,35,2018,11,2
C00431304,2092018.0,25,2018,09,2
C00431304,2122018.0,250,2018,12,2
C00431304,2112018.0,6,2018,11,2
C00431304,2262018.0,70,2018,26,2
C00431304,2072018.0,200,2018,07,2
C00431304,2172018.0,50,2018,17,2
C00431304,2262018.0,100,2018,26,2
C00431304,2222018.0,50,2018,22,2
C00431304,2132018.0,5,2018,13,2
C00431304,2232018.0,20,2018,23,2
C00431304,2092018.0,100,2018,09,2
C00431304,2092018.0,300,2018,09,2
C00431304,2132018.0,100,2018,13,2
C00431304,2092018.0,250,2018,09,2
C00431304,2122018.0,25,2018,12,2
C00431304,2042018.0,30,2018,04,2
C00431304,2272018.0,250,2018,27,2
C00431304,2282018.0,10,2018,28,2
C00431304,2032018.0,200,2018,03,2
C00431304,2212018.0,500,2018,21,2
C00431304,2192018.0,50,2018,19,2
C00431304,2262018.0,500,2018,26,2
C00431304,2272018.0,200,2018,27,2
C00431304,2262018.0,250,2018,26,2
C00431304,2242018.0,120,2018,24,2
C00431304,2232018.0,20,2018,23,2
C00431304,2202018.0,1,2018,20,2
C00431304,2262018.0,110,2018,26,2
C00431304,2262018.0,100,2018,26,2
C00431304,2122018.0,35,2018,12,2
C00431304,2102018.0,1000,2018,10,2
C00431304,2262018.0,35,2018,26,2
C00431304,2272018.0,15,2018,27,2
C00431304,2162018.0,1000,2018,16,2
C00431304,2242018.0,40,2018,24,2
C00431304,2102018.0,25,2018,10,2
C00431304,2022018.0,25,2018,02,2
C00431304,2032018.0,10,2018,03,2
C00431304,2272018.0,60,2018,27,2
C00431304,2282018.0,25,2018,28,2
C00431304,2282018.0,20,2018,28,2
C00431304,2062018.0,100,2018,06,2
C00431304,2232018.0,25,2018,23,2
C00431304,2162018.0,250,2018,16,2
C00431304,2212018.0,20,2018,21,2
C00431304,2212018.0,250,2018,21,2
C00431304,2172018.0,100,2018,17,2
C00431304,2132018.0,1000,2018,13,2
C00431304,2012018.0,50,2018,01,2
C00431304,2172018.0,25,2018,17,2
C00431304,2082018.0,100,2018,08,2
C00431304,2282018.0,100,2018,28,2
C00431304,2162018.0,300,2018,16,2
C00431304,2272018.0,500,2018,27,2
C00431304,2132018.0,100,2018,13,2
C00431304,2162018.0,250,2018,16,2
C00431304,2072018.0,5,2018,07,2
C00431304,2192018.0,25,2018,19,2
C00431304,2242018.0,25,2018,24,2
C00431304,2272018.0,35,2018,27,2
C00431304,2282018.0,50,2018,28,2
C00431304,2282018.0,10,2018,28,2
C00431304,2282018.0,25,2018,28,2
C00431304,2202018.0,25,2018,20,2
C00431304,2202018.0,10,2018,20,2
C00431304,2082018.0,5,2018,08,2
C00431304,2022018.0,6,2018,02,2
C00431304,2022018.0,250,2018,02,2
C00431304,2282018.0,20,2018,28,2
C00431304,2212018.0,10,2018,21,2
C00431304,2012018.0,25,2018,01,2
C00431304,2012018.0,500,2018,01,2
C00431304,2252018.0,25,2018,25,2
C00431304,2132018.0,15,2018,13,2
C00431304,2232018.0,12,2018,23,2
C00431304,2182018.0,25,2018,18,2
C00431304,2122018.0,500,2018,12,2
C00431304,2272018.0,1000,2018,27,2
C00431304,2192018.0,250,2018,19,2
C00431304,2192018.0,100,2018,19,2
C00431304,2262018.0,500,2018,26,2
C00431304,2052018.0,75,2018,05,2
C00431304,2062018.0,200,2018,06,2
C00431304,2192018.0,200,2018,19,2
C00431304,2282018.0,100,2018,28,2
C00431304,2162018.0,320,2018,16,2
C00431304,2232018.0,10,2018,23,2
C00431304,2262018.0,100,2018,26,2
C00431304,2092018.0,250,2018,09,2
C00431304,2232018.0,10,2018,23,2
C00431304,2262018.0,1000,2018,26,2
C00431304,2272018.0,2700,2018,27,2
C00431304,2172018.0,1,2018,17,2
C00431304,2012018.0,25,2018,01,2
C00431304,2272018.0,250,2018,27,2
C00431304,2232018.0,1500,2018,23,2
C00431304,2032018.0,25,2018,03,2
C00431304,2282018.0,3,2018,28,2
C00431304,2062018.0,20,2018,06,2
C00431304,2062018.0,50,2018,06,2
C00431304,2172018.0,40,2018,17,2
C00431304,2122018.0,10,2018,12,2
C00431304,2102018.0,250,2018,10,2
C00431304,2132018.0,30,2018,13,2
C00431304,2272018.0,80,2018,27,2
C00431304,2142018.0,10,2018,14,2
C00431304,2032018.0,100,2018,03,2
C00431304,2232018.0,50,2018,23,2
C00431304,2232018.0,5,2018,23,2
C00431304,2092018.0,100,2018,09,2
C00431304,2122018.0,30,2018,12,2
C00431304,2272018.0,10,2018,27,2
C00431304,2232018.0,100,2018,23,2
C00431304,2232018.0,35,2018,23,2
C00431304,2212018.0,15,2018,21,2
C00431304,2242018.0,25,2018,24,2
C00431304,2262018.0,500,2018,26,2
C00431304,2052018.0,10,2018,05,2
C00431304,2062018.0,10,2018,06,2
C00431304,2102018.0,25,2018,10,2
C00431304,2272018.0,250,2018,27,2
C00431304,2022018.0,25,2018,02,2
C00431304,2112018.0,100,2018,11,2
C00431304,2072018.0,250,2018,07,2
C00431304,2042018.0,5,2018,04,2
C00431304,2012018.0,5,2018,01,2
C00431304,2212018.0,20,2018,21,2
C00431304,2192018.0,500,2018,19,2
C00431304,2122018.0,100,2018,12,2
C00431304,2182018.0,500,2018,18,2
C00431304,2232018.0,1200,2018,23,2
C00431304,2082018.0,11,2018,08,2
C00431304,2022018.0,25,2018,02,2
C00431304,2042018.0,12,2018,04,2
C00431304,2052018.0,250,2018,05,2
C00431304,2202018.0,25,2018,20,2
C00431304,2222018.0,25,2018,22,2
C00431304,2022018.0,200,2018,02,2
C00431304,2062018.0,25,2018,06,2
C00431304,2112018.0,25,2018,11,2
C00431304,2222018.0,45,2018,22,2
C00431304,2272018.0,100,2018,27,2
C00431304,2182018.0,50,2018,18,2
C00431304,2022018.0,10,2018,02,2
C00431304,2152018.0,100,2018,15,2
C00431304,2222018.0,5,2018,22,2
C00431304,2202018.0,25,2018,20,2
C00431304,2262018.0,25,2018,26,2
C00431304,2262018.0,500,2018,26,2
C00431304,2112018.0,50,2018,11,2
C00431304,2152018.0,250,2018,15,2
C00431304,2062018.0,25,2018,06,2
C00431304,2132018.0,100,2018,13,2
C00431304,2092018.0,100,2018,09,2
C00431304,2212018.0,25,2018,21,2
C00431304,2072018.0,200,2018,07,2
C00431304,2042018.0,250,2018,04,2
C00431304,2272018.0,100,2018,27,2
C00431304,2272018.0,50,2018,27,2
C00431304,2282018.0,40,2018,28,2
C00431304,2262018.0,100,2018,26,2
C00431304,2052018.0,5,2018,05,2
C00431304,2282018.0,50,2018,28,2
C00431304,2162018.0,1000,2018,16,2
C00431304,2252018.0,60,2018,25,2
C00431304,2252018.0,25,2018,25,2
C00431304,2072018.0,25,2018,07,2
C00431304,2112018.0,50,2018,11,2
C00431304,2052018.0,500,2018,05,2
C00431304,2272018.0,250,2018,27,2
C00431304,2162018.0,1000,2018,16,2
C00431304,2212018.0,25,2018,21,2
C00431304,2282018.0,50,2018,28,2
C00431304,2272018.0,250,2018,27,2
C00431304,2272018.0,50,2018,27,2
C00431304,2262018.0,200,2018,26,2
C00431304,2272018.0,25,2018,27,2
C00431304,2272018.0,200,2018,27,2
C00431304,2082018.0,1,2018,08,2
C00431304,2082018.0,250,2018,08,2
C00431304,2282018.0,20,2018,28,2
C00431304,2232018.0,80,2018,23,2
C00431304,2262018.0,200,2018,26,2
C00431304,2272018.0,100,2018,27,2
C00431304,2222018.0,25,2018,22,2
C00431304,2282018.0,20,2018,28,2
C00431304,2232018.0,10,2018,23,2
C00431304,2262018.0,100,2018,26,2
C00431304,2262018.0,100,2018,26,2
C00431304,2212018.0,50,2018,21,2
C00431304,2092018.0,350,2018,09,2
C00431304,2222018.0,25,2018,22,2
C00431304,2262018.0,100,2018,26,2
C00431304,2022018.0,500,2018,02,2
C00431304,2092018.0,40,2018,09,2
C00431304,2162018.0,50,2018,16,2
C00431304,2102018.0,100,2018,10,2
C00431304,2012018.0,10,2018,01,2
C00431304,2272018.0,15,2018,27,2
C00431304,2282018.0,25,2018,28,2
C00431304,2282018.0,25,2018,28,2
C00431304,2262018.0,26,2018,26,2
C00431304,2262018.0,500,2018,26,2
C00431304,2272018.0,300,2018,27,2
C00431304,2272018.0,50,2018,27,2
C00431304,2182018.0,250,2018,18,2
C00431304,2202018.0,5,2018,20,2
C00431304,2272018.0,100,2018,27,2
C00431304,2062018.0,500,2018,06,2
C00431304,2072018.0,40,2018,07,2
C00431304,2212018.0,100,2018,21,2
C00431304,2122018.0,372,2018,12,2
C00431304,2232018.0,5,2018,23,2
C00431304,2182018.0,100,2018,18,2
C00431304,2072018.0,50,2018,07,2
C00431304,2082018.0,250,2018,08,2
C00431304,2132018.0,40,2018,13,2
C00431304,2012018.0,100,2018,01,2
C00431304,2022018.0,25,2018,02,2
C00431304,2122018.0,100,2018,12,2
C00431304,2122018.0,10,2018,12,2
C00431304,2062018.0,700,2018,06,2
C00431304,2012018.0,25,2018,01,2
C00431304,2262018.0,25,2018,26,2
C00431304,2232018.0,25,2018,23,2
C00431304,2212018.0,250,2018,21,2
C00431304,2272018.0,100,2018,27,2
C00431304,2172018.0,40,2018,17,2
C00431304,2092018.0,35,2018,09,2
C00431304,2012018.0,300,2018,01,2
C00431304,2282018.0,40,2018,28,2
C00431304,2162018.0,1000,2018,16,2
C00431304,2242018.0,5,2018,24,2
C00431304,2272018.0,50,2018,27,2
C00431304,2182018.0,150,2018,18,2
C00431304,2102018.0,20,2018,10,2
C00431304,2092018.0,25,2018,09,2
C00431304,2282018.0,7,2018,28,2
C00431304,2262018.0,100,2018,26,2
C00431304,2272018.0,50,2018,27,2
C00431304,2252018.0,20,2018,25,2
C00431304,2272018.0,50,2018,27,2
C00431304,2172018.0,80,2018,17,2
C00431304,2162018.0,6,2018,16,2
C00431304,2012018.0,150,2018,01,2
C00431304,2282018.0,25,2018,28,2
C00431304,2282018.0,15,2018,28,2
C00431304,2262018.0,20,2018,26,2
C00431304,2082018.0,25,2018,08,2
C00431304,2122018.0,100,2018,12,2
C00431304,2152018.0,2000,2018,15,2
C00431304,2022018.0,1,2018,02,2
C00431304,2262018.0,100,2018,26,2
C00431304,2272018.0,100,2018,27,2
C00431304,2102018.0,500,2018,10,2
C00431304,2182018.0,100,2018,18,2
C00431304,2182018.0,25,2018,18,2
C00431304,2102018.0,500,2018,10,2
C00431304,2142018.0,50,2018,14,2
C00431304,2072018.0,10,2018,07,2
C00431304,2082018.0,1000,2018,08,2
C00431304,2282018.0,100,2018,28,2
C00431304,2282018.0,75,2018,28,2
C00431304,2252018.0,18,2018,25,2
C00431304,2272018.0,2700,2018,27,2
C00431304,2272018.0,100,2018,27,2
C00431304,2122018.0,250,2018,12,2
C00431304,2012018.0,25,2018,01,2
C00431304,2122018.0,100,2018,12,2
C00431304,2052018.0,4,2018,05,2
C00431304,2212018.0,5,2018,21,2
C00431304,2272018.0,50,2018,27,2
C00431304,2242018.0,250,2018,24,2
C00431304,2252018.0,5,2018,25,2
C00431304,2262018.0,100,2018,26,2
C00431304,2102018.0,400,2018,10,2
C00431304,2232018.0,20,2018,23,2
C00431304,2232018.0,50,2018,23,2
C00431304,2222018.0,25,2018,22,2
C00431304,2262018.0,1000,2018,26,2
C00431304,2272018.0,200,2018,27,2
C00431304,2122018.0,2700,2018,12,2
C00431304,2202018.0,75,2018,20,2
C00431304,2222018.0,28,2018,22,2
C00431304,2262018.0,100,2018,26,2
C00431304,2262018.0,100,2018,26,2
C00431304,2262018.0,5,2018,26,2
C00431304,2282018.0,5,2018,28,2
C00431304,2072018.0,7,2018,07,2
C00431304,2082018.0,5,2018,08,2
C00431304,2012018.0,50,2018,01,2
C00431304,2122018.0,2700,2018,12,2
C00431304,2192018.0,100,2018,19,2
C00431304,2272018.0,100,2018,27,2
C00431304,2052018.0,10,2018,05,2
C00431304,2072018.0,50,2018,07,2
C00431304,2122018.0,80,2018,12,2
C00431304,2072018.0,35,2018,07,2
C00431304,2012018.0,250,2018,01,2
C00431304,2022018.0,28,2018,02,2
C00431304,2152018.0,25,2018,15,2
C00431304,2262018.0,25,2018,26,2
C00431304,2232018.0,25,2018,23,2
C00431304,2022018.0,1550,2018,02,2
C00431304,2042018.0,100,2018,04,2
C00431304,2152018.0,2700,2018,15,2
C00431304,2102018.0,35,2018,10,2
C00431304,2262018.0,75,2018,26,2
C00431304,2202018.0,75,2018,20,2
C00431304,2242018.0,25,2018,24,2
C00431304,2262018.0,50,2018,26,2
C00431304,2122018.0,25,2018,12,2
C00431304,2142018.0,5,2018,14,2
C00431304,2282018.0,6,2018,28,2
C00431304,2072018.0,25,2018,07,2
C00431304,2052018.0,200,2018,05,2
C00431304,2242018.0,25,2018,24,2
C00431304,2072018.0,100,2018,07,2
C00431304,2232018.0,25,2018,23,2
C00431304,2262018.0,250,2018,26,2
C00431304,2272018.0,100,2018,27,2
C00431304,2232018.0,25,2018,23,2
C00431304,2272018.0,250,2018,27,2
C00431304,2072018.0,50,2018,07,2
C00431304,2262018.0,20,2018,26,2
C00431304,2272018.0,300,2018,27,2
C00431304,2052018.0,50,2018,05,2
C00431304,2122018.0,25,2018,12,2
C00431304,2082018.0,250,2018,08,2
C00431304,2262018.0,100,2018,26,2
C00431304,2272018.0,750,2018,27,2
C00431304,2022018.0,2700,2018,02,2
C00431304,2052018.0,2700,2018,05,2
C00431304,2092018.0,35,2018,09,2
C00431304,2092018.0,200,2018,09,2
C00431304,2272018.0,35,2018,27,2
C00431304,2202018.0,100,2018,20,2
C00431304,2272018.0,50,2018,27,2
C00431304,2212018.0,50,2018,21,2
C00431304,2092018.0,50,2018,09,2
C00431304,2182018.0,50,2018,18,2
C00431304,2102018.0,35,2018,10,2
C00431304,2082018.0,25,2018,08,2
C00431304,2262018.0,95,2018,26,2
C00431304,2262018.0,50,2018,26,2
C00431304,2012018.0,250,2018,01,2
C00431304,2282018.0,75,2018,28,2
C00431304,2272018.0,20,2018,27,2
C00431304,2062018.0,25,2018,06,2
C00431304,2062018.0,250,2018,06,2
C00431304,2192018.0,10,2018,19,2
C00431304,2262018.0,1000,2018,26,2
C00431304,2052018.0,250,2018,05,2
C00431304,2022018.0,10,2018,02,2
C00431304,2272018.0,1000,2018,27,2
C00431304,2262018.0,100,2018,26,2
C00431304,2262018.0,100,2018,26,2
C00431304,2052018.0,50,2018,05,2
C00431304,2072018.0,12,2018,07,2
C00431304,2062018.0,1,2018,06,2
C00431304,2022018.0,50,2018,02,2
C00431304,2212018.0,10,2018,21,2
C00431304,2272018.0,100,2018,27,2
C00431304,2242018.0,2000,2018,24,2
C00431304,2262018.0,50,2018,26,2
C00431304,2052018.0,150,2018,05,2
C00431304,2252018.0,50,2018,25,2
C00431304,2222018.0,10,2018,22,2
C00431304,2282018.0,15,2018,28,2
C00431304,2262018.0,5,2018,26,2
C00431304,2252018.0,25,2018,25,2
C00431304,2052018.0,200,2018,05,2
C00431304,2052018.0,150,2018,05,2
C00431304,2272018.0,25,2018,27,2
C00431304,2242018.0,25,2018,24,2
C00431304,2192018.0,1008,2018,19,2
C00431304,2262018.0,50,2018,26,2
C00431304,2122018.0,15,2018,12,2
C00431304,2052018.0,50,2018,05,2
C00431304,2062018.0,150,2018,06,2
C00431304,2282018.0,100,2018,28,2
C00431304,2152018.0,100,2018,15,2
C00431304,2282018.0,100,2018,28,2
C00431304,2052018.0,100,2018,05,2
C00431304,2132018.0,200,2018,13,2
C00431304,2172018.0,25,2018,17,2
C00431304,2182018.0,500,2018,18,2
C00431304,2112018.0,100,2018,11,2
C00431304,2112018.0,250,2018,11,2
C00431304,2012018.0,10,2018,01,2
C00431304,2062018.0,25,2018,06,2
C00431304,2052018.0,20,2018,05,2
C00431304,2262018.0,1000,2018,26,2
C00431304,2282018.0,2700,2018,28,2
C00431304,2222018.0,500,2018,22,2
C00431304,2262018.0,50,2018,26,2
C00431304,2032018.0,50,2018,03,2
C00431304,2272018.0,500,2018,27,2
C00431304,2282018.0,25,2018,28,2
C00431304,2222018.0,10,2018,22,2
C00431304,2232018.0,4,2018,23,2
C00431304,2052018.0,15,2018,05,2
C00431304,2182018.0,250,2018,18,2
C00431304,2182018.0,250,2018,18,2
C00431304,2162018.0,50,2018,16,2
C00431304,2042018.0,100,2018,04,2
C00431304,2262018.0,100,2018,26,2
C00431304,2272018.0,2000,2018,27,2
C00431304,2272018.0,50,2018,27,2
C00431304,2172018.0,50,2018,17,2
C00431304,2042018.0,5,2018,04,2
C00431304,2282018.0,10,2018,28,2
C00431304,2272018.0,100,2018,27,2
C00431304,2242018.0,20,2018,24,2
C00431304,2262018.0,100,2018,26,2
C00431304,2132018.0,25,2018,13,2
C00431304,2182018.0,75,2018,18,2
C00431304,2262018.0,20,2018,26,2
C00431304,2122018.0,250,2018,12,2
C00431304,2212018.0,50,2018,21,2
C00431304,2262018.0,100,2018,26,2
C00431304,2192018.0,10,2018,19,2
C00431304,2192018.0,10,2018,19,2
C00431304,2232018.0,25,2018,23,2
C00431304,2252018.0,250,2018,25,2
C00431304,2232018.0,5,2018,23,2
C00431304,2122018.0,25,2018,12,2
C00431304,2052018.0,1000,2018,05,2
C00431304,2112018.0,1,2018,11,2
C00431304,2282018.0,50,2018,28,2
C00431304,2132018.0,10,2018,13,2
C00431304,2142018.0,50,2018,14,2
C00431304,2202018.0,40,2018,20,2
C00431304,2272018.0,100,2018,27,2
C00431304,2272018.0,100,2018,27,2
C00431304,2122018.0,20,2018,12,2
C00431304,2272018.0,500,2018,27,2
C00431304,2092018.0,100,2018,09,2
C00431304,2112018.0,75,2018,11,2
C00431304,2122018.0,100,2018,12,2
C00431304,2182018.0,50,2018,18,2
C00431304,2172018.0,1,2018,17,2
C00431304,2132018.0,250,2018,13,2
C00431304,2142018.0,25,2018,14,2
C00431304,2272018.0,250,2018,27,2
C00431304,2032018.0,25,2018,03,2
C00431304,2152018.0,100,2018,15,2
C00431304,2272018.0,6,2018,27,2
C00431304,2232018.0,12,2018,23,2
C00431304,2062018.0,25,2018,06,2
C00431304,2052018.0,25,2018,05,2
C00431304,2132018.0,25,2018,13,2
C00431304,2222018.0,100,2018,22,2
C00431304,2062018.0,250,2018,06,2
C00431304,2172018.0,5,2018,17,2
C00431304,2072018.0,25,2018,07,2
C00431304,2262018.0,150,2018,26,2
C00431304,2262018.0,100,2018,26,2
C00431304,2272018.0,35,2018,27,2
C00431304,2272018.0,500,2018,27,2
C00431304,2192018.0,5,2018,19,2
C00431304,2072018.0,25,2018,07,2
C00431304,2102018.0,100,2018,10,2
C00431304,2272018.0,85,2018,27,2
C00431304,2262018.0,35,2018,26,2
C00431304,2162018.0,80,2018,16,2
C00431304,2262018.0,100,2018,26,2
C00431304,2132018.0,26,2018,13,2
C00431304,2132018.0,1,2018,13,2
C00431304,2272018.0,125,2018,27,2
C00431304,2122018.0,100,2018,12,2
C00431304,2222018.0,500,2018,22,2
C00431304,2232018.0,25,2018,23,2
C00431304,2162018.0,50,2018,16,2
C00431304,2272018.0,50,2018,27,2
C00431304,2082018.0,75,2018,08,2
C00431304,2052018.0,250,2018,05,2
C00431304,2112018.0,25,2018,11,2
C00431304,2022018.0,100,2018,02,2
C00431304,2102018.0,5,2018,10,2
C00431304,2052018.0,5,2018,05,2
C00431304,2282018.0,5,2018,28,2
C00431304,2282018.0,150,2018,28,2
C00431304,2282018.0,50,2018,28,2
C00431304,2282018.0,5,2018,28,2
C00431304,2062018.0,40,2018,06,2
C00431304,2212018.0,2700,2018,21,2
C00431304,2222018.0,50,2018,22,2
C00431304,2082018.0,100,2018,08,2
C00431304,2012018.0,100,2018,01,2
C00431304,2272018.0,100,2018,27,2
C00431304,2012018.0,50,2018,01,2
C00431304,2062018.0,500,2018,06,2
C00431304,2022018.0,2700,2018,02,2
C00431304,2062018.0,35,2018,06,2
C00431304,2052018.0,100,2018,05,2
C00431304,2012018.0,250,2018,01,2
C00431304,2282018.0,1000,2018,28,2
C00431304,2152018.0,50,2018,15,2
C00431304,2152018.0,10,2018,15,2
C00431304,2272018.0,50,2018,27,2
C00431304,2202018.0,250,2018,20,2
C00431304,2272018.0,75,2018,27,2
C00431304,2272018.0,250,2018,27,2
C00431304,2252018.0,380,2018,25,2
C00431304,2272018.0,100,2018,27,2
C00431304,2012018.0,400,2018,01,2
C00431304,2062018.0,7,2018,06,2
C00431304,2102018.0,250,2018,10,2
C00431304,2182018.0,100,2018,18,2
C00431304,2262018.0,100,2018,26,2
C00431304,2262018.0,500,2018,26,2
C00431304,2282018.0,10,2018,28,2
C00431304,2262018.0,15,2018,26,2
C00431304,2282018.0,10,2018,28,2
C00431304,2102018.0,10,2018,10,2
C00431304,2082018.0,100,2018,08,2
C00431304,2102018.0,25,2018,10,2
C00431304,2022018.0,300,2018,02,2
C00431304,2262018.0,25,2018,26,2
C00431304,2282018.0,10,2018,28,2
C00431304,2222018.0,35,2018,22,2
C00431304,2172018.0,50,2018,17,2
C00431304,2182018.0,25,2018,18,2
C00431304,2242018.0,50,2018,24,2
C00431304,2222018.0,10,2018,22,2
C00431304,2072018.0,250,2018,07,2
C00431304,2212018.0,100,2018,21,2
C00431304,2262018.0,250,2018,26,2
C00431304,2262018.0,1000,2018,26,2
C00431304,2282018.0,25,2018,28,2
C00431304,2192018.0,150,2018,19,2
C00431304,2232018.0,25,2018,23,2
C00431304,2192018.0,25,2018,19,2
C00431304,2022018.0,20,2018,02,2
C00431304,2152018.0,250,2018,15,2
C00431304,2022018.0,100,2018,02,2
C00431304,2132018.0,250,2018,13,2
C00431304,2022018.0,150,2018,02,2
C00431304,2272018.0,500,2018,27,2
C00431304,2182018.0,5,2018,18,2
C00431304,2132018.0,1,2018,13,2
C00431304,2172018.0,250,2018,17,2
C00431304,2082018.0,100,2018,08,2
C00431304,2162018.0,250,2018,16,2
C00431304,2192018.0,60,2018,19,2
C00431304,2242018.0,10,2018,24,2
C00431304,2252018.0,250,2018,25,2
C00431304,2182018.0,50,2018,18,2
C00431304,2282018.0,50,2018,28,2
C00431304,2172018.0,25,2018,17,2
C00431304,2152018.0,140,2018,15,2
C00431304,2272018.0,200,2018,27,2
C00431304,2092018.0,100,2018,09,2
C00431304,2252018.0,25,2018,25,2
C00431304,2012018.0,50,2018,01,2
C00431304,2092018.0,250,2018,09,2
C00431304,2262018.0,30,2018,26,2
C00431304,2242018.0,25,2018,24,2
C00431304,2262018.0,100,2018,26,2
C00431304,2272018.0,200,2018,27,2
C00431304,2082018.0,25,2018,08,2
C00431304,2082018.0,1000,2018,08,2
C00431304,2172018.0,20,2018,17,2
C00431304,2212018.0,200,2018,21,2
C00431304,2102018.0,10,2018,10,2
C00431304,2072018.0,12,2018,07,2
C00431304,2092018.0,25,2018,09,2
C00431304,2102018.0,80,2018,10,2
C00431304,2152018.0,25,2018,15,2
C00431304,2262018.0,115,2018,26,2
C00431304,2282018.0,50,2018,28,2
C00431304,2012018.0,100,2018,01,2
C00431304,2262018.0,10,2018,26,2
C00431304,2072018.0,200,2018,07,2
C00431304,2072018.0,10,2018,07,2
C00431304,2182018.0,110,2018,18,2
C00431304,2202018.0,5,2018,20,2
C00431304,2202018.0,500,2018,20,2
C00431304,2262018.0,100,2018,26,2
C00431304,2272018.0,50,2018,27,2
C00431304,2272018.0,35,2018,27,2
C00431304,2072018.0,1500,2018,07,2
C00431304,2112018.0,50,2018,11,2
C00431304,2122018.0,15,2018,12,2
C00431304,2082018.0,15,2018,08,2
C00431304,2062018.0,5,2018,06,2
C00431304,2082018.0,500,2018,08,2
C00431304,2192018.0,100,2018,19,2
C00431304,2282018.0,100,2018,28,2
C00431304,2272018.0,105,2018,27,2
C00431304,2172018.0,80,2018,17,2
C00431304,2212018.0,150,2018,21,2
C00431304,2272018.0,35,2018,27,2
C00431304,2272018.0,100,2018,27,2
C00431304,2272018.0,25,2018,27,2
C00431304,2032018.0,40,2018,03,2
C00431304,2182018.0,100,2018,18,2
C00431304,2022018.0,150,2018,02,2
C00431304,2082018.0,100,2018,08,2
C00431304,2052018.0,1000,2018,05,2
C00431304,2252018.0,25,2018,25,2
C00431304,2212018.0,100,2018,21,2
C00431304,2192018.0,150,2018,19,2
C00431304,2162018.0,500,2018,16,2
C00431304,2262018.0,250,2018,26,2
C00431304,2282018.0,40,2018,28,2
C00431304,2032018.0,250,2018,03,2
C00431304,2012018.0,250,2018,01,2
C00431304,2022018.0,25,2018,02,2
C00431304,2012018.0,100,2018,01,2
C00431304,2152018.0,35,2018,15,2
C00431304,2132018.0,800,2018,13,2
C00431304,2232018.0,500,2018,23,2
C00431304,2192018.0,25,2018,19,2
C00431304,2162018.0,15,2018,16,2
C00431304,2172018.0,10,2018,17,2
C00431304,2282018.0,10,2018,28,2
C00431304,2192018.0,25,2018,19,2
C00431304,2272018.0,50,2018,27,2
C00431304,2262018.0,2700,2018,26,2
C00431304,2192018.0,20,2018,19,2
C00431304,2042018.0,500,2018,04,2
C00431304,2112018.0,25,2018,11,2
C00431304,2042018.0,10,2018,04,2
C00431304,2052018.0,250,2018,05,2
C00431304,2162018.0,500,2018,16,2
C00431304,2252018.0,100,2018,25,2
C00431304,2092018.0,10,2018,09,2
C00431304,2132018.0,333,2018,13,2
C00431304,2072018.0,25,2018,07,2
C00431304,2282018.0,40,2018,28,2
C00431304,2282018.0,250,2018,28,2
C00431304,2282018.0,40,2018,28,2
C00431304,2062018.0,100,2018,06,2
C00431304,2272018.0,2700,2018,27,2
C00431304,2232018.0,25,2018,23,2
C00431304,2162018.0,25,2018,16,2
C00431304,2042018.0,1000,2018,04,2
C00431304,2202018.0,25,2018,20,2
C00431304,2102018.0,25,2018,10,2
C00431304,2072018.0,25,2018,07,2
C00431304,2262018.0,200,2018,26,2
C00431304,2282018.0,10,2018,28,2
C00431304,2052018.0,20,2018,05,2
C00431304,2122018.0,500,2018,12,2
C00431304,2282018.0,100,2018,28,2
C00431304,2252018.0,25,2018,25,2
C00431304,2252018.0,5,2018,25,2
C00431304,2232018.0,250,2018,23,2
C00431304,2262018.0,50,2018,26,2
C00431304,2282018.0,50,2018,28,2
C00431304,2282018.0,20,2018,28,2
C00431304,2202018.0,25,2018,20,2
C00431304,2272018.0,100,2018,27,2
C00431304,2092018.0,500,2018,09,2
C00431304,2082018.0,100,2018,08,2
C00431304,2262018.0,100,2018,26,2
C00431304,2272018.0,100,2018,27,2
C00431304,2152018.0,100,2018,15,2
C00431304,2262018.0,500,2018,26,2
C00431304,2272018.0,100,2018,27,2
C00431304,2212018.0,25,2018,21,2
C00431304,2182018.0,100,2018,18,2
C00431304,2042018.0,25,2018,04,2
C00431304,2152018.0,25,2018,15,2
C00431304,2142018.0,35,2018,14,2
C00431304,2212018.0,100,2018,21,2
C00431304,2212018.0,250,2018,21,2
C00431304,2132018.0,300,2018,13,2
C00431304,2042018.0,5,2018,04,2
C00431304,2282018.0,25,2018,28,2
C00431304,2062018.0,10,2018,06,2
C00431304,2262018.0,35,2018,26,2
C00431304,2262018.0,35,2018,26,2
C00431304,2262018.0,40,2018,26,2
C00431304,2272018.0,500,2018,27,2
C00431304,2132018.0,700,2018,13,2
C00431304,2162018.0,25,2018,16,2
C00431304,2042018.0,50,2018,04,2
C00431304,2062018.0,300,2018,06,2
C00431304,2252018.0,10,2018,25,2
C00431304,2032018.0,50,2018,03,2
C00431304,2272018.0,500,2018,27,2
C00431304,2182018.0,100,2018,18,2
C00431304,2112018.0,500,2018,11,2
C00431304,2102018.0,25,2018,10,2
C00431304,2082018.0,187,2018,08,2
C00431304,2212018.0,25,2018,21,2
C00431304,2262018.0,100,2018,26,2
C00431304,2262018.0,150,2018,26,2
C00431304,2272018.0,75,2018,27,2
C00431304,2272018.0,100,2018,27,2
C00431304,2122018.0,200,2018,12,2
C00431304,2232018.0,25,2018,23,2
C00431304,2222018.0,5,2018,22,2
C00431304,2242018.0,50,2018,24,2
C00431304,2082018.0,2500,2018,08,2
C00431304,2072018.0,25,2018,07,2
C00431304,2132018.0,25,2018,13,2
C00431304,2212018.0,190,2018,21,2
C00431304,2272018.0,5,2018,27,2
C00431304,2082018.0,100,2018,08,2
C00431304,2262018.0,15,2018,26,2
C00431304,2162018.0,500,2018,16,2
C00431304,2222018.0,50,2018,22,2
C00431304,2282018.0,15,2018,28,2
C00431304,2222018.0,15,2018,22,2
C00431304,2022018.0,100,2018,02,2
C00431304,2262018.0,1000,2018,26,2
C00431304,2262018.0,2700,2018,26,2
C00431304,2282018.0,25,2018,28,2
C00431304,2272018.0,27,2018,27,2
C00431304,2262018.0,100,2018,26,2
C00431304,2112018.0,25,2018,11,2
C00431304,2042018.0,25,2018,04,2
C00431304,2152018.0,100,2018,15,2
C00431304,2022018.0,10,2018,02,2
C00431304,2032018.0,100,2018,03,2
C00431304,2282018.0,100,2018,28,2
C00431304,2152018.0,100,2018,15,2
C00431304,2282018.0,60,2018,28,2
C00431304,2192018.0,25,2018,19,2
C00431304,2272018.0,500,2018,27,2
C00431304,2272018.0,250,2018,27,2
C00431304,2012018.0,100,2018,01,2
C00431304,2092018.0,100,2018,09,2
C00431304,2142018.0,4,2018,14,2
C00431304,2012018.0,35,2018,01,2
C00431304,2272018.0,100,2018,27,2
C00431304,2062018.0,50,2018,06,2
C00431304,2272018.0,35,2018,27,2
C00431304,2022018.0,100,2018,02,2
C00431304,2272018.0,50,2018,27,2
C00431304,2272018.0,100,2018,27,2
C00431304,2142018.0,4,2018,14,2
C00431304,2092018.0,250,2018,09,2
C00431304,2082018.0,600,2018,08,2
C00431304,2132018.0,200,2018,13,2
C00431304,2132018.0,100,2018,13,2
C00431304,2132018.0,100,2018,13,2
C00431304,2072018.0,80,2018,07,2
C00431304,2062018.0,250,2018,06,2
C00431304,2282018.0,25,2018,28,2
C00431304,2272018.0,25,2018,27,2
C00431304,2242018.0,35,2018,24,2
C00431304,2262018.0,50,2018,26,2
C00431304,2262018.0,50,2018,26,2
C00431304,2262018.0,10,2018,26,2
C00431304,2262018.0,20,2018,26,2
C00431304,2062018.0,100,2018,06,2
C00431304,2212018.0,30,2018,21,2
C00431304,2012018.0,1000,2018,01,2
C00431304,2042018.0,25,2018,04,2
C00431304,2242018.0,50,2018,24,2
C00431304,2272018.0,100,2018,27,2
C00431304,2272018.0,35,2018,27,2
C00431304,2272018.0,35,2018,27,2
C00431304,2282018.0,50,2018,28,2
C00431304,2102018.0,1000,2018,10,2
C00431304,2082018.0,20,2018,08,2
C00431304,2262018.0,50,2018,26,2
C00431304,2202018.0,25,2018,20,2
C00431304,2262018.0,300,2018,26,2
C00431304,2262018.0,100,2018,26,2
C00431304,2012018.0,25,2018,01,2
C00431304,2042018.0,40,2018,04,2
C00431304,2282018.0,2700,2018,28,2
C00431304,2282018.0,20,2018,28,2
C00431304,2122018.0,500,2018,12,2
C00431304,2012018.0,50,2018,01,2
C00431304,2272018.0,100,2018,27,2
C00431304,2272018.0,100,2018,27,2
C00431304,2012018.0,4,2018,01,2
C00431304,2262018.0,10,2018,26,2
C00431304,2242018.0,50,2018,24,2
C00431304,2222018.0,10,2018,22,2
C00431304,2262018.0,100,2018,26,2
C00431304,2262018.0,50,2018,26,2
C00431304,2262018.0,100,2018,26,2
C00431304,2172018.0,25,2018,17,2
C00431304,2262018.0,200,2018,26,2
C00431304,2272018.0,150,2018,27,2
C00431304,2022018.0,25,2018,02,2
C00431304,2062018.0,200,2018,06,2
C00431304,2162018.0,100,2018,16,2
C00431304,2222018.0,1,2018,22,2
C00431304,2242018.0,40,2018,24,2
C00431304,2282018.0,300,2018,28,2
C00431304,2282018.0,10,2018,28,2
C00431304,2242018.0,250,2018,24,2
C00431304,2232018.0,25,2018,23,2
C00431304,2262018.0,100,2018,26,2
C00431304,2262018.0,100,2018,26,2
C00431304,2262018.0,100,2018,26,2
C00431304,2262018.0,35,2018,26,2
C00431304,2152018.0,500,2018,15,2
C00431304,2252018.0,25,2018,25,2
C00431304,2022018.0,40,2018,02,2
C00431304,2072018.0,25,2018,07,2
C00431304,2272018.0,100,2018,27,2
C00431304,2092018.0,55,2018,09,2
C00431304,2192018.0,100,2018,19,2
C00431304,2252018.0,1,2018,25,2
C00431304,2282018.0,40,2018,28,2
C00431304,2112018.0,20,2018,11,2
C00431304,2052018.0,100,2018,05,2
C00431304,2012018.0,200,2018,01,2
C00431304,2262018.0,250,2018,26,2
C00431304,2282018.0,40,2018,28,2
C00431304,2262018.0,4,2018,26,2
C00431304,2212018.0,4,2018,21,2
C00431304,2012018.0,500,2018,01,2
C00431304,2152018.0,250,2018,15,2
C00431304,2052018.0,250,2018,05,2
C00431304,2022018.0,10,2018,02,2
C00431304,2282018.0,10,2018,28,2
C00431304,2062018.0,300,2018,06,2
C00431304,2222018.0,200,2018,22,2
C00431304,2222018.0,30,2018,22,2
C00431304,2242018.0,25,2018,24,2
C00431304,2092018.0,25,2018,09,2
C00431304,2102018.0,10,2018,10,2
C00431304,2032018.0,10,2018,03,2
C00431304,2212018.0,20,2018,21,2
C00431304,2262018.0,40,2018,26,2
C00431304,2092018.0,35,2018,09,2
C00431304,2102018.0,50,2018,10,2
C00431304,2252018.0,100,2018,25,2
C00431304,2262018.0,250,2018,26,2
C00431304,2152018.0,500,2018,15,2
C00431304,2162018.0,250,2018,16,2
C00431304,2202018.0,250,2018,20,2
C00431304,2152018.0,50,2018,15,2
C00431304,2152018.0,25,2018,15,2
C00431304,2272018.0,100,2018,27,2
C00431304,2082018.0,100,2018,08,2
C00431304,2072018.0,35,2018,07,2
C00431304,2072018.0,25,2018,07,2
C00431304,2052018.0,500,2018,05,2
C00431304,2012018.0,100,2018,01,2
C00431304,2272018.0,50,2018,27,2
C00431304,2232018.0,50,2018,23,2
C00431304,2132018.0,100,2018,13,2
C00431304,2092018.0,20,2018,09,2
C00431304,2262018.0,10,2018,26,2
C00431304,2032018.0,200,2018,03,2
C00431304,2262018.0,1000,2018,26,2
C00431304,2282018.0,2700,2018,28,2
C00431304,2282018.0,25,2018,28,2
C00431304,2262018.0,20,2018,26,2
C00431304,2192018.0,20,2018,19,2
C00431304,2282018.0,1000,2018,28,2
C00431304,2262018.0,20,2018,26,2
C00431304,2092018.0,2250,2018,09,2
C00431304,2282018.0,25,2018,28,2
C00431304,2212018.0,50,2018,21,2
C00431304,2262018.0,50,2018,26,2
C00431304,2092018.0,1000,2018,09,2
C00431304,2102018.0,250,2018,10,2
C00431304,2102018.0,5,2018,10,2
C00431304,2062018.0,25,2018,06,2
C00431304,2272018.0,20,2018,27,2
C00431304,2252018.0,100,2018,25,2
C00431304,2272018.0,100,2018,27,2
C00431304,2132018.0,10,2018,13,2
C00431304,2142018.0,5,2018,14,2
C00431304,2062018.0,150,2018,06,2
C00431304,2282018.0,50,2018,28,2
C00431304,2282018.0,25,2018,28,2
C00431304,2132018.0,25,2018,13,2
C00431304,2262018.0,200,2018,26,2
C00431304,2232018.0,5,2018,23,2
C00431304,2252018.0,50,2018,25,2
C00431304,2192018.0,120,2018,19,2
C00431304,2122018.0,50,2018,12,2
C00431304,2162018.0,25,2018,16,2
C00431304,2262018.0,6,2018,26,2
C00431304,2282018.0,100,2018,28,2
C00431304,2092018.0,250,2018,09,2
C00431304,2272018.0,250,2018,27,2
C00431304,2112018.0,25,2018,11,2
C00431304,2112018.0,1000,2018,11,2
C00431304,2102018.0,5,2018,10,2
C00431304,2022018.0,100,2018,02,2
C00431304,2282018.0,100,2018,28,2
C00431304,2262018.0,10,2018,26,2
C00431304,2022018.0,50,2018,02,2
C00431304,2272018.0,2,2018,27,2
C00431304,2272018.0,100,2018,27,2
C00431304,2272018.0,100,2018,27,2
C00431304,2132018.0,100,2018,13,2
C00431304,2172018.0,25,2018,17,2
C00431304,2222018.0,500,2018,22,2
C00431304,2062018.0,300,2018,06,2
C00431304,2232018.0,70,2018,23,2
C00431304,2262018.0,50,2018,26,2
C00431304,2062018.0,150,2018,06,2
C00431304,2272018.0,250,2018,27,2
C00431304,2112018.0,25,2018,11,2
C00431304,2112018.0,1000,2018,11,2
C00431304,2022018.0,50,2018,02,2
C00431304,2112018.0,25,2018,11,2
C00431304,2012018.0,60,2018,01,2
C00431304,2252018.0,20,2018,25,2
C00431304,2022018.0,250,2018,02,2
C00431304,2062018.0,6,2018,06,2
C00431304,2152018.0,100,2018,15,2
C00431304,2252018.0,100,2018,25,2
C00431304,2202018.0,80,2018,20,2
C00431304,2192018.0,25,2018,19,2
C00431304,2022018.0,200,2018,02,2
C00431304,2092018.0,5,2018,09,2
C00431304,2232018.0,5,2018,23,2
C00431304,2272018.0,20,2018,27,2
C00431304,2282018.0,6,2018,28,2
C00431304,2062018.0,100,2018,06,2
C00431304,2062018.0,200,2018,06,2
C00431304,2162018.0,500,2018,16,2
C00431304,2232018.0,12,2018,23,2
C00431304,2232018.0,250,2018,23,2
C00431304,2202018.0,25,2018,20,2
C00431304,2262018.0,100,2018,26,2
C00431304,2232018.0,6,2018,23,2
C00431304,2012018.0,25,2018,01,2
C00431304,2212018.0,40,2018,21,2
C00431304,2092018.0,100,2018,09,2
C00431304,2212018.0,100,2018,21,2
C00431304,2272018.0,250,2018,27,2
C00431304,2272018.0,100,2018,27,2
C00431304,2222018.0,50,2018,22,2
C00431304,2012018.0,50,2018,01,2
C00431304,2212018.0,500,2018,21,2
C00431304,2222018.0,5,2018,22,2
C00431304,2062018.0,50,2018,06,2
C00431304,2012018.0,250,2018,01,2
C00431304,2092018.0,50,2018,09,2
C00431304,2162018.0,250,2018,16,2
C00431304,2252018.0,2700,2018,25,2
C00431304,2222018.0,70,2018,22,2
C00431304,2232018.0,12,2018,23,2
C00431304,2232018.0,40,2018,23,2
C00431304,2272018.0,100,2018,27,2
C00431304,2152018.0,25,2018,15,2
C00431304,2162018.0,250,2018,16,2
C00431304,2152018.0,25,2018,15,2
C00431304,2262018.0,100,2018,26,2
C00431304,2102018.0,1000,2018,10,2
C00431304,2112018.0,100,2018,11,2
C00431304,2062018.0,250,2018,06,2
C00431304,2272018.0,150,2018,27,2
C00431304,2062018.0,500,2018,06,2
C00431304,2072018.0,400,2018,07,2
C00431304,2222018.0,50,2018,22,2
C00431304,2092018.0,100,2018,09,2
C00431304,2092018.0,100,2018,09,2
C00431304,2282018.0,500,2018,28,2
C00431304,2192018.0,25,2018,19,2
C00431304,2262018.0,100,2018,26,2
C00431304,2092018.0,1000,2018,09,2
C00431304,2282018.0,50,2018,28,2
C00431304,2222018.0,9,2018,22,2
C00431304,2192018.0,5,2018,19,2
C00431304,2052018.0,500,2018,05,2
C00431304,2012018.0,1200,2018,01,2
C00431304,2262018.0,500,2018,26,2
C00431304,2282018.0,1000,2018,28,2
C00431304,2172018.0,100,2018,17,2
C00431304,2242018.0,1,2018,24,2
C00431304,2042018.0,150,2018,04,2
C00431304,2102018.0,250,2018,10,2
C00431304,2012018.0,15,2018,01,2
C00431304,2232018.0,6,2018,23,2
C00431304,2122018.0,500,2018,12,2
C00431304,2272018.0,500,2018,27,2
C00431304,2072018.0,70,2018,07,2
C00431304,2142018.0,100,2018,14,2
C00431304,2132018.0,250,2018,13,2
C00431304,2132018.0,50,2018,13,2
C00431304,2272018.0,50,2018,27,2
C00431304,2272018.0,100,2018,27,2
C00431304,2082018.0,100,2018,08,2
C00431304,2282018.0,100,2018,28,2
C00431304,2202018.0,25,2018,20,2
C00431304,2212018.0,20,2018,21,2
C00431304,2082018.0,1900,2018,08,2
C00431304,2272018.0,50,2018,27,2
C00431304,2232018.0,5,2018,23,2
C00431304,2262018.0,100,2018,26,2
C00431304,2042018.0,100,2018,04,2
C00431304,2282018.0,20,2018,28,2
C00431304,2102018.0,5,2018,10,2
C00431304,2272018.0,25,2018,27,2
C00431304,2272018.0,25,2018,27,2
C00431304,2232018.0,25,2018,23,2
C00431304,2152018.0,50,2018,15,2
C00431304,2132018.0,75,2018,13,2
C00431304,2212018.0,1000,2018,21,2
C00431304,2082018.0,35,2018,08,2
C00431304,2262018.0,75,2018,26,2
C00431304,2222018.0,10,2018,22,2
C00431304,2012018.0,10,2018,01,2
C00431304,2212018.0,250,2018,21,2
C00431304,2262018.0,15,2018,26,2
C00431304,2202018.0,40,2018,20,2
C00431304,2232018.0,10,2018,23,2
C00431304,2212018.0,100,2018,21,2
C00431304,2092018.0,250,2018,09,2
C00431304,2112018.0,5,2018,11,2
C00431304,2012018.0,50,2018,01,2
C00431304,2012018.0,25,2018,01,2
C00431304,2022018.0,200,2018,02,2
C00431304,2262018.0,115,2018,26,2
C00431304,2262018.0,50,2018,26,2
C00431304,2072018.0,35,2018,07,2
C00431304,2122018.0,25,2018,12,2
C00431304,2272018.0,50,2018,27,2
C00431304,2042018.0,200,2018,04,2
C00431304,2272018.0,1000,2018,27,2
C00431304,2282018.0,50,2018,28,2
C00431304,2272018.0,70,2018,27,2
C00431304,2282018.0,11,2018,28,2
C00431304,2262018.0,400,2018,26,2
C00431304,2272018.0,250,2018,27,2
C00431304,2182018.0,10,2018,18,2
C00431304,2042018.0,25,2018,04,2
C00431304,2262018.0,50,2018,26,2
C00431304,2022018.0,50,2018,02,2
C00431304,2062018.0,40,2018,06,2
C00431304,2282018.0,20,2018,28,2
C00431304,2282018.0,10,2018,28,2
C00431304,2272018.0,40,2018,27,2
C00431304,2272018.0,50,2018,27,2
C00431304,2082018.0,250,2018,08,2
C00431304,2162018.0,25,2018,16,2
C00431304,2272018.0,100,2018,27,2
C00431304,2282018.0,10,2018,28,2
C00431304,2132018.0,50,2018,13,2
C00431304,2122018.0,1000,2018,12,2
C00431304,2012018.0,25,2018,01,2
C00431304,2262018.0,250,2018,26,2
C00431304,2262018.0,500,2018,26,2
C00431304,2192018.0,25,2018,19,2
C00431304,2102018.0,400,2018,10,2
C00431304,2012018.0,25,2018,01,2
C00431304,2012018.0,20,2018,01,2
C00431304,2222018.0,10,2018,22,2
C00431304,2252018.0,100,2018,25,2
C00431304,2022018.0,35,2018,02,2
C00431304,2082018.0,25,2018,08,2
C00431304,2082018.0,50,2018,08,2
C00431304,2272018.0,250,2018,27,2
C00431304,2082018.0,1000,2018,08,2
C00431304,2062018.0,25,2018,06,2
C00431304,2042018.0,25,2018,04,2
C00431304,2082018.0,100,2018,08,2
C00431304,2092018.0,20,2018,09,2
C00431304,2062018.0,20,2018,06,2
C00431304,2252018.0,190,2018,25,2
C00431304,2202018.0,18,2018,20,2
C00431304,2262018.0,35,2018,26,2
C00431304,2262018.0,150,2018,26,2
C00431304,2192018.0,25,2018,19,2
C00431304,2082018.0,15,2018,08,2
C00431304,2082018.0,3000,2018,08,2
C00431304,2042018.0,200,2018,04,2
C00431304,2262018.0,40,2018,26,2
C00431304,2262018.0,100,2018,26,2
C00431304,2082018.0,100,2018,08,2
C00431304,2072018.0,500,2018,07,2
C00431304,2272018.0,40,2018,27,2
C00431304,2142018.0,5,2018,14,2
C00431304,2162018.0,1000,2018,16,2
C00431304,2172018.0,15,2018,17,2
C00431304,2012018.0,35,2018,01,2
C00431304,2282018.0,25,2018,28,2
C00431304,2132018.0,100,2018,13,2
C00431304,2092018.0,1000,2018,09,2
C00431304,2102018.0,5,2018,10,2
C00431304,2112018.0,25,2018,11,2
C00431304,2172018.0,75,2018,17,2
C00431304,2182018.0,20,2018,18,2
C00431304,2082018.0,15,2018,08,2
C00431304,2102018.0,25,2018,10,2
C00431304,2272018.0,50,2018,27,2
C00431304,2272018.0,100,2018,27,2
C00431304,2132018.0,250,2018,13,2
C00431304,2122018.0,200,2018,12,2
C00431304,2062018.0,7,2018,06,2
C00431304,2272018.0,250,2018,27,2
C00431304,2122018.0,4,2018,12,2
C00431304,2152018.0,25,2018,15,2
C00431304,2272018.0,75,2018,27,2
C00431304,2162018.0,100,2018,16,2
C00431304,2212018.0,1000,2018,21,2
C00431304,2082018.0,250,2018,08,2
C00431304,2282018.0,50,2018,28,2
C00431304,2272018.0,25,2018,27,2
C00431304,2222018.0,100,2018,22,2
C00431304,2142018.0,400,2018,14,2
C00431304,2132018.0,10,2018,13,2
C00431304,2122018.0,50,2018,12,2
C00431304,2182018.0,10,2018,18,2
C00431304,2092018.0,25,2018,09,2
C00431304,2062018.0,22,2018,06,2
C00431304,2152018.0,500,2018,15,2
C00431304,2282018.0,100,2018,28,2
C00431304,2282018.0,25,2018,28,2
C00431304,2282018.0,20,2018,28,2
C00431304,2202018.0,100,2018,20,2
C00431304,2202018.0,25,2018,20,2
C00431304,2272018.0,100,2018,27,2
C00431304,2272018.0,100,2018,27,2
C00431304,2272018.0,50,2018,27,2
C00431304,2082018.0,500,2018,08,2
C00431304,2272018.0,150,2018,27,2
C00431304,2042018.0,250,2018,04,2
C00431304,2262018.0,250,2018,26,2
C00431304,2192018.0,25,2018,19,2
C00431304,2242018.0,6,2018,24,2
C00431304,2202018.0,2700,2018,20,2
C00431304,2222018.0,50,2018,22,2
C00431304,2252018.0,75,2018,25,2
C00431304,2272018.0,100,2018,27,2
C00431304,2272018.0,35,2018,27,2
C00431304,2272018.0,50,2018,27,2
C00431304,2122018.0,5,2018,12,2
C00431304,2162018.0,20,2018,16,2
C00431304,2052018.0,500,2018,05,2
C00431304,2092018.0,15,2018,09,2
C00431304,2262018.0,200,2018,26,2
C00431304,2272018.0,50,2018,27,2
C00431304,2272018.0,100,2018,27,2
C00431304,2022018.0,500,2018,02,2
C00431304,2072018.0,500,2018,07,2
C00431304,2022018.0,600,2018,02,2
C00431304,2282018.0,150,2018,28,2
C00431304,2272018.0,50,2018,27,2
C00431304,2262018.0,1000,2018,26,2
C00431304,2282018.0,2700,2018,28,2
C00431304,2042018.0,5,2018,04,2
C00431304,2022018.0,115,2018,02,2
C00431304,2052018.0,250,2018,05,2
C00431304,2282018.0,10,2018,28,2
C00431304,2172018.0,25,2018,17,2
C00431304,2222018.0,18,2018,22,2
C00431304,2282018.0,4,2018,28,2
C00431304,2092018.0,2700,2018,09,2
C00431304,2022018.0,75,2018,02,2
C00431304,2192018.0,25,2018,19,2
C00431304,2262018.0,500,2018,26,2
C00431304,2022018.0,50,2018,02,2
C00431304,2072018.0,12,2018,07,2
C00431304,2022018.0,1000,2018,02,2
C00431304,2182018.0,15,2018,18,2
C00431304,2082018.0,5,2018,08,2
C00431304,2022018.0,15,2018,02,2
C00431304,2262018.0,1000,2018,26,2
C00431304,2262018.0,25,2018,26,2
C00431304,2102018.0,100,2018,10,2
C00431304,2112018.0,25,2018,11,2
C00431304,2052018.0,50,2018,05,2
C00431304,2262018.0,10,2018,26,2
C00431304,2062018.0,700,2018,06,2
C00431304,2062018.0,50,2018,06,2
C00431304,2272018.0,25,2018,27,2
C00431304,2032018.0,100,2018,03,2
C00431304,2012018.0,5,2018,01,2
C00431304,2012018.0,10,2018,01,2
C00431304,2082018.0,20,2018,08,2
C00431304,2092018.0,25,2018,09,2
C00431304,2012018.0,100,2018,01,2
C00431304,2112018.0,50,2018,11,2
C00431304,2282018.0,25,2018,28,2
C00431304,2262018.0,5,2018,26,2
C00431304,2032018.0,25,2018,03,2
C00431304,2272018.0,20,2018,27,2
C00431304,2222018.0,5,2018,22,2
C00431304,2122018.0,100,2018,12,2
C00431304,2012018.0,700,2018,01,2
C00431304,2132018.0,50,2018,13,2
C00431304,2212018.0,50,2018,21,2
C00431304,2222018.0,10,2018,22,2
C00431304,2222018.0,60,2018,22,2
C00431304,2262018.0,50,2018,26,2
C00431304,2262018.0,100,2018,26,2
C00431304,2242018.0,40,2018,24,2
C00431304,2212018.0,25,2018,21,2
C00431304,2262018.0,100,2018,26,2
C00431304,2172018.0,25,2018,17,2
C00431304,2262018.0,100,2018,26,2
C00431304,2192018.0,500,2018,19,2
C00431304,2142018.0,50,2018,14,2
C00431304,2082018.0,250,2018,08,2
C00431304,2092018.0,250,2018,09,2
C00431304,2162018.0,1000,2018,16,2
C00431304,2252018.0,60,2018,25,2
C00431304,2262018.0,100,2018,26,2
C00431304,2282018.0,10,2018,28,2
C00431304,2282018.0,25,2018,28,2
C00431304,2262018.0,5,2018,26,2
C00431304,2272018.0,1,2018,27,2
C00431304,2052018.0,10,2018,05,2
C00431304,2252018.0,2,2018,25,2
C00431304,2232018.0,40,2018,23,2
C00431304,2282018.0,30,2018,28,2
C00431304,2282018.0,20,2018,28,2
C00431304,2212018.0,1000,2018,21,2
C00431304,2112018.0,4,2018,11,2
C00431304,2082018.0,25,2018,08,2
C00431304,2072018.0,70,2018,07,2
C00431304,2062018.0,250,2018,06,2
C00431304,2202018.0,1000,2018,20,2
C00431304,2262018.0,200,2018,26,2
C00431304,2262018.0,50,2018,26,2
C00431304,2262018.0,100,2018,26,2
C00431304,2072018.0,40,2018,07,2
C00431304,2072018.0,10,2018,07,2
C00431304,2232018.0,50,2018,23,2
C00431304,2102018.0,50,2018,10,2
C00431304,2262018.0,100,2018,26,2
C00431304,2192018.0,20,2018,19,2
C00431304,2262018.0,100,2018,26,2
C00431304,2162018.0,250,2018,16,2
C00431304,2242018.0,25,2018,24,2
C00431304,2262018.0,2700,2018,26,2
C00431304,2282018.0,1000,2018,28,2
C00431304,2272018.0,20,2018,27,2
C00431304,2282018.0,-100,2018,28,2
C00431304,2032018.0,10,2018,03,2
C00431304,2282018.0,100,2018,28,2
C00431304,2032018.0,25,2018,03,2
C00431304,2122018.0,10,2018,12,2
C00431304,2092018.0,25,2018,09,2
C00431304,2092018.0,25,2018,09,2
C00431304,2162018.0,250,2018,16,2
C00431304,2112018.0,5,2018,11,2
C00431304,2052018.0,100,2018,05,2
C00431304,2132018.0,200,2018,13,2
C00431304,2102018.0,250,2018,10,2
C00431304,2042018.0,25,2018,04,2
C00431304,2282018.0,25,2018,28,2
C00431304,2282018.0,6,2018,28,2
C00431304,2082018.0,25,2018,08,2
C00431304,2102018.0,400,2018,10,2
C00431304,2182018.0,10,2018,18,2
C00431304,2262018.0,100,2018,26,2
C00431304,2262018.0,100,2018,26,2
C00431304,2262018.0,50,2018,26,2
C00431304,2262018.0,100,2018,26,2
C00431304,2132018.0,50,2018,13,2
C00431304,2232018.0,40,2018,23,2
C00431304,2022018.0,100,2018,02,2
C00431304,2062018.0,25,2018,06,2
C00431304,2022018.0,25,2018,02,2
C00431304,2262018.0,15,2018,26,2
C00431304,2062018.0,300,2018,06,2
C00431304,2232018.0,50,2018,23,2
C00431304,2072018.0,500,2018,07,2
C00431304,2052018.0,5,2018,05,2
C00431304,2272018.0,50,2018,27,2
C00431304,2272018.0,350,2018,27,2
C00431304,2102018.0,30,2018,10,2
C00431304,2052018.0,25,2018,05,2
C00431304,2172018.0,100,2018,17,2
C00431304,2012018.0,100,2018,01,2
C00431304,2072018.0,25,2018,07,2
C00431304,2072018.0,20,2018,07,2
C00431304,2072018.0,100,2018,07,2
C00431304,2152018.0,50,2018,15,2
C00431304,2012018.0,50,2018,01,2
C00431304,2112018.0,5,2018,11,2
C00431304,2212018.0,40,2018,21,2
C00431304,2122018.0,50,2018,12,2
C00431304,2282018.0,1,2018,28,2
C00431304,2222018.0,25,2018,22,2
C00431304,2082018.0,500,2018,08,2
C00431304,2272018.0,25,2018,27,2
C00431304,2182018.0,10,2018,18,2
C00431304,2182018.0,190,2018,18,2
C00431304,2052018.0,1000,2018,05,2
C00431304,2092018.0,5,2018,09,2
C00431304,2042018.0,250,2018,04,2
C00431304,2022018.0,250,2018,02,2
C00431304,2172018.0,35,2018,17,2
C00431304,2272018.0,35,2018,27,2
C00431304,2022018.0,200,2018,02,2
C00431304,2062018.0,100,2018,06,2
C00431304,2282018.0,15,2018,28,2
C00431304,2122018.0,200,2018,12,2
C00431304,2282018.0,20,2018,28,2
C00431304,2062018.0,75,2018,06,2
C00431304,2012018.0,1000,2018,01,2
C00431304,2282018.0,20,2018,28,2
C00431304,2232018.0,35,2018,23,2
C00431304,2272018.0,50,2018,27,2
C00431304,2262018.0,300,2018,26,2
C00431304,2262018.0,50,2018,26,2
C00431304,2272018.0,500,2018,27,2
C00431304,2182018.0,15,2018,18,2
C00431304,2022018.0,50,2018,02,2
C00431304,2112018.0,5,2018,11,2
C00431304,2072018.0,15,2018,07,2
C00431304,2112018.0,25,2018,11,2
C00431304,2222018.0,125,2018,22,2
C00431304,2082018.0,200,2018,08,2
C00431304,2112018.0,10,2018,11,2
C00431304,2202018.0,10,2018,20,2
C00431304,2062018.0,250,2018,06,2
C00431304,2252018.0,100,2018,25,2
C00431304,2232018.0,40,2018,23,2
C00431304,2212018.0,115,2018,21,2
C00431304,2112018.0,10,2018,11,2
C00431304,2012018.0,100,2018,01,2
C00431304,2012018.0,25,2018,01,2
C00431304,2152018.0,20,2018,15,2
C00431304,2242018.0,5,2018,24,2
C00431304,2272018.0,250,2018,27,2
C00431304,2162018.0,25,2018,16,2
C00431304,2122018.0,100,2018,12,2
C00431304,2282018.0,50,2018,28,2
C00431304,2282018.0,50,2018,28,2
C00431304,2212018.0,25,2018,21,2
C00431304,2232018.0,25,2018,23,2
C00431304,2092018.0,50,2018,09,2
C00431304,2092018.0,50,2018,09,2
C00431304,2062018.0,50,2018,06,2
C00431304,2232018.0,25,2018,23,2
C00431304,2272018.0,50,2018,27,2
C00431304,2182018.0,40,2018,18,2
C00431304,2202018.0,1000,2018,20,2
C00431304,2252018.0,35,2018,25,2
C00431304,2262018.0,100,2018,26,2
C00431304,2262018.0,50,2018,26,2
C00431304,2272018.0,35,2018,27,2
C00431304,2092018.0,50,2018,09,2
C00431304,2142018.0,1000,2018,14,2
C00431304,2132018.0,40,2018,13,2
C00431304,2272018.0,100,2018,27,2
C00431304,2072018.0,20,2018,07,2
C00431304,2132018.0,50,2018,13,2
C00431304,2262018.0,150,2018,26,2
C00431304,2152018.0,50,2018,15,2
C00431304,2042018.0,25,2018,04,2
C00431304,2092018.0,250,2018,09,2
C00431304,2062018.0,25,2018,06,2
C00431304,2112018.0,5,2018,11,2
C00431304,2282018.0,500,2018,28,2
C00431304,2262018.0,100,2018,26,2
C00431304,2272018.0,250,2018,27,2
C00431304,2202018.0,40,2018,20,2
C00431304,2092018.0,200,2018,09,2
C00431304,2042018.0,250,2018,04,2
C00431304,2042018.0,25,2018,04,2
C00431304,2192018.0,50,2018,19,2
C00431304,2262018.0,40,2018,26,2
C00431304,2132018.0,50,2018,13,2
C00431304,2282018.0,100,2018,28,2
C00431304,2262018.0,600,2018,26,2
C00431304,2262018.0,50,2018,26,2
C00431304,2162018.0,25,2018,16,2
C00431304,2082018.0,5,2018,08,2
C00431304,2122018.0,50,2018,12,2
C00431304,2042018.0,100,2018,04,2
C00431304,2092018.0,75,2018,09,2
C00431304,2202018.0,50,2018,20,2
C00431304,2012018.0,500,2018,01,2
C00431304,2152018.0,10,2018,15,2
C00431304,2182018.0,25,2018,18,2
C00431304,2142018.0,5,2018,14,2
C00431304,2102018.0,100,2018,10,2
C00431304,2092018.0,25,2018,09,2
C00431304,2212018.0,15,2018,21,2
C00431304,2062018.0,4,2018,06,2
C00431304,2212018.0,75,2018,21,2
C00431304,2242018.0,25,2018,24,2
C00431304,2232018.0,10,2018,23,2
C00431304,2282018.0,40,2018,28,2
C00431304,2092018.0,20,2018,09,2
C00431304,2112018.0,100,2018,11,2
C00431304,2012018.0,50,2018,01,2
C00431304,2022018.0,15,2018,02,2
C00431304,2192018.0,100,2018,19,2
C00431304,2222018.0,10,2018,22,2
C00431304,2252018.0,75,2018,25,2
C00431304,2272018.0,250,2018,27,2
C00431304,2282018.0,100,2018,28,2
C00431304,2272018.0,100,2018,27,2
C00431304,2082018.0,100,2018,08,2
C00431304,2012018.0,10,2018,01,2
C00431304,2022018.0,50,2018,02,2
C00431304,2282018.0,25,2018,28,2
C00431304,2272018.0,10,2018,27,2
C00431304,2042018.0,2700,2018,04,2
C00431304,2012018.0,25,2018,01,2
C00431304,2022018.0,20,2018,02,2
C00431304,2272018.0,250,2018,27,2
C00431304,2262018.0,40,2018,26,2
C00431304,2222018.0,25,2018,22,2
C00431304,2162018.0,500,2018,16,2
C00431304,2102018.0,25,2018,10,2
C00431304,2082018.0,2500,2018,08,2
C00431304,2272018.0,50,2018,27,2
C00431304,2162018.0,100,2018,16,2
C00431304,2282018.0,20,2018,28,2
C00431304,2282018.0,5,2018,28,2
C00431304,2132018.0,100,2018,13,2
C00431304,2012018.0,100,2018,01,2
C00431304,2282018.0,10,2018,28,2
C00431304,2262018.0,100,2018,26,2
C00431304,2272018.0,100,2018,27,2
C00431304,2082018.0,100,2018,08,2
C00431304,2132018.0,10,2018,13,2
C00431304,2022018.0,150,2018,02,2
C00431304,2072018.0,25,2018,07,2
C00431304,2272018.0,100,2018,27,2
C00431304,2182018.0,75,2018,18,2
C00431304,2252018.0,60,2018,25,2
C00431304,2262018.0,500,2018,26,2
C00431304,2022018.0,40,2018,02,2
C00431304,2062018.0,5,2018,06,2
C00431304,2062018.0,12,2018,06,2
C00431304,2092018.0,100,2018,09,2
C00431304,2052018.0,25,2018,05,2
C00431304,2102018.0,100,2018,10,2
C00431304,2282018.0,40,2018,28,2
C00431304,2062018.0,100,2018,06,2
C00431304,2202018.0,20,2018,20,2
C00431304,2032018.0,5,2018,03,2
C00431304,2262018.0,200,2018,26,2
C00431304,2272018.0,250,2018,27,2
C00431304,2262018.0,20,2018,26,2
C00431304,2062018.0,25,2018,06,2
C00431304,2272018.0,50,2018,27,2
C00431304,2132018.0,15,2018,13,2
C00431304,2122018.0,10,2018,12,2
C00431304,2202018.0,25,2018,20,2
C00431304,2202018.0,2,2018,20,2
C00431304,2232018.0,125,2018,23,2
C00431304,2252018.0,35,2018,25,2
C00431304,2062018.0,2700,2018,06,2
C00431304,2062018.0,10,2018,06,2
C00431304,2272018.0,25,2018,27,2
C00431304,2212018.0,25,2018,21,2
C00431304,2062018.0,50,2018,06,2
C00431304,2242018.0,25,2018,24,2
C00431304,2282018.0,40,2018,28,2
C00431304,2062018.0,300,2018,06,2
C00431304,2262018.0,400,2018,26,2
C00431304,2222018.0,50,2018,22,2
C00431304,2112018.0,25,2018,11,2
C00431304,2122018.0,2700,2018,12,2
C00431304,2282018.0,40,2018,28,2
C00431304,2242018.0,35,2018,24,2
C00431304,2212018.0,20,2018,21,2
C00431304,2262018.0,100,2018,26,2
C00431304,2272018.0,35,2018,27,2
C00431304,2272018.0,20,2018,27,2
C00431304,2262018.0,10,2018,26,2
C00431304,2062018.0,50,2018,06,2
C00431304,2262018.0,50,2018,26,2
C00431304,2072018.0,100,2018,07,2
C00431304,2072018.0,500,2018,07,2
C00431304,2062018.0,1000,2018,06,2
C00431304,2102018.0,20,2018,10,2
C00431304,2132018.0,50,2018,13,2
C00431304,2042018.0,35,2018,04,2
C00431304,2022018.0,1000,2018,02,2
C00431304,2282018.0,50,2018,28,2
C00431304,2262018.0,100,2018,26,2
C00431304,2132018.0,300,2018,13,2
C00431304,2012018.0,100,2018,01,2
C00431304,2122018.0,337,2018,12,2
C00431304,2122018.0,337,2018,12,2
C00431304,2282018.0,10,2018,28,2
C00431304,2282018.0,10,2018,28,2
C00431304,2202018.0,5,2018,20,2
C00431304,2242018.0,5,2018,24,2
C00431304,2092018.0,70,2018,09,2
C00431304,2062018.0,35,2018,06,2
C00431304,2222018.0,40,2018,22,2
C00431304,2202018.0,4,2018,20,2
C00431304,2032018.0,50,2018,03,2
C00431304,2182018.0,100,2018,18,2
C00431304,2182018.0,50,2018,18,2
C00431304,2072018.0,25,2018,07,2
C00431304,2142018.0,50,2018,14,2
C00431304,2172018.0,300,2018,17,2
C00431304,2252018.0,18,2018,25,2
C00431304,2202018.0,250,2018,20,2
C00431304,2012018.0,100,2018,01,2
C00431304,2212018.0,500,2018,21,2
C00431304,2032018.0,25,2018,03,2
C00431304,2092018.0,25,2018,09,2
C00431304,2072018.0,300,2018,07,2
C00431304,2062018.0,100,2018,06,2
C00431304,2072018.0,250,2018,07,2
C00431304,2062018.0,50,2018,06,2
C00431304,2162018.0,500,2018,16,2
C00431304,2222018.0,25,2018,22,2
C00431304,2202018.0,50,2018,20,2
C00431304,2192018.0,5,2018,19,2
C00431304,2272018.0,500,2018,27,2
C00431304,2102018.0,500,2018,10,2
C00431304,2162018.0,1000,2018,16,2
C00431304,2272018.0,25,2018,27,2
C00431304,2282018.0,20,2018,28,2
C00431304,2222018.0,250,2018,22,2
C00431304,2232018.0,2,2018,23,2
C00431304,2262018.0,500,2018,26,2
C00431304,2162018.0,200,2018,16,2
C00431304,2092018.0,50,2018,09,2
C00431304,2132018.0,250,2018,13,2
C00431304,2172018.0,100,2018,17,2
C00431304,2232018.0,10,2018,23,2
C00431304,2242018.0,50,2018,24,2
C00431304,2262018.0,50,2018,26,2
C00431304,2262018.0,25,2018,26,2
C00431304,2082018.0,2000,2018,08,2
C00431304,2262018.0,50,2018,26,2
C00431304,2262018.0,50,2018,26,2
C00431304,2122018.0,70,2018,12,2
C00431304,2172018.0,25,2018,17,2
C00431304,2162018.0,5,2018,16,2
C00431304,2182018.0,1,2018,18,2
C00431304,2182018.0,100,2018,18,2
C00431304,2212018.0,100,2018,21,2
C00431304,2282018.0,50,2018,28,2
C00431304,2282018.0,40,2018,28,2
C00431304,2262018.0,20,2018,26,2
C00431304,2012018.0,300,2018,01,2
C00431304,2112018.0,15,2018,11,2
C00431304,2072018.0,250,2018,07,2
C00431304,2122018.0,2327,2018,12,2
C00431304,2262018.0,100,2018,26,2
C00431304,2272018.0,250,2018,27,2
C00431304,2052018.0,100,2018,05,2
C00431304,2042018.0,100,2018,04,2
C00431304,2012018.0,15,2018,01,2
C00431304,2252018.0,40,2018,25,2
C00431304,2152018.0,15,2018,15,2
C00431304,2272018.0,340,2018,27,2
C00431304,2252018.0,50,2018,25,2
C00431304,2122018.0,25,2018,12,2
C00431304,2142018.0,25,2018,14,2
C00431304,2112018.0,15,2018,11,2
C00431304,2032018.0,25,2018,03,2
C00431304,2282018.0,25,2018,28,2
C00431304,2282018.0,5,2018,28,2
C00431304,2052018.0,500,2018,05,2
C00431304,2182018.0,4030,2018,18,2
C00431304,2122018.0,25,2018,12,2
C00431304,2072018.0,35,2018,07,2
C00431304,2262018.0,1000,2018,26,2
C00431304,2062018.0,300,2018,06,2
C00431304,2202018.0,10,2018,20,2
C00431304,2262018.0,35,2018,26,2
C00431304,2062018.0,20,2018,06,2
C00431304,2222018.0,25,2018,22,2
C00431304,2132018.0,50,2018,13,2
C00431304,2282018.0,40,2018,28,2
C00431304,2282018.0,20,2018,28,2
C00431304,2222018.0,25,2018,22,2
C00431304,2272018.0,150,2018,27,2
C00431304,2042018.0,5,2018,04,2
C00431304,2222018.0,20,2018,22,2
C00431304,2142018.0,35,2018,14,2
C00431304,2182018.0,25,2018,18,2
C00431304,2162018.0,250,2018,16,2
C00431304,2222018.0,10,2018,22,2
C00431304,2122018.0,20,2018,12,2
C00431304,2042018.0,10,2018,04,2
C00431304,2262018.0,2700,2018,26,2
C00431304,2192018.0,20,2018,19,2
C00431304,2082018.0,5,2018,08,2
C00431304,2222018.0,50,2018,22,2
C00431304,2282018.0,40,2018,28,2
C00431304,2052018.0,1000,2018,05,2
C00431304,2272018.0,25,2018,27,2
C00431304,2262018.0,20,2018,26,2
C00431304,2212018.0,25,2018,21,2
C00431304,2222018.0,25,2018,22,2
C00431304,2132018.0,6,2018,13,2
C00431304,2162018.0,25,2018,16,2
C00431304,2232018.0,70,2018,23,2
C00431304,2162018.0,1000,2018,16,2
C00431304,2232018.0,20,2018,23,2
C00431304,2262018.0,50,2018,26,2
C00431304,2282018.0,100,2018,28,2
C00431304,2272018.0,25,2018,27,2
C00431304,2262018.0,35,2018,26,2
C00431304,2172018.0,100,2018,17,2
C00431304,2272018.0,500,2018,27,2
C00431304,2262018.0,2600,2018,26,2
C00431304,2282018.0,15,2018,28,2
C00431304,2052018.0,200,2018,05,2
C00431304,2212018.0,5,2018,21,2
C00431304,2272018.0,50,2018,27,2
C00431304,2272018.0,35,2018,27,2
C00431304,2012018.0,1,2018,01,2
C00431304,2262018.0,100,2018,26,2
C00431304,2082018.0,500,2018,08,2
C00431304,2072018.0,25,2018,07,2
C00431304,2122018.0,1000,2018,12,2
C00431304,2152018.0,250,2018,15,2
C00431304,2182018.0,40,2018,18,2
C00431304,2222018.0,20,2018,22,2
C00431304,2212018.0,250,2018,21,2
C00431304,2112018.0,20,2018,11,2
C00431304,2232018.0,50,2018,23,2
C00431304,2252018.0,100,2018,25,2
C00431304,2272018.0,35,2018,27,2
C00431304,2022018.0,100,2018,02,2
C00431304,2082018.0,25,2018,08,2
C00431304,2052018.0,100,2018,05,2
C00431304,2172018.0,20,2018,17,2
C00431304,2082018.0,100,2018,08,2
C00431304,2202018.0,15,2018,20,2
C00431304,2072018.0,250,2018,07,2
C00431304,2152018.0,700,2018,15,2
C00431304,2262018.0,250,2018,26,2
C00431304,2272018.0,20,2018,27,2
C00431304,2162018.0,700,2018,16,2
C00431304,2192018.0,100,2018,19,2
C00431304,2192018.0,250,2018,19,2
C00431304,2102018.0,25,2018,10,2
C00431304,2282018.0,15,2018,28,2
C00431304,2192018.0,250,2018,19,2
C00431304,2152018.0,150,2018,15,2
C00431304,2212018.0,100,2018,21,2
C00431304,2162018.0,12,2018,16,2
C00431304,2012018.0,20,2018,01,2
C00431304,2052018.0,50,2018,05,2
C00431304,2012018.0,75,2018,01,2
C00431304,2042018.0,1,2018,04,2
C00431304,2262018.0,500,2018,26,2
C00431304,2172018.0,75,2018,17,2
C00431304,2262018.0,250,2018,26,2
C00431304,2262018.0,50,2018,26,2
C00431304,2152018.0,25,2018,15,2
C00431304,2272018.0,60,2018,27,2
C00431304,2022018.0,500,2018,02,2
C00431304,2022018.0,50,2018,02,2
C00431304,2102018.0,5,2018,10,2
C00431304,2132018.0,200,2018,13,2
C00431304,2272018.0,100,2018,27,2
C00431304,2062018.0,100,2018,06,2
C00431304,2122018.0,50,2018,12,2
C00431304,2062018.0,1000,2018,06,2
C00431304,2192018.0,500,2018,19,2
C00431304,2232018.0,5,2018,23,2
C00431304,2192018.0,25,2018,19,2
C00431304,2022018.0,100,2018,02,2
C00431304,2062018.0,50,2018,06,2
C00431304,2282018.0,40,2018,28,2
C00431304,2062018.0,35,2018,06,2
C00431304,2222018.0,20,2018,22,2
C00431304,2102018.0,300,2018,10,2
C00431304,2122018.0,25,2018,12,2
C00431304,2182018.0,120,2018,18,2
C00431304,2192018.0,1000,2018,19,2
C00431304,2242018.0,25,2018,24,2
C00431304,2222018.0,25,2018,22,2
C00431304,2232018.0,2700,2018,23,2
C00431304,2092018.0,20,2018,09,2
C00431304,2192018.0,500,2018,19,2
C00431304,2242018.0,25,2018,24,2
C00431304,2092018.0,100,2018,09,2
C00431304,2102018.0,10,2018,10,2
C00431304,2062018.0,40,2018,06,2
C00431304,2062018.0,500,2018,06,2
C00431304,2122018.0,300,2018,12,2
C00431304,2282018.0,5,2018,28,2
C00431304,2242018.0,25,2018,24,2
C00431304,2272018.0,35,2018,27,2
C00431304,2182018.0,25,2018,18,2
C00431304,2282018.0,5,2018,28,2
C00431304,2232018.0,60,2018,23,2
C00431304,2062018.0,25,2018,06,2
C00431304,2052018.0,250,2018,05,2
C00431304,2202018.0,20,2018,20,2
C00431304,2082018.0,250,2018,08,2
C00431304,2112018.0,25,2018,11,2
C00431304,2102018.0,150,2018,10,2
C00431304,2092018.0,75,2018,09,2
C00431304,2072018.0,20,2018,07,2
C00431304,2112018.0,100,2018,11,2
C00431304,2122018.0,35,2018,12,2
C00431304,2242018.0,25,2018,24,2
C00431304,2192018.0,150,2018,19,2
C00431304,2202018.0,20,2018,20,2
C00431304,2262018.0,50,2018,26,2
C00431304,2022018.0,80,2018,02,2
C00431304,2052018.0,250,2018,05,2
C00431304,2102018.0,1,2018,10,2
C00431304,2282018.0,15,2018,28,2
C00431304,2262018.0,50,2018,26,2
C00431304,2052018.0,25,2018,05,2
C00431304,2262018.0,100,2018,26,2
C00431304,2262018.0,100,2018,26,2
C00431304,2242018.0,20,2018,24,2
C00431304,2182018.0,30,2018,18,2
C00431304,2152018.0,500,2018,15,2
C00431304,2012018.0,300,2018,01,2
C00431304,2052018.0,50,2018,05,2
C00431304,2232018.0,20,2018,23,2
C00431304,2192018.0,1,2018,19,2
C00431304,2072018.0,75,2018,07,2
C00431304,2272018.0,1000,2018,27,2
C00431304,2272018.0,200,2018,27,2
C00431304,2042018.0,25,2018,04,2
C00431304,2032018.0,25,2018,03,2
C00431304,2122018.0,100,2018,12,2
C00431304,2202018.0,250,2018,20,2
C00431304,2052018.0,25,2018,05,2
C00431304,2262018.0,250,2018,26,2
C00431304,2202018.0,40,2018,20,2
C00431304,2202018.0,40,2018,20,2
C00431304,2122018.0,207,2018,12,2
C00431304,2052018.0,80,2018,05,2
C00431304,2262018.0,50,2018,26,2
C00431304,2122018.0,50,2018,12,2
C00431304,2262018.0,25,2018,26,2
C00431304,2122018.0,500,2018,12,2
C00431304,2202018.0,10,2018,20,2
C00649350,2142018.0,500,2018,14,2
C00649350,2052018.0,100,2018,05,2
C00649350,2122018.0,100,2018,12,2
C00649350,2082018.0,10,2018,08,2
C00649350,2122018.0,25,2018,12,2
C00649350,2052018.0,100,2018,05,2
C00649350,2122018.0,129,2018,12,2
C00649350,2062018.0,31,2018,06,2
C00649350,2142018.0,100,2018,14,2
C00649350,2092018.0,46,2018,09,2
C00649350,2072018.0,35,2018,07,2
C00649350,2122018.0,500,2018,12,2
C00649350,2142018.0,100,2018,14,2
C00649350,2042018.0,1200,2018,04,2
C00649350,2052018.0,1500,2018,05,2
C00649350,2132018.0,20,2018,13,2
C00649350,2072018.0,1500,2018,07,2
C00649350,2132018.0,2700,2018,13,2
C00649350,2142018.0,500,2018,14,2
C00649350,2142018.0,250,2018,14,2
C00649350,2062018.0,250,2018,06,2
C00649350,2042018.0,50,2018,04,2
C00649350,2052018.0,50,2018,05,2
C00649350,2122018.0,50,2018,12,2
C00649350,2092018.0,250,2018,09,2
C00649350,2082018.0,1000,2018,08,2
C00649350,2082018.0,250,2018,08,2
C00649350,2052018.0,500,2018,05,2
C00649350,2122018.0,500,2018,12,2
C00649350,2122018.0,1000,2018,12,2
C00649350,2142018.0,500,2018,14,2
C00649350,2132018.0,31,2018,13,2
C00649350,2012018.0,31,2018,01,2
C00649350,2082018.0,31,2018,08,2
C00649350,2072018.0,500,2018,07,2
C00649350,2032018.0,500,2018,03,2
C00649350,2142018.0,250,2018,14,2
C00649350,2092018.0,1000,2018,09,2
C00649350,2132018.0,250,2018,13,2
C00649350,2122018.0,2540,2018,12,2
C00649350,2132018.0,100,2018,13,2
C00649350,2062018.0,400,2018,06,2
C00649350,2142018.0,50,2018,14,2
C00649350,2142018.0,50,2018,14,2
C00649350,2102018.0,250,2018,10,2
C00649350,2102018.0,1100,2018,10,2
C00649350,2142018.0,50,2018,14,2
C00649350,2012018.0,250,2018,01,2
C00649350,2142018.0,1250,2018,14,2
C00649350,2142018.0,25,2018,14,2
C00649350,2082018.0,1000,2018,08,2
C00649350,2142018.0,101,2018,14,2
C00649350,2132018.0,25,2018,13,2
C00649350,2142018.0,40,2018,14,2
C00649350,2132018.0,50,2018,13,2
C00649350,2072018.0,10,2018,07,2
C00649350,2012018.0,250,2018,01,2
C00649350,2142018.0,20,2018,14,2
C00649350,2142018.0,1000,2018,14,2
C00649350,2052018.0,25,2018,05,2
C00649350,2142018.0,468,2018,14,2
C00649350,2052018.0,10,2018,05,2
C00649350,2122018.0,10,2018,12,2
C00649350,2062018.0,100,2018,06,2
C00649350,2062018.0,500,2018,06,2
C00649350,2122018.0,25,2018,12,2
C00649350,2142018.0,100,2018,14,2
C00649350,2122018.0,500,2018,12,2
C00649350,2032018.0,25,2018,03,2
C00649350,2202018.0,100,2018,20,2
C00649350,2172018.0,500,2018,17,2
C00649350,2172018.0,1000,2018,17,2
C00649350,2232018.0,50,2018,23,2
C00649350,2242018.0,200,2018,24,2
C00649350,2252018.0,75,2018,25,2
C00649350,2202018.0,50,2018,20,2
C00649350,2222018.0,500,2018,22,2
C00649350,2152018.0,50,2018,15,2
C00649350,2192018.0,50,2018,19,2
C00649350,2222018.0,25,2018,22,2
C00649350,2212018.0,50,2018,21,2
C00649350,2232018.0,50,2018,23,2
C00649350,2262018.0,50,2018,26,2
C00649350,2172018.0,31,2018,17,2
C00649350,2222018.0,250,2018,22,2
C00649350,2262018.0,250,2018,26,2
C00649350,2202018.0,2700,2018,20,2
C00649350,2192018.0,10,2018,19,2
C00649350,2152018.0,100,2018,15,2
C00649350,2152018.0,25,2018,15,2
C00649350,2222018.0,400,2018,22,2
C00649350,2202018.0,100,2018,20,2
C00649350,2272018.0,100,2018,27,2
C00649350,2282018.0,30,2018,28,2
C00649350,2282018.0,31,2018,28,2
C00649350,2222018.0,10,2018,22,2
C00649350,2262018.0,500,2018,26,2
C00649350,2262018.0,500,2018,26,2
C00649350,2202018.0,20,2018,20,2
C00649350,2282018.0,22,2018,28,2
C00649350,2212018.0,20,2018,21,2
C00649350,2262018.0,500,2018,26,2
C00649350,2282018.0,25,2018,28,2
C00649350,2252018.0,100,2018,25,2
C00649350,2222018.0,25,2018,22,2
C00649350,2202018.0,250,2018,20,2
C00649350,2222018.0,250,2018,22,2
C00649350,2282018.0,100,2018,28,2
C00649350,2202018.0,250,2018,20,2
C00649350,2262018.0,10,2018,26,2
C00649350,2152018.0,100,2018,15,2
C00649350,2272018.0,1000,2018,27,2
C00649350,2212018.0,250,2018,21,2
C00649350,2162018.0,500,2018,16,2
C00649350,2212018.0,1000,2018,21,2
C00649350,2182018.0,1000,2018,18,2
C00649350,2282018.0,500,2018,28,2
C00649350,2252018.0,10,2018,25,2
C00649350,2272018.0,20,2018,27,2
C00649350,2192018.0,100,2018,19,2
C00649350,2272018.0,250,2018,27,2
C00649350,2272018.0,100,2018,27,2
C00649350,2282018.0,100,2018,28,2
C00649350,2222018.0,500,2018,22,2
C00649350,2222018.0,500,2018,22,2
C00649350,2152018.0,10,2018,15,2
C00649350,2222018.0,10,2018,22,2
C00649350,2242018.0,50,2018,24,2
C00649350,2242018.0,250,2018,24,2
C00649350,2282018.0,30,2018,28,2
C00649350,2242018.0,250,2018,24,2
C00649350,2202018.0,25,2018,20,2
C00649350,2232018.0,31,2018,23,2
C00649350,2272018.0,50,2018,27,2
C00649350,2202018.0,1000,2018,20,2
C00649350,2282018.0,100,2018,28,2
C00649350,2252018.0,300,2018,25,2
C00649350,2152018.0,31,2018,15,2
C00649350,2252018.0,250,2018,25,2
C00649350,2282018.0,500,2018,28,2
C00649350,2212018.0,250,2018,21,2
C00649350,2222018.0,500,2018,22,2
C00649350,2162018.0,20,2018,16,2
C00649350,2192018.0,1000,2018,19,2
C00649350,2272018.0,31,2018,27,2
C00649350,2262018.0,25,2018,26,2
C00649350,2272018.0,1000,2018,27,2
C00649350,2182018.0,250,2018,18,2
C00649350,2192018.0,25,2018,19,2
C00649350,2222018.0,500,2018,22,2
C00649350,2172018.0,250,2018,17,2
C00649350,2182018.0,250,2018,18,2
C00649350,2242018.0,500,2018,24,2
C00649350,2202018.0,250,2018,20,2
C00649350,2212018.0,1000,2018,21,2
C00649350,2252018.0,250,2018,25,2
C00649350,2182018.0,10,2018,18,2
C00649350,2222018.0,31,2018,22,2
C00649350,2152018.0,100,2018,15,2
C00649350,2282018.0,100,2018,28,2
C00649350,2162018.0,78,2018,16,2
C00649350,2282018.0,15,2018,28,2
C00649350,2252018.0,10,2018,25,2
C00649350,2202018.0,50,2018,20,2
C00649350,2222018.0,500,2018,22,2
C00649350,2222018.0,500,2018,22,2
C00649350,2222018.0,250,2018,22,2
C00649350,2202018.0,150,2018,20,2
C00649350,2272018.0,150,2018,27,2
C00649350,2282018.0,100,2018,28,2
C00649350,2232018.0,50,2018,23,2
C00649350,2232018.0,38,2018,23,2
C00649350,2202018.0,500,2018,20,2
C00649350,2222018.0,250,2018,22,2
C00649350,2282018.0,200,2018,28,2
C00486563,2152018.0,1800,2018,15,2
C00486563,2182018.0,2700,2018,18,2
C00486563,2252018.0,200,2018,25,2
C00486563,2042018.0,5,2018,04,2
C00486563,2112018.0,10,2018,11,2
C00486563,2042018.0,100,2018,04,2
C00486563,2112018.0,100,2018,11,2
C00486563,2282018.0,2700,2018,28,2
C00486563,2112018.0,25,2018,11,2
C00486563,2112018.0,40,2018,11,2
C00486563,2272018.0,500,2018,27,2
C00486563,2232018.0,500,2018,23,2
C00486563,2122018.0,500,2018,12,2
C00486563,2282018.0,25,2018,28,2
C00486563,2282018.0,500,2018,28,2
C00486563,2232018.0,1000,2018,23,2
C00486563,2282018.0,25,2018,28,2
C00486563,2282018.0,100,2018,28,2
C00486563,2282018.0,100,2018,28,2
C00486563,2252018.0,500,2018,25,2
C00486563,2052018.0,100,2018,05,2
C00486563,2282018.0,2700,2018,28,2
C00486563,2282018.0,2700,2018,28,2
C00486563,2282018.0,25,2018,28,2
C00486563,2042018.0,10,2018,04,2
C00486563,2042018.0,100,2018,04,2
C00486563,2282018.0,100,2018,28,2
C00486563,2252018.0,25,2018,25,2
C00486563,2042018.0,250,2018,04,2
C00486563,2252018.0,25,2018,25,2
C00486563,2112018.0,2700,2018,11,2
C00486563,2042018.0,50,2018,04,2
C00486563,2282018.0,100,2018,28,2
C00486563,2112018.0,10,2018,11,2
C00486563,2112018.0,500,2018,11,2
C00486563,2112018.0,10,2018,11,2
C00486563,2112018.0,250,2018,11,2
C00486563,2252018.0,10,2018,25,2
C00486563,2182018.0,5,2018,18,2
C00486563,2252018.0,10,2018,25,2
C00486563,2252018.0,10,2018,25,2
C00486563,2282018.0,10,2018,28,2
C00486563,2282018.0,10,2018,28,2
C00486563,2282018.0,5,2018,28,2
C00486563,2112018.0,2700,2018,11,2
C00486563,2252018.0,1800,2018,25,2
C00486563,2252018.0,1000,2018,25,2
C00486563,2112018.0,200,2018,11,2
C00486563,2252018.0,100,2018,25,2
C00486563,2042018.0,1000,2018,04,2
C00486563,2232018.0,250,2018,23,2
C00486563,2282018.0,1000,2018,28,2
C00486563,2282018.0,500,2018,28,2
C00486563,2162018.0,2500,2018,16,2
C00486563,2162018.0,200,2018,16,2
C00486563,2282018.0,2700,2018,28,2
C00486563,2282018.0,2300,2018,28,2
C00486563,2112018.0,1000,2018,11,2
C00486563,2112018.0,1000,2018,11,2
C00486563,2182018.0,500,2018,18,2
C00486563,2182018.0,200,2018,18,2
C00486563,2282018.0,1000,2018,28,2
C00486563,2112018.0,1000,2018,11,2
C00486563,2282018.0,2700,2018,28,2
C00486563,2232018.0,500,2018,23,2
C00486563,2232018.0,250,2018,23,2
C00486563,2232018.0,1000,2018,23,2
C00486563,2272018.0,2700,2018,27,2
C00486563,2042018.0,25,2018,04,2
C00486563,2112018.0,50,2018,11,2
C00486563,2282018.0,50,2018,28,2
C00486563,2282018.0,50,2018,28,2
C00486563,2252018.0,500,2018,25,2
C00486563,2282018.0,2700,2018,28,2
C00486563,2112018.0,100,2018,11,2
C00486563,2232018.0,2700,2018,23,2
C00486563,2232018.0,2700,2018,23,2
C00486563,2232018.0,2700,2018,23,2
C00486563,2232018.0,2700,2018,23,2
C00486563,2232018.0,750,2018,23,2
C00486563,2122018.0,250,2018,12,2
C00486563,2222018.0,1000,2018,22,2
C00486563,2112018.0,25,2018,11,2
C00486563,2282018.0,2700,2018,28,2
C00486563,2042018.0,1000,2018,04,2
C00486563,2232018.0,1000,2018,23,2
C00486563,2252018.0,25,2018,25,2
C00486563,2112018.0,25,2018,11,2
C00486563,2282018.0,500,2018,28,2
C00486563,2252018.0,1000,2018,25,2
C00486563,2042018.0,100,2018,04,2
C00486563,2282018.0,100,2018,28,2
C00486563,2252018.0,50,2018,25,2
C00486563,2042018.0,500,2018,04,2
C00486563,2282018.0,500,2018,28,2
C00486563,2282018.0,500,2018,28,2
C00486563,2282018.0,2700,2018,28,2
C00486563,2182018.0,250,2018,18,2
C00486563,2252018.0,50,2018,25,2
C00486563,2042018.0,50,2018,04,2
C00486563,2282018.0,50,2018,28,2
C00486563,2282018.0,2700,2018,28,2
C00486563,2282018.0,2700,2018,28,2
C00486563,2282018.0,500,2018,28,2
C00486563,2282018.0,1000,2018,28,2
C00486563,2252018.0,500,2018,25,2
C00486563,2112018.0,2700,2018,11,2
C00486563,2112018.0,2700,2018,11,2
C00486563,2112018.0,50,2018,11,2
C00486563,2252018.0,250,2018,25,2
C00486563,2282018.0,2700,2018,28,2
C00486563,2042018.0,25,2018,04,2
C00486563,2282018.0,25,2018,28,2
C00486563,2262018.0,1000,2018,26,2
C00486563,2252018.0,2700,2018,25,2
C00486563,2182018.0,1000,2018,18,2
C00486563,2112018.0,250,2018,11,2
C00486563,2042018.0,25,2018,04,2
C00486563,2112018.0,250,2018,11,2
C00486563,2232018.0,2700,2018,23,2
C00486563,2122018.0,1000,2018,12,2
C00486563,2232018.0,500,2018,23,2
C00486563,2282018.0,500,2018,28,2
C00486563,2282018.0,500,2018,28,2
C00486563,2112018.0,100,2018,11,2
C00486563,2252018.0,500,2018,25,2
C00486563,2112018.0,1000,2018,11,2
C00505552,2042018.0,2700,2018,04,2
C00505552,2042018.0,2700,2018,04,2
C00505552,2252018.0,125,2018,25,2
C00505552,2042018.0,9,2018,04,2
C00505552,2042018.0,104,2018,04,2
C00505552,2222018.0,2000,2018,22,2
C00505552,2222018.0,2700,2018,22,2
C00505552,2212018.0,500,2018,21,2
C00505552,2232018.0,250,2018,23,2
C00505552,2152018.0,250,2018,15,2
C00505552,2082018.0,150,2018,08,2
C00505552,2082018.0,100,2018,08,2
C00505552,2062018.0,100,2018,06,2
C00505552,2132018.0,500,2018,13,2
C00505552,2132018.0,100,2018,13,2
C00505552,2232018.0,5400,2018,23,2
C00505552,2172018.0,250,2018,17,2
C00505552,2212018.0,1000,2018,21,2
C00505552,2212018.0,125,2018,21,2
C00505552,2162018.0,500,2018,16,2
C00505552,2222018.0,250,2018,22,2
C00505552,2192018.0,50,2018,19,2
C00505552,2022018.0,1000,2018,02,2
C00505552,2192018.0,25,2018,19,2
C00505552,2252018.0,12,2018,25,2
C00505552,2182018.0,100,2018,18,2
C00505552,2212018.0,1,2018,21,2
C00505552,2232018.0,15,2018,23,2
C00505552,2252018.0,25,2018,25,2
C00505552,2252018.0,25,2018,25,2
C00505552,2232018.0,25,2018,23,2
C00505552,2092018.0,50,2018,09,2
C00505552,2082018.0,35,2018,08,2
C00505552,2102018.0,1000,2018,10,2
C00505552,2102018.0,250,2018,10,2
C00505552,2132018.0,2700,2018,13,2
C00505552,2162018.0,50,2018,16,2
C00505552,2032018.0,30,2018,03,2
C00505552,2012018.0,3000,2018,01,2
C00505552,2222018.0,5400,2018,22,2
C00505552,2232018.0,500,2018,23,2
C00505552,2212018.0,2700,2018,21,2
C00505552,2242018.0,100,2018,24,2
C00505552,2252018.0,50,2018,25,2
C00505552,2162018.0,12,2018,16,2
C00505552,2092018.0,500,2018,09,2
C00505552,2182018.0,500,2018,18,2
C00505552,2272018.0,2700,2018,27,2
C00505552,2242018.0,1,2018,24,2
C00505552,2242018.0,1000,2018,24,2
C00505552,2222018.0,100,2018,22,2
C00505552,2222018.0,100,2018,22,2
C00505552,2132018.0,35,2018,13,2
C00505552,2182018.0,1000,2018,18,2
C00505552,2182018.0,150,2018,18,2
C00505552,2122018.0,250,2018,12,2
C00505552,2282018.0,70,2018,28,2
C00505552,2172018.0,500,2018,17,2
C00505552,2182018.0,50,2018,18,2
C00505552,2152018.0,500,2018,15,2
C00505552,2282018.0,1500,2018,28,2
C00505552,2222018.0,500,2018,22,2
C00505552,2202018.0,35,2018,20,2
C00505552,2132018.0,150,2018,13,2
C00505552,2062018.0,250,2018,06,2
C00505552,2082018.0,75,2018,08,2
C00505552,2062018.0,50,2018,06,2
C00505552,2222018.0,500,2018,22,2
C00505552,2212018.0,200,2018,21,2
C00505552,2152018.0,500,2018,15,2
C00505552,2242018.0,500,2018,24,2
C00505552,2012018.0,100,2018,01,2
C00505552,2212018.0,1000,2018,21,2
C00505552,2072018.0,500,2018,07,2
C00505552,2182018.0,25,2018,18,2
C00505552,2082018.0,500,2018,08,2
C00505552,2132018.0,150,2018,13,2
C00505552,2132018.0,50,2018,13,2
C00505552,2202018.0,12,2018,20,2
C00505552,2242018.0,200,2018,24,2
C00505552,2202018.0,2700,2018,20,2
C00505552,2242018.0,100,2018,24,2
C00505552,2222018.0,2700,2018,22,2
C00505552,2212018.0,25,2018,21,2
C00505552,2112018.0,5,2018,11,2
C00505552,2102018.0,250,2018,10,2
C00505552,2192018.0,500,2018,19,2
C00505552,2152018.0,500,2018,15,2
C00505552,2152018.0,1200,2018,15,2
C00505552,2132018.0,4,2018,13,2
C00505552,2222018.0,12,2018,22,2
C00505552,2242018.0,100,2018,24,2
C00505552,2162018.0,7,2018,16,2
C00505552,2202018.0,2700,2018,20,2
C00505552,2272018.0,2700,2018,27,2
C00505552,2172018.0,3,2018,17,2
C00505552,2062018.0,50,2018,06,2
C00505552,2062018.0,250,2018,06,2
C00505552,2152018.0,250,2018,15,2
C00505552,2242018.0,100,2018,24,2
C00505552,2152018.0,1000,2018,15,2
C00505552,2232018.0,250,2018,23,2
C00505552,2192018.0,35,2018,19,2
C00505552,2172018.0,25,2018,17,2
C00505552,2232018.0,25,2018,23,2
C00505552,2032018.0,10,2018,03,2
C00505552,2062018.0,250,2018,06,2
C00505552,2062018.0,100,2018,06,2
C00505552,2082018.0,500,2018,08,2
C00505552,2082018.0,100,2018,08,2
C00505552,2082018.0,100,2018,08,2
C00505552,2062018.0,100,2018,06,2
C00505552,2172018.0,12,2018,17,2
C00505552,2152018.0,25,2018,15,2
C00505552,2242018.0,2700,2018,24,2
C00505552,2132018.0,25,2018,13,2
C00505552,2142018.0,100,2018,14,2
C00505552,2222018.0,100,2018,22,2
C00505552,2252018.0,1300,2018,25,2
C00505552,2232018.0,17,2018,23,2
C00505552,2252018.0,9,2018,25,2
C00505552,2112018.0,250,2018,11,2
C00505552,2062018.0,25,2018,06,2
C00505552,2052018.0,25,2018,05,2
C00505552,2092018.0,200,2018,09,2
C00505552,2092018.0,2700,2018,09,2
C00505552,2212018.0,125,2018,21,2
C00505552,2012018.0,15,2018,01,2
C00505552,2082018.0,500,2018,08,2
C00505552,2052018.0,2,2018,05,2
C00505552,2132018.0,2700,2018,13,2
C00505552,2142018.0,100,2018,14,2
C00505552,2262018.0,500,2018,26,2
C00505552,2282018.0,20,2018,28,2
C00505552,2132018.0,25,2018,13,2
C00505552,2072018.0,2700,2018,07,2
C00505552,2112018.0,10,2018,11,2
C00505552,2062018.0,25,2018,06,2
C00505552,2152018.0,500,2018,15,2
C00505552,2272018.0,100,2018,27,2
C00505552,2242018.0,500,2018,24,2
C00505552,2242018.0,1000,2018,24,2
C00505552,2062018.0,200,2018,06,2
C00505552,2062018.0,100,2018,06,2
C00505552,2212018.0,500,2018,21,2
C00505552,2062018.0,50,2018,06,2
C00505552,2062018.0,250,2018,06,2
C00505552,2162018.0,25,2018,16,2
C00505552,2032018.0,100,2018,03,2
C00505552,2222018.0,100,2018,22,2
C00505552,2172018.0,50,2018,17,2
C00505552,2162018.0,50,2018,16,2
C00505552,2132018.0,333,2018,13,2
C00505552,2172018.0,250,2018,17,2
C00505552,2272018.0,100,2018,27,2
C00505552,2052018.0,500,2018,05,2
C00505552,2102018.0,250,2018,10,2
C00505552,2092018.0,100,2018,09,2
C00505552,2052018.0,5,2018,05,2
C00505552,2212018.0,250,2018,21,2
C00505552,2112018.0,20,2018,11,2
C00505552,2092018.0,50,2018,09,2
C00505552,2192018.0,25,2018,19,2
C00505552,2202018.0,2700,2018,20,2
C00505552,2102018.0,500,2018,10,2
C00505552,2152018.0,250,2018,15,2
C00505552,2172018.0,500,2018,17,2
C00505552,2222018.0,2700,2018,22,2
C00505552,2222018.0,100,2018,22,2
C00505552,2132018.0,2200,2018,13,2
C00505552,2282018.0,20,2018,28,2
C00505552,2162018.0,460,2018,16,2
C00505552,2162018.0,1600,2018,16,2
C00505552,2202018.0,15,2018,20,2
C00505552,2202018.0,50,2018,20,2
C00505552,2152018.0,100,2018,15,2
C00505552,2082018.0,500,2018,08,2
C00505552,2062018.0,500,2018,06,2
C00505552,2062018.0,200,2018,06,2
C00505552,2082018.0,500,2018,08,2
C00505552,2082018.0,100,2018,08,2
C00505552,2132018.0,100,2018,13,2
C00505552,2132018.0,50,2018,13,2
C00505552,2132018.0,25,2018,13,2
C00505552,2242018.0,500,2018,24,2
C00505552,2272018.0,250,2018,27,2
C00505552,2272018.0,100,2018,27,2
C00505552,2272018.0,1000,2018,27,2
C00505552,2012018.0,100,2018,01,2
C00505552,2062018.0,150,2018,06,2
C00505552,2062018.0,100,2018,06,2
C00505552,2062018.0,75,2018,06,2
C00505552,2232018.0,1000,2018,23,2
C00505552,2012018.0,25,2018,01,2
C00505552,2032018.0,50,2018,03,2
C00505552,2062018.0,50,2018,06,2
C00505552,2082018.0,250,2018,08,2
C00505552,2062018.0,150,2018,06,2
C00505552,2222018.0,2700,2018,22,2
C00505552,2062018.0,100,2018,06,2
C00505552,2152018.0,1000,2018,15,2
C00505552,2162018.0,10,2018,16,2
C00505552,2062018.0,200,2018,06,2
C00505552,2182018.0,35,2018,18,2
C00505552,2122018.0,50,2018,12,2
C00505552,2282018.0,10,2018,28,2
C00505552,2182018.0,200,2018,18,2
C00505552,2172018.0,2,2018,17,2
C00505552,2142018.0,100,2018,14,2
C00505552,2272018.0,1000,2018,27,2
C00505552,2172018.0,35,2018,17,2
C00505552,2262018.0,25,2018,26,2
C00505552,2182018.0,35,2018,18,2
C00505552,2042018.0,10,2018,04,2
C00505552,2062018.0,50,2018,06,2
C00505552,2082018.0,1000,2018,08,2
C00505552,2182018.0,250,2018,18,2
C00505552,2232018.0,1000,2018,23,2
C00505552,2232018.0,100,2018,23,2
C00505552,2192018.0,500,2018,19,2
C00505552,2212018.0,5,2018,21,2
C00505552,2182018.0,70,2018,18,2
C00505552,2142018.0,2500,2018,14,2
C00505552,2232018.0,5400,2018,23,2
C00505552,2272018.0,500,2018,27,2
C00505552,2282018.0,1000,2018,28,2
C00505552,2092018.0,5,2018,09,2
C00505552,2082018.0,250,2018,08,2
C00505552,2182018.0,100,2018,18,2
C00505552,2162018.0,50,2018,16,2
C00505552,2232018.0,500,2018,23,2
C00505552,2202018.0,2700,2018,20,2
C00505552,2242018.0,25,2018,24,2
C00505552,2202018.0,20,2018,20,2
C00505552,2112018.0,100,2018,11,2
C00505552,2082018.0,27,2018,08,2
C00505552,2102018.0,500,2018,10,2
C00505552,2212018.0,180,2018,21,2
C00505552,2152018.0,1000,2018,15,2
C00505552,2272018.0,150,2018,27,2
C00505552,2272018.0,50,2018,27,2
C00505552,2242018.0,500,2018,24,2
C00505552,2182018.0,125,2018,18,2
C00505552,2162018.0,400,2018,16,2
C00505552,2282018.0,25,2018,28,2
C00505552,2262018.0,2700,2018,26,2
C00505552,2172018.0,50,2018,17,2
C00505552,2032018.0,25,2018,03,2
C00505552,2162018.0,1000,2018,16,2
C00505552,2172018.0,50,2018,17,2
C00505552,2152018.0,25,2018,15,2
C00505552,2132018.0,100,2018,13,2
C00505552,2222018.0,2700,2018,22,2
C00505552,2222018.0,25,2018,22,2
C00505552,2182018.0,100,2018,18,2
C00505552,2162018.0,50,2018,16,2
C00505552,2272018.0,100,2018,27,2
C00505552,2242018.0,4400,2018,24,2
C00505552,2242018.0,500,2018,24,2
C00505552,2212018.0,50,2018,21,2
C00505552,2162018.0,500,2018,16,2
C00505552,2242018.0,25,2018,24,2
C00505552,2192018.0,50,2018,19,2
C00505552,2242018.0,100,2018,24,2
C00505552,2172018.0,250,2018,17,2
C00505552,2122018.0,500,2018,12,2
C00505552,2162018.0,2700,2018,16,2
C00505552,2182018.0,25,2018,18,2
C00505552,2172018.0,5,2018,17,2
C00505552,2012018.0,1000,2018,01,2
C00505552,2242018.0,1000,2018,24,2
C00505552,2272018.0,100,2018,27,2
C00505552,2242018.0,500,2018,24,2
C00505552,2162018.0,25,2018,16,2
C00505552,2132018.0,500,2018,13,2
C00505552,2162018.0,125,2018,16,2
C00505552,2162018.0,50,2018,16,2
C00505552,2222018.0,12,2018,22,2
C00505552,2182018.0,25,2018,18,2
C00505552,2162018.0,50,2018,16,2
C00505552,2282018.0,6,2018,28,2
C00505552,2162018.0,25,2018,16,2
C00505552,2162018.0,25,2018,16,2
C00505552,2162018.0,120,2018,16,2
C00505552,2132018.0,100,2018,13,2
C00505552,2162018.0,250,2018,16,2
C00505552,2162018.0,100,2018,16,2
C00505552,2282018.0,100,2018,28,2
C00505552,2162018.0,100,2018,16,2
C00505552,2262018.0,1000,2018,26,2
C00505552,2282018.0,50,2018,28,2
C00505552,2162018.0,250,2018,16,2
C00505552,2132018.0,100,2018,13,2
C00505552,2222018.0,100,2018,22,2
C00505552,2232018.0,100,2018,23,2
C00505552,2182018.0,25,2018,18,2
C00505552,2012018.0,50,2018,01,2
C00505552,2012018.0,1000,2018,01,2
C00505552,2042018.0,2700,2018,04,2
C00505552,2042018.0,55,2018,04,2
C00505552,2062018.0,200,2018,06,2
C00505552,2062018.0,150,2018,06,2
C00505552,2062018.0,50,2018,06,2
C00505552,2172018.0,25,2018,17,2
C00505552,2182018.0,100,2018,18,2
C00505552,2132018.0,25,2018,13,2
C00505552,2252018.0,1000,2018,25,2
C00505552,2122018.0,100,2018,12,2
C00505552,2142018.0,5,2018,14,2
C00505552,2082018.0,40,2018,08,2
C00505552,2062018.0,150,2018,06,2
C00505552,2132018.0,250,2018,13,2
C00505552,2272018.0,100,2018,27,2
C00505552,2242018.0,500,2018,24,2
C00505552,2012018.0,2700,2018,01,2
C00505552,2132018.0,35,2018,13,2
C00505552,2062018.0,100,2018,06,2
C00505552,2062018.0,100,2018,06,2
C00505552,2142018.0,2700,2018,14,2
C00505552,2052018.0,1000,2018,05,2
C00505552,2072018.0,50,2018,07,2
C00505552,2172018.0,5,2018,17,2
C00505552,2222018.0,2700,2018,22,2
C00505552,2192018.0,500,2018,19,2
C00505552,2192018.0,50,2018,19,2
C00505552,2172018.0,125,2018,17,2
C00505552,2122018.0,500,2018,12,2
C00505552,2262018.0,1000,2018,26,2
C00505552,2062018.0,100,2018,06,2
C00505552,2062018.0,100,2018,06,2
C00505552,2142018.0,2700,2018,14,2
C00505552,2082018.0,250,2018,08,2
C00505552,2062018.0,500,2018,06,2
C00505552,2062018.0,50,2018,06,2
C00505552,2082018.0,250,2018,08,2
C00505552,2172018.0,100,2018,17,2
C00505552,2242018.0,100,2018,24,2
C00505552,2232018.0,50,2018,23,2
C00505552,2272018.0,1000,2018,27,2
C00505552,2282018.0,10,2018,28,2
C00505552,2262018.0,1000,2018,26,2
C00505552,2182018.0,100,2018,18,2
C00505552,2282018.0,1000,2018,28,2
C00505552,2082018.0,25,2018,08,2
C00505552,2132018.0,500,2018,13,2
C00505552,2232018.0,50,2018,23,2
C00505552,2142018.0,50,2018,14,2
C00505552,2172018.0,500,2018,17,2
C00505552,2252018.0,12,2018,25,2
C00505552,2222018.0,2700,2018,22,2
C00505552,2232018.0,50,2018,23,2
C00505552,2232018.0,200,2018,23,2
C00505552,2252018.0,1000,2018,25,2
C00505552,2252018.0,2700,2018,25,2
C00505552,2132018.0,140,2018,13,2
C00505552,2222018.0,50,2018,22,2
C00505552,2192018.0,100,2018,19,2
C00505552,2132018.0,10,2018,13,2
C00505552,2062018.0,250,2018,06,2
C00505552,2252018.0,250,2018,25,2
C00505552,2082018.0,1000,2018,08,2
C00505552,2072018.0,50,2018,07,2
C00505552,2162018.0,25,2018,16,2
C00505552,2232018.0,2700,2018,23,2
C00505552,2222018.0,500,2018,22,2
C00505552,2152018.0,25,2018,15,2
C00505552,2162018.0,250,2018,16,2
C00505552,2182018.0,10,2018,18,2
C00505552,2162018.0,50,2018,16,2
C00505552,2162018.0,280,2018,16,2
C00505552,2202018.0,1000,2018,20,2
C00505552,2242018.0,25,2018,24,2
C00505552,2192018.0,500,2018,19,2
C00505552,2232018.0,200,2018,23,2
C00505552,2282018.0,25,2018,28,2
C00505552,2262018.0,250,2018,26,2
C00505552,2102018.0,1000,2018,10,2
C00505552,2192018.0,12,2018,19,2
C00505552,2222018.0,2700,2018,22,2
C00505552,2192018.0,50,2018,19,2
C00505552,2102018.0,500,2018,10,2
C00505552,2052018.0,50,2018,05,2
C00505552,2262018.0,260,2018,26,2
C00505552,2132018.0,2,2018,13,2
C00505552,2282018.0,100,2018,28,2
C00505552,2172018.0,200,2018,17,2
C00505552,2272018.0,50,2018,27,2
C00505552,2282018.0,25,2018,28,2
C00505552,2262018.0,1000,2018,26,2
C00505552,2272018.0,50,2018,27,2
C00505552,2062018.0,150,2018,06,2
C00505552,2272018.0,1000,2018,27,2
C00505552,2232018.0,1000,2018,23,2
C00505552,2272018.0,50,2018,27,2
C00505552,2242018.0,500,2018,24,2
C00505552,2152018.0,2700,2018,15,2
C00505552,2152018.0,500,2018,15,2
C00505552,2082018.0,250,2018,08,2
C00505552,2082018.0,100,2018,08,2
C00505552,2182018.0,125,2018,18,2
C00505552,2172018.0,1000,2018,17,2
C00505552,2162018.0,500,2018,16,2
C00505552,2252018.0,250,2018,25,2
C00505552,2242018.0,25,2018,24,2
C00505552,2172018.0,15,2018,17,2
C00505552,2232018.0,100,2018,23,2
C00505552,2232018.0,35,2018,23,2
C00505552,2192018.0,50,2018,19,2
C00505552,2212018.0,1350,2018,21,2
C00505552,2252018.0,25,2018,25,2
C00505552,2192018.0,25,2018,19,2
C00505552,2012018.0,100,2018,01,2
C00505552,2202018.0,250,2018,20,2
C00505552,2162018.0,7,2018,16,2
C00505552,2042018.0,600,2018,04,2
C00505552,2212018.0,5,2018,21,2
C00505552,2092018.0,1000,2018,09,2
C00505552,2102018.0,500,2018,10,2
C00505552,2082018.0,1000,2018,08,2
C00505552,2172018.0,25,2018,17,2
C00505552,2162018.0,25,2018,16,2
C00505552,2212018.0,250,2018,21,2
C00505552,2242018.0,100,2018,24,2
C00505552,2272018.0,100,2018,27,2
C00505552,2242018.0,1000,2018,24,2
C00505552,2012018.0,2700,2018,01,2
C00505552,2132018.0,10,2018,13,2
C00505552,2102018.0,500,2018,10,2
C00505552,2102018.0,500,2018,10,2
C00505552,2052018.0,500,2018,05,2
C00505552,2202018.0,70,2018,20,2
C00505552,2012018.0,35,2018,01,2
C00505552,2092018.0,45,2018,09,2
C00505552,2232018.0,5000,2018,23,2
C00505552,2132018.0,70,2018,13,2
C00505552,2102018.0,500,2018,10,2
C00505552,2182018.0,100,2018,18,2
C00505552,2112018.0,50,2018,11,2
C00505552,2172018.0,25,2018,17,2
C00505552,2232018.0,50,2018,23,2
C00505552,2152018.0,100,2018,15,2
C00505552,2182018.0,50,2018,18,2
C00505552,2102018.0,100,2018,10,2
C00505552,2102018.0,50,2018,10,2
C00505552,2102018.0,5,2018,10,2
C00505552,2062018.0,1000,2018,06,2
C00505552,2102018.0,500,2018,10,2
C00505552,2102018.0,1000,2018,10,2
C00505552,2102018.0,500,2018,10,2
C00505552,2062018.0,500,2018,06,2
C00505552,2122018.0,15,2018,12,2
C00505552,2142018.0,10,2018,14,2
C00505552,2192018.0,250,2018,19,2
C00505552,2202018.0,1000,2018,20,2
C00505552,2052018.0,100,2018,05,2
C00505552,2082018.0,1000,2018,08,2
C00505552,2082018.0,35,2018,08,2
C00505552,2132018.0,33,2018,13,2
C00505552,2212018.0,1000,2018,21,2
C00505552,2012018.0,250,2018,01,2
C00505552,2012018.0,100,2018,01,2
C00505552,2242018.0,150,2018,24,2
C00505552,2062018.0,250,2018,06,2
C00505552,2062018.0,250,2018,06,2
C00505552,2062018.0,1000,2018,06,2
C00505552,2082018.0,2700,2018,08,2
C00505552,2082018.0,250,2018,08,2
C00505552,2082018.0,100,2018,08,2
C00505552,2062018.0,100,2018,06,2
C00505552,2132018.0,100,2018,13,2
C00505552,2082018.0,2,2018,08,2
C00505552,2162018.0,50,2018,16,2
C00505552,2172018.0,25,2018,17,2
C00505552,2212018.0,25,2018,21,2
C00505552,2052018.0,25,2018,05,2
C00505552,2082018.0,50,2018,08,2
C00505552,2062018.0,25,2018,06,2
C00505552,2082018.0,1500,2018,08,2
C00505552,2062018.0,25,2018,06,2
C00505552,2192018.0,125,2018,19,2
C00505552,2172018.0,12,2018,17,2
C00505552,2022018.0,50,2018,02,2
C00505552,2172018.0,250,2018,17,2
C00505552,2082018.0,2700,2018,08,2
C00505552,2052018.0,1000,2018,05,2
C00505552,2072018.0,50,2018,07,2
C00505552,2082018.0,100,2018,08,2
C00505552,2062018.0,100,2018,06,2
C00505552,2122018.0,50,2018,12,2
C00505552,2212018.0,12,2018,21,2
C00505552,2192018.0,2700,2018,19,2
C00505552,2282018.0,250,2018,28,2
C00505552,2242018.0,50,2018,24,2
C00505552,2212018.0,5,2018,21,2
C00505552,2102018.0,500,2018,10,2
C00505552,2072018.0,500,2018,07,2
C00505552,2062018.0,25,2018,06,2
C00505552,2202018.0,250,2018,20,2
C00505552,2222018.0,250,2018,22,2
C00505552,2242018.0,100,2018,24,2
C00505552,2152018.0,35,2018,15,2
C00505552,2172018.0,250,2018,17,2
C00505552,2012018.0,5,2018,01,2
C00505552,2132018.0,5,2018,13,2
C00505552,2192018.0,2700,2018,19,2
C00505552,2162018.0,25,2018,16,2
C00505552,2232018.0,250,2018,23,2
C00505552,2232018.0,250,2018,23,2
C00505552,2212018.0,1000,2018,21,2
C00505552,2212018.0,20,2018,21,2
C00505552,2222018.0,2700,2018,22,2
C00505552,2162018.0,12,2018,16,2
C00505552,2132018.0,70,2018,13,2
C00505552,2172018.0,250,2018,17,2
C00505552,2082018.0,500,2018,08,2
C00505552,2052018.0,20,2018,05,2
C00505552,2062018.0,2700,2018,06,2
C00505552,2052018.0,500,2018,05,2
C00505552,2212018.0,1,2018,21,2
C00505552,2242018.0,50,2018,24,2
C00505552,2162018.0,175,2018,16,2
C00505552,2142018.0,300,2018,14,2
C00505552,2132018.0,25,2018,13,2
C00505552,2072018.0,1000,2018,07,2
C00505552,2252018.0,1000,2018,25,2
C00505552,2232018.0,1000,2018,23,2
C00505552,2112018.0,100,2018,11,2
C00505552,2072018.0,1000,2018,07,2
C00505552,2092018.0,100,2018,09,2
C00505552,2072018.0,20,2018,07,2
C00505552,2092018.0,1000,2018,09,2
C00505552,2242018.0,3,2018,24,2
C00505552,2062018.0,250,2018,06,2
C00505552,2082018.0,500,2018,08,2
C00505552,2082018.0,250,2018,08,2
C00505552,2062018.0,100,2018,06,2
C00505552,2062018.0,100,2018,06,2
C00505552,2082018.0,50,2018,08,2
C00505552,2222018.0,500,2018,22,2
C00505552,2232018.0,500,2018,23,2
C00505552,2232018.0,500,2018,23,2
C00505552,2062018.0,100,2018,06,2
C00505552,2142018.0,400,2018,14,2
C00505552,2212018.0,500,2018,21,2
C00505552,2082018.0,100,2018,08,2
C00505552,2022018.0,5,2018,02,2
C00505552,2162018.0,25,2018,16,2
C00505552,2152018.0,25,2018,15,2
C00505552,2192018.0,25,2018,19,2
C00505552,2082018.0,100,2018,08,2
C00505552,2132018.0,50,2018,13,2
C00505552,2172018.0,50,2018,17,2
C00505552,2142018.0,50,2018,14,2
C00505552,2252018.0,100,2018,25,2
C00505552,2222018.0,70,2018,22,2
C00505552,2062018.0,100,2018,06,2
C00505552,2132018.0,10,2018,13,2
C00505552,2022018.0,10,2018,02,2
C00505552,2222018.0,1000,2018,22,2
C00505552,2162018.0,12,2018,16,2
C00505552,2012018.0,100,2018,01,2
C00505552,2062018.0,200,2018,06,2
C00505552,2082018.0,250,2018,08,2
C00505552,2082018.0,1000,2018,08,2
C00505552,2062018.0,250,2018,06,2
C00505552,2232018.0,2700,2018,23,2
C00505552,2232018.0,200,2018,23,2
C00505552,2212018.0,25,2018,21,2
C00505552,2062018.0,100,2018,06,2
C00505552,2082018.0,1200,2018,08,2
C00505552,2082018.0,100,2018,08,2
C00505552,2082018.0,100,2018,08,2
C00505552,2132018.0,250,2018,13,2
C00505552,2132018.0,177,2018,13,2
C00505552,2132018.0,1000,2018,13,2
C00505552,2232018.0,2700,2018,23,2
C00505552,2242018.0,80,2018,24,2
C00505552,2062018.0,100,2018,06,2
C00505552,2242018.0,1000,2018,24,2
C00505552,2122018.0,35,2018,12,2
C00505552,2162018.0,125,2018,16,2
C00505552,2282018.0,45,2018,28,2
C00505552,2202018.0,1000,2018,20,2
C00505552,2132018.0,8,2018,13,2
C00505552,2222018.0,250,2018,22,2
C00505552,2012018.0,50,2018,01,2
C00505552,2222018.0,2700,2018,22,2
C00505552,2172018.0,500,2018,17,2
C00505552,2182018.0,2700,2018,18,2
C00505552,2082018.0,250,2018,08,2
C00505552,2142018.0,250,2018,14,2
C00505552,2252018.0,5,2018,25,2
C00505552,2182018.0,100,2018,18,2
C00505552,2212018.0,25,2018,21,2
C00505552,2212018.0,500,2018,21,2
C00505552,2222018.0,100,2018,22,2
C00505552,2222018.0,100,2018,22,2
C00505552,2212018.0,2700,2018,21,2
C00505552,2232018.0,2200,2018,23,2
C00505552,2222018.0,100,2018,22,2
C00505552,2162018.0,250,2018,16,2
C00505552,2122018.0,25,2018,12,2
C00505552,2142018.0,700,2018,14,2
C00505552,2102018.0,1000,2018,10,2
C00505552,2162018.0,50,2018,16,2
C00505552,2142018.0,100,2018,14,2
C00505552,2172018.0,70,2018,17,2
C00505552,2222018.0,5,2018,22,2
C00505552,2012018.0,500,2018,01,2
C00505552,2182018.0,25,2018,18,2
C00505552,2142018.0,25,2018,14,2
C00505552,2222018.0,2700,2018,22,2
C00505552,2232018.0,-2700,2018,23,2
C00505552,2232018.0,2700,2018,23,2
C00505552,2222018.0,-2700,2018,22,2
C00505552,2172018.0,500,2018,17,2
C00505552,2152018.0,1000,2018,15,2
C00505552,2282018.0,1000,2018,28,2
C00505552,2152018.0,25,2018,15,2
C00505552,2162018.0,50,2018,16,2
C00505552,2262018.0,1000,2018,26,2
C00505552,2102018.0,500,2018,10,2
C00505552,2052018.0,100,2018,05,2
C00505552,2092018.0,50,2018,09,2
C00505552,2092018.0,1000,2018,09,2
C00505552,2242018.0,500,2018,24,2
C00505552,2012018.0,500,2018,01,2
C00505552,2272018.0,100,2018,27,2
C00505552,2162018.0,200,2018,16,2
C00505552,2262018.0,50,2018,26,2
C00505552,2142018.0,-100,2018,14,2
C00505552,2012018.0,-300,2018,01,2
C00505552,2012018.0,300,2018,01,2
C00505552,2142018.0,100,2018,14,2
C00505552,2242018.0,-2700,2018,24,2
C00505552,2192018.0,250,2018,19,2
C00505552,2162018.0,250,2018,16,2
C00505552,2262018.0,2700,2018,26,2
C00505552,2272018.0,2700,2018,27,2
C00505552,2282018.0,1000,2018,28,2
C00505552,2282018.0,500,2018,28,2
C00505552,2122018.0,125,2018,12,2
C00505552,2162018.0,22,2018,16,2
C00505552,2132018.0,333,2018,13,2
C00505552,2172018.0,50,2018,17,2
C00505552,2282018.0,500,2018,28,2
C00505552,2182018.0,500,2018,18,2
C00505552,2152018.0,250,2018,15,2
C00505552,2142018.0,500,2018,14,2
C00505552,2162018.0,12,2018,16,2
C00505552,2132018.0,2,2018,13,2
C00505552,2262018.0,1000,2018,26,2
C00505552,2282018.0,10,2018,28,2
C00505552,2122018.0,100,2018,12,2
C00505552,2172018.0,50,2018,17,2
C00505552,2222018.0,27000,2018,22,2
C00505552,2282018.0,25,2018,28,2
C00505552,2182018.0,50,2018,18,2
C00505552,2182018.0,1000,2018,18,2
C00505552,2062018.0,50,2018,06,2
C00505552,2282018.0,25,2018,28,2
C00505552,2132018.0,1000,2018,13,2
C00505552,2272018.0,2700,2018,27,2
C00505552,2282018.0,50,2018,28,2
C00505552,2162018.0,540,2018,16,2
C00505552,2162018.0,12,2018,16,2
C00505552,2182018.0,70,2018,18,2
C00505552,2172018.0,175,2018,17,2
C00505552,2202018.0,500,2018,20,2
C00505552,2082018.0,2700,2018,08,2
C00505552,2062018.0,500,2018,06,2
C00505552,2082018.0,250,2018,08,2
C00505552,2242018.0,2700,2018,24,2
C00505552,2232018.0,-2700,2018,23,2
C00505552,2232018.0,2700,2018,23,2
C00505552,2012018.0,250,2018,01,2
C00505552,2162018.0,100,2018,16,2
C00505552,2162018.0,250,2018,16,2
C00505552,2182018.0,100,2018,18,2
C00505552,2162018.0,5000,2018,16,2
C00505552,2222018.0,1,2018,22,2
C00505552,2212018.0,50,2018,21,2
C00505552,2082018.0,250,2018,08,2
C00505552,2062018.0,100,2018,06,2
C00505552,2072018.0,2700,2018,07,2
C00505552,2092018.0,500,2018,09,2
C00505552,2102018.0,250,2018,10,2
C00505552,2222018.0,25,2018,22,2
C00505552,2132018.0,250,2018,13,2
C00505552,2132018.0,100,2018,13,2
C00505552,2132018.0,1000,2018,13,2
C00505552,2152018.0,500,2018,15,2
C00505552,2152018.0,500,2018,15,2
C00505552,2132018.0,50,2018,13,2
C00505552,2272018.0,300,2018,27,2
C00505552,2272018.0,50,2018,27,2
C00505552,2272018.0,2000,2018,27,2
C00505552,2272018.0,200,2018,27,2
C00505552,2052018.0,10,2018,05,2
C00505552,2112018.0,20,2018,11,2
C00492645,2262018.0,1000,2018,26,2
C00492645,2012018.0,250,2018,01,2
C00492645,2202018.0,100,2018,20,2
C00492645,2282018.0,10,2018,28,2
C00492645,2082018.0,25,2018,08,2
C00492645,2192018.0,10,2018,19,2
C00492645,2282018.0,6,2018,28,2
C00492645,2192018.0,1800,2018,19,2
C00492645,2162018.0,25,2018,16,2
C00492645,2202018.0,500,2018,20,2
C00492645,2132018.0,10,2018,13,2
C00492645,2242018.0,5,2018,24,2
C00492645,2222018.0,500,2018,22,2
C00492645,2222018.0,500,2018,22,2
C00492645,2212018.0,10,2018,21,2
C00492645,2272018.0,250,2018,27,2
C00492645,2192018.0,150,2018,19,2
C00492645,2282018.0,6,2018,28,2
C00492645,2252018.0,500,2018,25,2
C00492645,2222018.0,25,2018,22,2
C00492645,2222018.0,25,2018,22,2
C00492645,2202018.0,10,2018,20,2
C00492645,2182018.0,10,2018,18,2
C00492645,2192018.0,50,2018,19,2
C00492645,2222018.0,250,2018,22,2
C00492645,2042018.0,5,2018,04,2
C00492645,2032018.0,6,2018,03,2
C00492645,2222018.0,250,2018,22,2
C00492645,2282018.0,6,2018,28,2
C00492645,2232018.0,25,2018,23,2
C00492645,2192018.0,25,2018,19,2
C00492645,2212018.0,5,2018,21,2
C00492645,2152018.0,5,2018,15,2
C00492645,2222018.0,100,2018,22,2
C00492645,2222018.0,50,2018,22,2
C00492645,2282018.0,5,2018,28,2
C00492645,2222018.0,25,2018,22,2
C00492645,2272018.0,100,2018,27,2
C00492645,2272018.0,250,2018,27,2
C00492645,2082018.0,6,2018,08,2
C00492645,2272018.0,25,2018,27,2
C00492645,2212018.0,50,2018,21,2
C00492645,2202018.0,50,2018,20,2
C00492645,2222018.0,10,2018,22,2
C00492645,2232018.0,50,2018,23,2
C00492645,2192018.0,50,2018,19,2
C00492645,2242018.0,50,2018,24,2
C00492645,2282018.0,25,2018,28,2
C00492645,2192018.0,10,2018,19,2
C00492645,2192018.0,25,2018,19,2
C00492645,2212018.0,10,2018,21,2
C00492645,2092018.0,10,2018,09,2
C00492645,2262018.0,5,2018,26,2
C00492645,2012018.0,25,2018,01,2
C00492645,2142018.0,25,2018,14,2
C00492645,2212018.0,100,2018,21,2
C00492645,2272018.0,250,2018,27,2
C00492645,2272018.0,100,2018,27,2
C00492645,2052018.0,15,2018,05,2
C00492645,2192018.0,50,2018,19,2
C00492645,2012018.0,10,2018,01,2
C00492645,2222018.0,10,2018,22,2
C00492645,2232018.0,250,2018,23,2
C00492645,2202018.0,500,2018,20,2
C00492645,2202018.0,50,2018,20,2
C00492645,2232018.0,100,2018,23,2
C00492645,2242018.0,100,2018,24,2
C00492645,2252018.0,10,2018,25,2
C00492645,2232018.0,6,2018,23,2
C00492645,2052018.0,10,2018,05,2
C00492645,2222018.0,50,2018,22,2
C00492645,2192018.0,25,2018,19,2
C00492645,2192018.0,100,2018,19,2
C00492645,2192018.0,50,2018,19,2
C00492645,2202018.0,500,2018,20,2
C00492645,2152018.0,1000,2018,15,2
C00492645,2012018.0,25,2018,01,2
C00492645,2152018.0,50,2018,15,2
C00492645,2232018.0,1000,2018,23,2
C00492645,2242018.0,100,2018,24,2
C00492645,2242018.0,500,2018,24,2
C00492645,2222018.0,50,2018,22,2
C00492645,2212018.0,10,2018,21,2
C00492645,2222018.0,10,2018,22,2
C00492645,2152018.0,500,2018,15,2
C00492645,2222018.0,400,2018,22,2
C00492645,2212018.0,100,2018,21,2
C00492645,2212018.0,25,2018,21,2
C00492645,2242018.0,10,2018,24,2
C00492645,2232018.0,10,2018,23,2
C00068353,2012018.0,75,2018,01,2
C00068353,2012018.0,75,2018,01,2
C00492645,2262018.0,25,2018,26,2
C00492645,2272018.0,20,2018,27,2
C00492645,2232018.0,10,2018,23,2
C00492645,2232018.0,50,2018,23,2
C00492645,2072018.0,1000,2018,07,2
C00492645,2022018.0,25,2018,02,2
C00492645,2252018.0,26,2018,25,2
C00492645,2282018.0,25,2018,28,2
C00492645,2222018.0,35,2018,22,2
C00492645,2222018.0,4,2018,22,2
C00492645,2212018.0,150,2018,21,2
C00492645,2142018.0,100,2018,14,2
C00492645,2232018.0,500,2018,23,2
C00492645,2282018.0,10,2018,28,2
C00492645,2282018.0,6,2018,28,2
C00492645,2022018.0,25,2018,02,2
C00492645,2272018.0,50,2018,27,2
C00492645,2152018.0,10,2018,15,2
C00492645,2252018.0,50,2018,25,2
C00492645,2262018.0,25,2018,26,2
C00492645,2212018.0,25,2018,21,2
C00492645,2232018.0,50,2018,23,2
C00492645,2222018.0,6,2018,22,2
C00492645,2132018.0,500,2018,13,2
C00492645,2022018.0,10,2018,02,2
C00492645,2242018.0,50,2018,24,2
C00492645,2232018.0,25,2018,23,2
C00492645,2052018.0,10,2018,05,2
C00492645,2222018.0,100,2018,22,2
C00492645,2282018.0,5,2018,28,2
C00492645,2192018.0,150,2018,19,2
C00492645,2242018.0,50,2018,24,2
C00492645,2202018.0,6,2018,20,2
C00492645,2092018.0,15,2018,09,2
C00492645,2212018.0,25,2018,21,2
C00492645,2032018.0,250,2018,03,2
C00492645,2142018.0,100,2018,14,2
C00492645,2222018.0,25,2018,22,2
C00492645,2282018.0,25,2018,28,2
C00492645,2202018.0,25,2018,20,2
C00492645,2212018.0,1000,2018,21,2
C00492645,2232018.0,6,2018,23,2
C00492645,2242018.0,100,2018,24,2
C00492645,2052018.0,10,2018,05,2
C00492645,2212018.0,50,2018,21,2
C00492645,2212018.0,250,2018,21,2
C00492645,2282018.0,25,2018,28,2
C00492645,2212018.0,10,2018,21,2
C00492645,2252018.0,100,2018,25,2
C00492645,2242018.0,25,2018,24,2
C00492645,2252018.0,25,2018,25,2
C00492645,2272018.0,50,2018,27,2
C00492645,2162018.0,150,2018,16,2
C00492645,2202018.0,500,2018,20,2
C00492645,2202018.0,25,2018,20,2
C00492645,2212018.0,50,2018,21,2
C00492645,2092018.0,10,2018,09,2
C00492645,2192018.0,100,2018,19,2
C00492645,2082018.0,10,2018,08,2
C00492645,2202018.0,25,2018,20,2
C00492645,2212018.0,100,2018,21,2
C00492645,2272018.0,250,2018,27,2
C00492645,2222018.0,250,2018,22,2
C00492645,2052018.0,250,2018,05,2
C00492645,2252018.0,50,2018,25,2
C00492645,2242018.0,10,2018,24,2
C00492645,2272018.0,500,2018,27,2
C00492645,2192018.0,75,2018,19,2
C00492645,2192018.0,6,2018,19,2
C00492645,2272018.0,25,2018,27,2
C00492645,2262018.0,80,2018,26,2
C00492645,2162018.0,100,2018,16,2
C00492645,2132018.0,25,2018,13,2
C00492645,2222018.0,25,2018,22,2
C00492645,2222018.0,25,2018,22,2
C00492645,2222018.0,10,2018,22,2
C00492645,2272018.0,100,2018,27,2
C00492645,2272018.0,25,2018,27,2
C00492645,2272018.0,150,2018,27,2
C00492645,2022018.0,10,2018,02,2
C00492645,2282018.0,5,2018,28,2
C00492645,2192018.0,100,2018,19,2
C00492645,2192018.0,25,2018,19,2
C00492645,2132018.0,175,2018,13,2
C00492645,2062018.0,10,2018,06,2
C00492645,2272018.0,250,2018,27,2
C00492645,2252018.0,400,2018,25,2
C00492645,2252018.0,25,2018,25,2
C00492645,2212018.0,200,2018,21,2
C00492645,2212018.0,35,2018,21,2
C00492645,2282018.0,6,2018,28,2
C00492645,2222018.0,10,2018,22,2
C00492645,2212018.0,10,2018,21,2
C00492645,2232018.0,50,2018,23,2
C00492645,2222018.0,200,2018,22,2
C00492645,2132018.0,50,2018,13,2
C00492645,2242018.0,10,2018,24,2
C00492645,2232018.0,100,2018,23,2
C00492645,2232018.0,50,2018,23,2
C00492645,2232018.0,25,2018,23,2
C00492645,2212018.0,10,2018,21,2
C00492645,2252018.0,1000,2018,25,2
C00492645,2132018.0,100,2018,13,2
C00492645,2252018.0,10,2018,25,2
C00492645,2282018.0,5,2018,28,2
C00492645,2282018.0,5,2018,28,2
C00492645,2282018.0,5,2018,28,2
C00492645,2282018.0,50,2018,28,2
C00492645,2052018.0,25,2018,05,2
C00492645,2052018.0,25,2018,05,2
C00492645,2222018.0,10,2018,22,2
C00492645,2132018.0,10,2018,13,2
C00492645,2232018.0,500,2018,23,2
C00492645,2272018.0,250,2018,27,2
C00492645,2282018.0,10,2018,28,2
C00492645,2142018.0,100,2018,14,2
C00492645,2232018.0,100,2018,23,2
C00492645,2092018.0,25,2018,09,2
C00492645,2212018.0,10,2018,21,2
C00492645,2132018.0,500,2018,13,2
C00492645,2022018.0,6,2018,02,2
C00492645,2172018.0,910,2018,17,2
C00492645,2272018.0,10,2018,27,2
C00492645,2232018.0,44,2018,23,2
C00492645,2222018.0,100,2018,22,2
C00492645,2212018.0,50,2018,21,2
C00492645,2212018.0,50,2018,21,2
C00492645,2162018.0,100,2018,16,2
C00492645,2202018.0,5,2018,20,2
C00492645,2212018.0,100,2018,21,2
C00492645,2192018.0,250,2018,19,2
C00492645,2152018.0,25,2018,15,2
C00492645,2232018.0,25,2018,23,2
C00492645,2272018.0,50,2018,27,2
C00492645,2072018.0,10,2018,07,2
C00492645,2192018.0,25,2018,19,2
C00492645,2132018.0,25,2018,13,2
C00492645,2142018.0,10,2018,14,2
C00492645,2272018.0,50,2018,27,2
C00492645,2122018.0,10,2018,12,2
C00492645,2192018.0,50,2018,19,2
C00492645,2162018.0,100,2018,16,2
C00492645,2172018.0,500,2018,17,2
C00492645,2132018.0,10,2018,13,2
C00492645,2082018.0,10,2018,08,2
C00492645,2192018.0,100,2018,19,2
C00492645,2192018.0,25,2018,19,2
C00492645,2222018.0,200,2018,22,2
C00492645,2052018.0,25,2018,05,2
C00492645,2262018.0,250,2018,26,2
C00492645,2142018.0,50,2018,14,2
C00492645,2192018.0,100,2018,19,2
C00492645,2192018.0,50,2018,19,2
C00492645,2282018.0,25,2018,28,2
C00492645,2172018.0,10,2018,17,2
C00492645,2282018.0,10,2018,28,2
C00492645,2132018.0,75,2018,13,2
C00492645,2202018.0,10,2018,20,2
C00492645,2052018.0,25,2018,05,2
C00492645,2272018.0,10,2018,27,2
C00492645,2272018.0,200,2018,27,2
C00492645,2272018.0,250,2018,27,2
C00492645,2222018.0,10,2018,22,2
C00492645,2222018.0,6,2018,22,2
C00492645,2222018.0,50,2018,22,2
C00492645,2212018.0,40,2018,21,2
C00492645,2282018.0,10,2018,28,2
C00492645,2222018.0,10,2018,22,2
C00492645,2222018.0,25,2018,22,2
C00492645,2022018.0,6,2018,02,2
C00492645,2012018.0,100,2018,01,2
C00492645,2202018.0,50,2018,20,2
C00492645,2252018.0,500,2018,25,2
C00492645,2282018.0,-150,2018,28,2
C00492645,2222018.0,25,2018,22,2
C00492645,2222018.0,500,2018,22,2
C00492645,2222018.0,500,2018,22,2
C00492645,2222018.0,25,2018,22,2
C00492645,2192018.0,500,2018,19,2
C00492645,2222018.0,100,2018,22,2
C00492645,2222018.0,5,2018,22,2
C00492645,2222018.0,250,2018,22,2
C00492645,2142018.0,250,2018,14,2
C00492645,2242018.0,50,2018,24,2
C00492645,2222018.0,500,2018,22,2
C00492645,2272018.0,200,2018,27,2
C00492645,2082018.0,6,2018,08,2
C00492645,2212018.0,10,2018,21,2
C00492645,2032018.0,2300,2018,03,2
C00492645,2212018.0,10,2018,21,2
C00492645,2142018.0,25,2018,14,2
C00492645,2272018.0,50,2018,27,2
C00492645,2112018.0,2700,2018,11,2
C00492645,2192018.0,10,2018,19,2
C00492645,2132018.0,15,2018,13,2
C00492645,2212018.0,25,2018,21,2
C00492645,2142018.0,50,2018,14,2
C00492645,2232018.0,5,2018,23,2
C00492645,2042018.0,25,2018,04,2
C00492645,2192018.0,50,2018,19,2
C00492645,2202018.0,1000,2018,20,2
C00492645,2212018.0,100,2018,21,2
C00492645,2242018.0,25,2018,24,2
C00492645,2242018.0,1100,2018,24,2
C00492645,2202018.0,10,2018,20,2
C00492645,2282018.0,10,2018,28,2
C00492645,2222018.0,100,2018,22,2
C00492645,2272018.0,10,2018,27,2
C00492645,2142018.0,26,2018,14,2
C00492645,2162018.0,10,2018,16,2
C00492645,2212018.0,10,2018,21,2
C00492645,2142018.0,100,2018,14,2
C00492645,2242018.0,100,2018,24,2
C00492645,2192018.0,500,2018,19,2
C00492645,2222018.0,500,2018,22,2
C00492645,2252018.0,6,2018,25,2
C00492645,2232018.0,50,2018,23,2
C00492645,2262018.0,25,2018,26,2
C00492645,2022018.0,2700,2018,02,2
C00492645,2192018.0,200,2018,19,2
C00492645,2272018.0,6,2018,27,2
C00492645,2252018.0,250,2018,25,2
C00492645,2192018.0,25,2018,19,2
C00492645,2112018.0,25,2018,11,2
C00492645,2012018.0,500,2018,01,2
C00492645,2252018.0,50,2018,25,2
C00492645,2242018.0,50,2018,24,2
C00492645,2282018.0,25,2018,28,2
C00492645,2222018.0,500,2018,22,2
C00492645,2022018.0,2500,2018,02,2
C00492645,2022018.0,250,2018,02,2
C00492645,2212018.0,25,2018,21,2
C00492645,2232018.0,25,2018,23,2
C00492645,2192018.0,100,2018,19,2
C00492645,2102018.0,25,2018,10,2
C00492645,2212018.0,50,2018,21,2
C00492645,2282018.0,25,2018,28,2
C00492645,2082018.0,10,2018,08,2
C00492645,2212018.0,50,2018,21,2
C00492645,2132018.0,25,2018,13,2
C00492645,2212018.0,100,2018,21,2
C00492645,2272018.0,6,2018,27,2
C00492645,2202018.0,25,2018,20,2
C00492645,2282018.0,50,2018,28,2
C00492645,2232018.0,50,2018,23,2
C00492645,2232018.0,25,2018,23,2
C00492645,2242018.0,25,2018,24,2
C00492645,2152018.0,1000,2018,15,2
C00492645,2132018.0,38,2018,13,2
C00492645,2202018.0,10,2018,20,2
C00492645,2202018.0,25,2018,20,2
C00492645,2252018.0,10,2018,25,2
C00492645,2242018.0,3,2018,24,2
C00492645,2222018.0,25,2018,22,2
C00492645,2192018.0,50,2018,19,2
C00492645,2272018.0,100,2018,27,2
C00492645,2092018.0,6,2018,09,2
C00492645,2272018.0,115,2018,27,2
C00492645,2192018.0,25,2018,19,2
C00492645,2232018.0,250,2018,23,2
C00492645,2192018.0,500,2018,19,2
C00492645,2272018.0,50,2018,27,2
C00492645,2272018.0,100,2018,27,2
C00492645,2272018.0,25,2018,27,2
C00492645,2212018.0,25,2018,21,2
C00492645,2262018.0,25,2018,26,2
C00492645,2272018.0,30,2018,27,2
C00492645,2192018.0,600,2018,19,2
C00492645,2132018.0,3,2018,13,2
C00492645,2262018.0,10,2018,26,2
C00492645,2052018.0,5,2018,05,2
C00492645,2282018.0,25,2018,28,2
C00492645,2202018.0,50,2018,20,2
C00492645,2282018.0,100,2018,28,2
C00492645,2242018.0,50,2018,24,2
C00492645,2222018.0,39,2018,22,2
C00492645,2152018.0,50,2018,15,2
C00492645,2252018.0,50,2018,25,2
C00492645,2192018.0,250,2018,19,2
C00492645,2192018.0,25,2018,19,2
C00492645,2262018.0,10,2018,26,2
C00492645,2282018.0,500,2018,28,2
C00492645,2222018.0,3300,2018,22,2
C00492645,2132018.0,25,2018,13,2
C00492645,2032018.0,100,2018,03,2
C00492645,2252018.0,3,2018,25,2
C00492645,2272018.0,50,2018,27,2
C00492645,2282018.0,50,2018,28,2
C00492645,2192018.0,100,2018,19,2
C00492645,2112018.0,5,2018,11,2
C00492645,2252018.0,20,2018,25,2
C00492645,2152018.0,100,2018,15,2
C00492645,2282018.0,25,2018,28,2
C00492645,2282018.0,250,2018,28,2
C00492645,2052018.0,25,2018,05,2
C00492645,2142018.0,25,2018,14,2
C00492645,2242018.0,25,2018,24,2
C00492645,2142018.0,25,2018,14,2
C00492645,2052018.0,5,2018,05,2
C00492645,2262018.0,100,2018,26,2
C00492645,2222018.0,12,2018,22,2
C00492645,2222018.0,5,2018,22,2
C00492645,2222018.0,50,2018,22,2
C00492645,2192018.0,200,2018,19,2
C00492645,2222018.0,25,2018,22,2
C00492645,2192018.0,100,2018,19,2
C00492645,2142018.0,10,2018,14,2
C00492645,2282018.0,25,2018,28,2
C00492645,2152018.0,50,2018,15,2
C00492645,2232018.0,25,2018,23,2
C00492645,2202018.0,700,2018,20,2
C00492645,2212018.0,50,2018,21,2
C00492645,2092018.0,25,2018,09,2
C00492645,2122018.0,10,2018,12,2
C00492645,2222018.0,250,2018,22,2
C00492645,2012018.0,100,2018,01,2
C00492645,2142018.0,25,2018,14,2
C00492645,2232018.0,100,2018,23,2
C00492645,2232018.0,25,2018,23,2
C00492645,2282018.0,-50,2018,28,2
C00492645,2212018.0,50,2018,21,2
C00492645,2222018.0,50,2018,22,2
C00492645,2272018.0,50,2018,27,2
C00492645,2212018.0,100,2018,21,2
C00492645,2062018.0,5,2018,06,2
C00492645,2282018.0,6,2018,28,2
C00492645,2142018.0,10,2018,14,2
C00492645,2252018.0,25,2018,25,2
C00492645,2242018.0,10,2018,24,2
C00492645,2222018.0,25,2018,22,2
C00492645,2272018.0,100,2018,27,2
C00492645,2192018.0,100,2018,19,2
C00492645,2272018.0,20,2018,27,2
C00492645,2102018.0,1000,2018,10,2
C00492645,2202018.0,10,2018,20,2
C00492645,2282018.0,50,2018,28,2
C00492645,2222018.0,25,2018,22,2
C00492645,2222018.0,10,2018,22,2
C00492645,2242018.0,50,2018,24,2
C00492645,2242018.0,50,2018,24,2
C00492645,2202018.0,50,2018,20,2
C00492645,2212018.0,500,2018,21,2
C00492645,2282018.0,10,2018,28,2
C00492645,2152018.0,50,2018,15,2
C00492645,2192018.0,10,2018,19,2
C00492645,2222018.0,25,2018,22,2
C00492645,2222018.0,100,2018,22,2
C00492645,2102018.0,25,2018,10,2
C00492645,2192018.0,250,2018,19,2
C00492645,2192018.0,5,2018,19,2
C00492645,2202018.0,500,2018,20,2
C00492645,2272018.0,50,2018,27,2
C00492645,2082018.0,6,2018,08,2
C00492645,2282018.0,25,2018,28,2
C00492645,2282018.0,10,2018,28,2
C00492645,2282018.0,5,2018,28,2
C00492645,2022018.0,2500,2018,02,2
C00492645,2142018.0,1000,2018,14,2
C00492645,2132018.0,25,2018,13,2
C00492645,2282018.0,25,2018,28,2
C00492645,2212018.0,25,2018,21,2
C00492645,2252018.0,10,2018,25,2
C00492645,2122018.0,2700,2018,12,2
C00492645,2222018.0,25,2018,22,2
C00492645,2012018.0,10,2018,01,2
C00492645,2132018.0,25,2018,13,2
C00492645,2232018.0,25,2018,23,2
C00492645,2272018.0,50,2018,27,2
C00492645,2242018.0,25,2018,24,2
C00492645,2142018.0,25,2018,14,2
C00492645,2242018.0,10,2018,24,2
C00492645,2062018.0,5,2018,06,2
C00492645,2202018.0,2700,2018,20,2
C00492645,2282018.0,25,2018,28,2
C00492645,2172018.0,100,2018,17,2
C00492645,2172018.0,5,2018,17,2
C00492645,2192018.0,50,2018,19,2
C00492645,2242018.0,500,2018,24,2
C00492645,2252018.0,10,2018,25,2
C00492645,2192018.0,25,2018,19,2
C00492645,2142018.0,25,2018,14,2
C00492645,2252018.0,10,2018,25,2
C00492645,2282018.0,25,2018,28,2
C00492645,2272018.0,10,2018,27,2
C00492645,2082018.0,5,2018,08,2
C00492645,2282018.0,10,2018,28,2
C00492645,2212018.0,50,2018,21,2
C00492645,2272018.0,50,2018,27,2
C00492645,2072018.0,100,2018,07,2
C00492645,2192018.0,50,2018,19,2
C00492645,2192018.0,100,2018,19,2
C00492645,2192018.0,500,2018,19,2
C00492645,2202018.0,550,2018,20,2
C00492645,2202018.0,1000,2018,20,2
C00492645,2222018.0,100,2018,22,2
C00492645,2192018.0,50,2018,19,2
C00492645,2202018.0,10,2018,20,2
C00492645,2212018.0,25,2018,21,2
C00492645,2272018.0,50,2018,27,2
C00492645,2272018.0,25,2018,27,2
C00492645,2232018.0,50,2018,23,2
C00492645,2072018.0,35,2018,07,2
C00492645,2222018.0,5,2018,22,2
C00492645,2242018.0,50,2018,24,2
C00492645,2242018.0,100,2018,24,2
C00492645,2242018.0,100,2018,24,2
C00492645,2222018.0,25,2018,22,2
C00492645,2252018.0,10,2018,25,2
C00492645,2012018.0,500,2018,01,2
C00492645,2052018.0,100,2018,05,2
C00492645,2022018.0,2700,2018,02,2
C00492645,2092018.0,25,2018,09,2
C00492645,2212018.0,100,2018,21,2
C00492645,2142018.0,20,2018,14,2
C00492645,2102018.0,100,2018,10,2
C00492645,2282018.0,25,2018,28,2
C00492645,2192018.0,50,2018,19,2
C00492645,2282018.0,15,2018,28,2
C00492645,2242018.0,100,2018,24,2
C00492645,2042018.0,25,2018,04,2
C00492645,2212018.0,25,2018,21,2
C00492645,2132018.0,10,2018,13,2
C00492645,2132018.0,50,2018,13,2
C00492645,2262018.0,25,2018,26,2
C00492645,2272018.0,3,2018,27,2
C00492645,2232018.0,100,2018,23,2
C00492645,2232018.0,250,2018,23,2
C00492645,2132018.0,25,2018,13,2
C00492645,2092018.0,25,2018,09,2
C00492645,2222018.0,2650,2018,22,2
C00492645,2022018.0,10,2018,02,2
C00492645,2082018.0,6,2018,08,2
C00492645,2212018.0,115,2018,21,2
C00492645,2212018.0,75,2018,21,2
C00492645,2282018.0,10,2018,28,2
C00492645,2232018.0,25,2018,23,2
C00492645,2062018.0,5,2018,06,2
C00492645,2222018.0,250,2018,22,2
C00492645,2192018.0,100,2018,19,2
C00492645,2192018.0,50,2018,19,2
C00492645,2222018.0,25,2018,22,2
C00492645,2232018.0,100,2018,23,2
C00492645,2222018.0,25,2018,22,2
C00492645,2212018.0,200,2018,21,2
C00492645,2202018.0,6,2018,20,2
C00492645,2232018.0,100,2018,23,2
C00492645,2222018.0,7,2018,22,2
C00492645,2222018.0,100,2018,22,2
C00492645,2132018.0,300,2018,13,2
C00492645,2212018.0,50,2018,21,2
C00492645,2282018.0,50,2018,28,2
C00492645,2202018.0,5,2018,20,2
C00492645,2202018.0,50,2018,20,2
C00492645,2162018.0,20,2018,16,2
C00492645,2172018.0,100,2018,17,2
C00492645,2202018.0,25,2018,20,2
C00492645,2252018.0,10,2018,25,2
C00492645,2232018.0,50,2018,23,2
C00492645,2042018.0,6,2018,04,2
C00492645,2202018.0,25,2018,20,2
C00492645,2172018.0,100,2018,17,2
C00492645,2222018.0,6,2018,22,2
C00492645,2152018.0,100,2018,15,2
C00492645,2282018.0,6,2018,28,2
C00492645,2222018.0,25,2018,22,2
C00492645,2222018.0,100,2018,22,2
C00492645,2032018.0,6,2018,03,2
C00492645,2222018.0,100,2018,22,2
C00492645,2282018.0,25,2018,28,2
C00492645,2142018.0,50,2018,14,2
C00492645,2192018.0,50,2018,19,2
C00492645,2242018.0,6,2018,24,2
C00492645,2282018.0,25,2018,28,2
C00492645,2132018.0,10,2018,13,2
C00492645,2142018.0,5,2018,14,2
C00492645,2252018.0,10,2018,25,2
C00492645,2272018.0,600,2018,27,2
C00492645,2212018.0,50,2018,21,2
C00492645,2192018.0,25,2018,19,2
C00492645,2202018.0,50,2018,20,2
C00492645,2082018.0,5,2018,08,2
C00492645,2222018.0,250,2018,22,2
C00492645,2152018.0,100,2018,15,2
C00492645,2222018.0,100,2018,22,2
C00492645,2202018.0,2700,2018,20,2
C00492645,2092018.0,50,2018,09,2
C00492645,2272018.0,10,2018,27,2
C00492645,2022018.0,2300,2018,02,2
C00492645,2102018.0,10,2018,10,2
C00492645,2222018.0,1400,2018,22,2
C00492645,2192018.0,5,2018,19,2
C00492645,2262018.0,10,2018,26,2
C00492645,2192018.0,25,2018,19,2
C00492645,2212018.0,108,2018,21,2
C00492645,2222018.0,100,2018,22,2
C00492645,2212018.0,100,2018,21,2
C00492645,2202018.0,25,2018,20,2
C00492645,2132018.0,10,2018,13,2
C00492645,2212018.0,100,2018,21,2
C00492645,2262018.0,100,2018,26,2
C00492645,2272018.0,54,2018,27,2
C00492645,2042018.0,50,2018,04,2
C00492645,2252018.0,25,2018,25,2
C00492645,2282018.0,25,2018,28,2
C00492645,2102018.0,35,2018,10,2
C00492645,2242018.0,50,2018,24,2
C00492645,2252018.0,100,2018,25,2
C00492645,2242018.0,20,2018,24,2
C00492645,2222018.0,100,2018,22,2
C00492645,2132018.0,10,2018,13,2
C00492645,2132018.0,25,2018,13,2
C00492645,2202018.0,25,2018,20,2
C00492645,2142018.0,10,2018,14,2
C00492645,2232018.0,25,2018,23,2
C00492645,2282018.0,1000,2018,28,2
C00492645,2202018.0,10,2018,20,2
C00492645,2132018.0,10,2018,13,2
C00492645,2192018.0,200,2018,19,2
C00492645,2162018.0,50,2018,16,2
C00492645,2242018.0,10,2018,24,2
C00492645,2112018.0,10,2018,11,2
C00492645,2212018.0,25,2018,21,2
C00492645,2152018.0,50,2018,15,2
C00492645,2052018.0,20,2018,05,2
C00492645,2272018.0,50,2018,27,2
C00492645,2272018.0,250,2018,27,2
C00492645,2282018.0,25,2018,28,2
C00492645,2212018.0,50,2018,21,2
C00492645,2222018.0,100,2018,22,2
C00492645,2212018.0,25,2018,21,2
C00492645,2142018.0,25,2018,14,2
C00492645,2132018.0,40,2018,13,2
C00492645,2132018.0,10,2018,13,2
C00492645,2172018.0,10,2018,17,2
C00492645,2142018.0,6,2018,14,2
C00492645,2232018.0,100,2018,23,2
C00492645,2012018.0,25,2018,01,2
C00492645,2152018.0,500,2018,15,2
C00492645,2252018.0,25,2018,25,2
C00492645,2082018.0,25,2018,08,2
C00492645,2242018.0,1000,2018,24,2
C00492645,2262018.0,-1000,2018,26,2
C00492645,2262018.0,1000,2018,26,2
C00492645,2202018.0,5,2018,20,2
C00492645,2262018.0,2700,2018,26,2
C00492645,2272018.0,25,2018,27,2
C00492645,2212018.0,200,2018,21,2
C00492645,2282018.0,25,2018,28,2
C00492645,2282018.0,35,2018,28,2
C00492645,2192018.0,25,2018,19,2
C00492645,2212018.0,50,2018,21,2
C00492645,2222018.0,5,2018,22,2
C00492645,2222018.0,25,2018,22,2
C00492645,2132018.0,25,2018,13,2
C00492645,2152018.0,10,2018,15,2
C00492645,2192018.0,25,2018,19,2
C00492645,2242018.0,25,2018,24,2
C00492645,2232018.0,50,2018,23,2
C00492645,2082018.0,700,2018,08,2
C00492645,2192018.0,10,2018,19,2
C00492645,2212018.0,25,2018,21,2
C00492645,2282018.0,10,2018,28,2
C00492645,2222018.0,100,2018,22,2
C00492645,2052018.0,6,2018,05,2
C00492645,2132018.0,50,2018,13,2
C00492645,2192018.0,150,2018,19,2
C00492645,2192018.0,25,2018,19,2
C00492645,2192018.0,100,2018,19,2
C00492645,2012018.0,50,2018,01,2
C00492645,2222018.0,25,2018,22,2
C00492645,2132018.0,200,2018,13,2
C00492645,2192018.0,50,2018,19,2
C00492645,2132018.0,35,2018,13,2
C00492645,2282018.0,6,2018,28,2
C00492645,2192018.0,25,2018,19,2
C00492645,2152018.0,25,2018,15,2
C00492645,2232018.0,10,2018,23,2
C00492645,2222018.0,200,2018,22,2
C00492645,2162018.0,10,2018,16,2
C00492645,2192018.0,50,2018,19,2
C00492645,2282018.0,6,2018,28,2
C00492645,2052018.0,25,2018,05,2
C00492645,2052018.0,100,2018,05,2
C00492645,2162018.0,50,2018,16,2
C00492645,2212018.0,10,2018,21,2
C00492645,2222018.0,25,2018,22,2
C00492645,2142018.0,25,2018,14,2
C00492645,2182018.0,5,2018,18,2
C00492645,2242018.0,50,2018,24,2
C00492645,2252018.0,10,2018,25,2
C00492645,2142018.0,25,2018,14,2
C00492645,2282018.0,500,2018,28,2
C00492645,2222018.0,5,2018,22,2
C00492645,2022018.0,15,2018,02,2
C00492645,2232018.0,25,2018,23,2
C00492645,2272018.0,25,2018,27,2
C00492645,2062018.0,15,2018,06,2
C00492645,2172018.0,5,2018,17,2
C00492645,2202018.0,10,2018,20,2
C00492645,2272018.0,50,2018,27,2
C00492645,2192018.0,100,2018,19,2
C00492645,2192018.0,25,2018,19,2
C00492645,2192018.0,50,2018,19,2
C00492645,2202018.0,975,2018,20,2
C00492645,2212018.0,25,2018,21,2
C00492645,2132018.0,100,2018,13,2
C00492645,2192018.0,5,2018,19,2
C00492645,2222018.0,25,2018,22,2
C00492645,2222018.0,500,2018,22,2
C00492645,2222018.0,10,2018,22,2
C00492645,2202018.0,10,2018,20,2
C00492645,2222018.0,10,2018,22,2
C00492645,2222018.0,5,2018,22,2
C00492645,2132018.0,35,2018,13,2
C00492645,2012018.0,25,2018,01,2
C00492645,2172018.0,100,2018,17,2
C00492645,2062018.0,50,2018,06,2
C00492645,2272018.0,6,2018,27,2
C00492645,2222018.0,500,2018,22,2
C00492645,2222018.0,10,2018,22,2
C00492645,2142018.0,450,2018,14,2
C00492645,2142018.0,50,2018,14,2
C00492645,2242018.0,10,2018,24,2
C00492645,2142018.0,20,2018,14,2
C00492645,2082018.0,5,2018,08,2
C00492645,2212018.0,100,2018,21,2
C00492645,2282018.0,5,2018,28,2
C00492645,2212018.0,100,2018,21,2
C00492645,2062018.0,1560,2018,06,2
C00492645,2272018.0,25,2018,27,2
C00492645,2222018.0,50,2018,22,2
C00492645,2192018.0,100,2018,19,2
C00492645,2012018.0,-9,2018,01,2
C00492645,2282018.0,10,2018,28,2
C00492645,2212018.0,50,2018,21,2
C00492645,2222018.0,10,2018,22,2
C00492645,2022018.0,2500,2018,02,2
C00492645,2222018.0,100,2018,22,2
C00492645,2222018.0,500,2018,22,2
C00492645,2282018.0,25,2018,28,2
C00492645,2112018.0,10,2018,11,2
C00492645,2222018.0,25,2018,22,2
C00492645,2212018.0,100,2018,21,2
C00492645,2282018.0,75,2018,28,2
C00492645,2182018.0,5,2018,18,2
C00492645,2192018.0,50,2018,19,2
C00492645,2192018.0,10,2018,19,2
C00492645,2212018.0,25,2018,21,2
C00492645,2222018.0,4,2018,22,2
C00492645,2222018.0,12,2018,22,2
C00492645,2132018.0,25,2018,13,2
C00492645,2052018.0,250,2018,05,2
C00492645,2242018.0,25,2018,24,2
C00492645,2212018.0,50,2018,21,2
C00492645,2282018.0,10,2018,28,2
C00492645,2222018.0,25,2018,22,2
C00492645,2272018.0,50,2018,27,2
C00492645,2222018.0,10,2018,22,2
C00492645,2282018.0,6,2018,28,2
C00492645,2212018.0,10,2018,21,2
C00492645,2142018.0,10,2018,14,2
C00492645,2242018.0,100,2018,24,2
C00492645,2042018.0,10,2018,04,2
C00492645,2142018.0,10,2018,14,2
C00492645,2212018.0,100,2018,21,2
C00492645,2212018.0,100,2018,21,2
C00492645,2192018.0,25,2018,19,2
C00492645,2192018.0,100,2018,19,2
C00492645,2202018.0,25,2018,20,2
C00492645,2282018.0,5,2018,28,2
C00492645,2222018.0,100,2018,22,2
C00492645,2222018.0,2,2018,22,2
C00492645,2192018.0,250,2018,19,2
C00492645,2152018.0,50,2018,15,2
C00492645,2262018.0,20,2018,26,2
C00492645,2202018.0,100,2018,20,2
C00492645,2012018.0,25,2018,01,2
C00492645,2112018.0,100,2018,11,2
C00492645,2022018.0,17,2018,02,2
C00492645,2172018.0,90,2018,17,2
C00492645,2122018.0,2700,2018,12,2
C00492645,2012018.0,25,2018,01,2
C00492645,2222018.0,5,2018,22,2
C00492645,2132018.0,25,2018,13,2
C00492645,2202018.0,25,2018,20,2
C00492645,2282018.0,10,2018,28,2
C00492645,2212018.0,35,2018,21,2
C00492645,2132018.0,10,2018,13,2
C00492645,2212018.0,10,2018,21,2
C00492645,2042018.0,300,2018,04,2
C00492645,2272018.0,500,2018,27,2
C00492645,2182018.0,10,2018,18,2
C00492645,2212018.0,100,2018,21,2
C00492645,2272018.0,100,2018,27,2
C00492645,2282018.0,500,2018,28,2
C00492645,2282018.0,5,2018,28,2
C00492645,2172018.0,10,2018,17,2
C00492645,2272018.0,3,2018,27,2
C00492645,2182018.0,25,2018,18,2
C00492645,2192018.0,50,2018,19,2
C00492645,2232018.0,100,2018,23,2
C00492645,2242018.0,25,2018,24,2
C00492645,2192018.0,50,2018,19,2
C00492645,2192018.0,250,2018,19,2
C00492645,2222018.0,50,2018,22,2
C00492645,2172018.0,25,2018,17,2
C00492645,2282018.0,10,2018,28,2
C00492645,2132018.0,100,2018,13,2
C00492645,2192018.0,50,2018,19,2
C00492645,2192018.0,10,2018,19,2
C00492645,2132018.0,23,2018,13,2
C00492645,2272018.0,100,2018,27,2
C00492645,2282018.0,5,2018,28,2
C00492645,2202018.0,50,2018,20,2
C00492645,2282018.0,10,2018,28,2
C00492645,2212018.0,10,2018,21,2
C00492645,2202018.0,450,2018,20,2
C00492645,2192018.0,50,2018,19,2
C00492645,2272018.0,100,2018,27,2
C00492645,2282018.0,15,2018,28,2
C00492645,2242018.0,10,2018,24,2
C00492645,2272018.0,35,2018,27,2
C00492645,2132018.0,100,2018,13,2
C00492645,2192018.0,100,2018,19,2
C00492645,2202018.0,100,2018,20,2
C00492645,2282018.0,10,2018,28,2
C00492645,2032018.0,100,2018,03,2
C00492645,2242018.0,250,2018,24,2
C00492645,2052018.0,10,2018,05,2
C00492645,2242018.0,50,2018,24,2
C00492645,2192018.0,250,2018,19,2
C00492645,2162018.0,50,2018,16,2
C00492645,2222018.0,12,2018,22,2
C00492645,2222018.0,50,2018,22,2
C00492645,2222018.0,10,2018,22,2
C00492645,2222018.0,25,2018,22,2
C00492645,2152018.0,10,2018,15,2
C00492645,2222018.0,100,2018,22,2
C00492645,2222018.0,50,2018,22,2
C00492645,2192018.0,50,2018,19,2
C00492645,2222018.0,25,2018,22,2
C00492645,2132018.0,25,2018,13,2
C00492645,2272018.0,100,2018,27,2
C00492645,2222018.0,100,2018,22,2
C00492645,2192018.0,50,2018,19,2
C00492645,2222018.0,30,2018,22,2
C00492645,2132018.0,10,2018,13,2
C00492645,2202018.0,25,2018,20,2
C00492645,2252018.0,100,2018,25,2
C00492645,2202018.0,25,2018,20,2
C00492645,2282018.0,10,2018,28,2
C00492645,2282018.0,6,2018,28,2
C00492645,2232018.0,100,2018,23,2
C00492645,2062018.0,50,2018,06,2
C00492645,2282018.0,10,2018,28,2
C00492645,2132018.0,250,2018,13,2
C00492645,2192018.0,25,2018,19,2
C00492645,2252018.0,10,2018,25,2
C00492645,2052018.0,10,2018,05,2
C00492645,2022018.0,6,2018,02,2
C00492645,2192018.0,25,2018,19,2
C00492645,2232018.0,10,2018,23,2
C00492645,2242018.0,25,2018,24,2
C00492645,2182018.0,500,2018,18,2
C00492645,2092018.0,5,2018,09,2
C00492645,2282018.0,-250,2018,28,2
C00492645,2082018.0,25,2018,08,2
C00492645,2192018.0,25,2018,19,2
C00492645,2272018.0,25,2018,27,2
C00492645,2192018.0,5,2018,19,2
C00492645,2142018.0,25,2018,14,2
C00492645,2222018.0,100,2018,22,2
C00492645,2222018.0,100,2018,22,2
C00492645,2152018.0,100,2018,15,2
C00492645,2252018.0,10,2018,25,2
C00492645,2232018.0,50,2018,23,2
C00492645,2142018.0,25,2018,14,2
C00492645,2172018.0,25,2018,17,2
C00492645,2272018.0,250,2018,27,2
C00492645,2222018.0,25,2018,22,2
C00492645,2252018.0,50,2018,25,2
C00492645,2052018.0,25,2018,05,2
C00492645,2282018.0,20,2018,28,2
C00492645,2282018.0,250,2018,28,2
C00492645,2222018.0,25,2018,22,2
C00492645,2252018.0,25,2018,25,2
C00492645,2242018.0,25,2018,24,2
C00492645,2222018.0,25,2018,22,2
C00492645,2212018.0,10,2018,21,2
C00492645,2202018.0,25,2018,20,2
C00492645,2272018.0,100,2018,27,2
C00492645,2012018.0,50,2018,01,2
C00492645,2152018.0,250,2018,15,2
C00492645,2272018.0,50,2018,27,2
C00492645,2262018.0,10,2018,26,2
C00492645,2212018.0,35,2018,21,2
C00492645,2282018.0,10,2018,28,2
C00492645,2252018.0,35,2018,25,2
C00492645,2282018.0,10,2018,28,2
C00492645,2202018.0,25,2018,20,2
C00492645,2282018.0,6,2018,28,2
C00492645,2092018.0,250,2018,09,2
C00492645,2162018.0,5,2018,16,2
C00492645,2072018.0,10,2018,07,2
C00492645,2282018.0,5,2018,28,2
C00492645,2222018.0,500,2018,22,2
C00492645,2222018.0,20,2018,22,2
C00492645,2152018.0,100,2018,15,2
C00492645,2242018.0,50,2018,24,2
C00492645,2192018.0,25,2018,19,2
C00492645,2222018.0,500,2018,22,2
C00492645,2282018.0,10,2018,28,2
C00492645,2152018.0,25,2018,15,2
C00492645,2242018.0,25,2018,24,2
C00492645,2212018.0,50,2018,21,2
C00492645,2212018.0,100,2018,21,2
C00492645,2202018.0,25,2018,20,2
C00492645,2282018.0,100,2018,28,2
C00492645,2262018.0,10,2018,26,2
C00492645,2172018.0,50,2018,17,2
C00492645,2282018.0,25,2018,28,2
C00492645,2282018.0,25,2018,28,2
C00492645,2202018.0,6,2018,20,2
C00492645,2152018.0,5,2018,15,2
C00492645,2192018.0,250,2018,19,2
C00492645,2022018.0,25,2018,02,2
C00492645,2192018.0,1000,2018,19,2
C00492645,2052018.0,50,2018,05,2
C00492645,2272018.0,100,2018,27,2
C00492645,2272018.0,25,2018,27,2
C00492645,2212018.0,60,2018,21,2
C00492645,2232018.0,100,2018,23,2
C00492645,2222018.0,100,2018,22,2
C00492645,2272018.0,10,2018,27,2
C00492645,2022018.0,2500,2018,02,2
C00492645,2222018.0,5,2018,22,2
C00492645,2052018.0,50,2018,05,2
C00492645,2222018.0,100,2018,22,2
C00492645,2052018.0,50,2018,05,2
C00492645,2192018.0,3,2018,19,2
C00492645,2152018.0,10,2018,15,2
C00492645,2252018.0,10,2018,25,2
C00492645,2052018.0,50,2018,05,2
C00492645,2212018.0,25,2018,21,2
C00492645,2282018.0,25,2018,28,2
C00492645,2122018.0,1000,2018,12,2
C00492645,2012018.0,10,2018,01,2
C00492645,2242018.0,5,2018,24,2
C00492645,2212018.0,25,2018,21,2
C00492645,2222018.0,1000,2018,22,2
C00492645,2222018.0,25,2018,22,2
C00492645,2132018.0,50,2018,13,2
C00492645,2222018.0,25,2018,22,2
C00492645,2042018.0,200,2018,04,2
C00492645,2232018.0,100,2018,23,2
C00492645,2192018.0,100,2018,19,2
C00492645,2162018.0,500,2018,16,2
C00492645,2192018.0,25,2018,19,2
C00492645,2062018.0,5,2018,06,2
C00492645,2182018.0,500,2018,18,2
C00492645,2192018.0,25,2018,19,2
C00492645,2212018.0,50,2018,21,2
C00492645,2282018.0,100,2018,28,2
C00492645,2232018.0,25,2018,23,2
C00492645,2242018.0,25,2018,24,2
C00492645,2192018.0,10,2018,19,2
C00492645,2282018.0,250,2018,28,2
C00492645,2272018.0,500,2018,27,2
C00492645,2242018.0,6,2018,24,2
C00492645,2192018.0,100,2018,19,2
C00492645,2172018.0,50,2018,17,2
C00492645,2172018.0,6,2018,17,2
C00492645,2282018.0,6,2018,28,2
C00492645,2252018.0,10,2018,25,2
C00492645,2272018.0,50,2018,27,2
C00492645,2192018.0,10,2018,19,2
C00492645,2212018.0,5,2018,21,2
C00492645,2142018.0,100,2018,14,2
C00492645,2222018.0,100,2018,22,2
C00492645,2132018.0,10,2018,13,2
C00492645,2012018.0,25,2018,01,2
C00492645,2202018.0,25,2018,20,2
C00492645,2282018.0,6,2018,28,2
C00492645,2132018.0,100,2018,13,2
C00492645,2192018.0,100,2018,19,2
C00492645,2022018.0,5,2018,02,2
C00492645,2142018.0,60,2018,14,2
C00492645,2272018.0,5,2018,27,2
C00492645,2192018.0,50,2018,19,2
C00492645,2282018.0,10,2018,28,2
C00492645,2192018.0,100,2018,19,2
C00492645,2202018.0,5,2018,20,2
C00492645,2202018.0,500,2018,20,2
C00492645,2202018.0,100,2018,20,2
C00492645,2282018.0,35,2018,28,2
C00492645,2072018.0,125,2018,07,2
C00492645,2232018.0,6,2018,23,2
C00492645,2052018.0,25,2018,05,2
C00492645,2222018.0,25,2018,22,2
C00492645,2222018.0,50,2018,22,2
C00492645,2232018.0,10,2018,23,2
C00492645,2222018.0,250,2018,22,2
C00492645,2012018.0,100,2018,01,2
C00492645,2272018.0,35,2018,27,2
C00492645,2122018.0,4,2018,12,2
C00492645,2272018.0,25,2018,27,2
C00492645,2152018.0,50,2018,15,2
C00492645,2022018.0,2300,2018,02,2
C00492645,2222018.0,100,2018,22,2
C00492645,2212018.0,25,2018,21,2
C00492645,2122018.0,50,2018,12,2
C00492645,2272018.0,500,2018,27,2
C00492645,2102018.0,10,2018,10,2
C00492645,2192018.0,25,2018,19,2
C00492645,2192018.0,10,2018,19,2
C00492645,2052018.0,10,2018,05,2
C00492645,2252018.0,25,2018,25,2
C00492645,2012018.0,50,2018,01,2
C00492645,2202018.0,3,2018,20,2
C00492645,2282018.0,25,2018,28,2
C00492645,2192018.0,20,2018,19,2
C00492645,2192018.0,100,2018,19,2
C00492645,2072018.0,500,2018,07,2
C00492645,2272018.0,100,2018,27,2
C00492645,2272018.0,300,2018,27,2
C00492645,2272018.0,10,2018,27,2
C00492645,2192018.0,35,2018,19,2
C00492645,2162018.0,100,2018,16,2
C00492645,2132018.0,250,2018,13,2
C00492645,2132018.0,10,2018,13,2
C00492645,2052018.0,25,2018,05,2
C00492645,2192018.0,100,2018,19,2
C00492645,2212018.0,50,2018,21,2
C00492645,2232018.0,100,2018,23,2
C00492645,2222018.0,10,2018,22,2
C00492645,2132018.0,10,2018,13,2
C00492645,2152018.0,25,2018,15,2
C00492645,2192018.0,25,2018,19,2
C00492645,2212018.0,10,2018,21,2
C00492645,2222018.0,50,2018,22,2
C00492645,2052018.0,50,2018,05,2
C00492645,2272018.0,10,2018,27,2
C00492645,2122018.0,154,2018,12,2
C00492645,2222018.0,10,2018,22,2
C00492645,2222018.0,1700,2018,22,2
C00492645,2212018.0,100,2018,21,2
C00492645,2112018.0,2700,2018,11,2
C00492645,2212018.0,10,2018,21,2
C00492645,2092018.0,2700,2018,09,2
C00492645,2262018.0,20,2018,26,2
C00492645,2202018.0,50,2018,20,2
C00492645,2222018.0,25,2018,22,2
C00492645,2232018.0,100,2018,23,2
C00492645,2172018.0,10,2018,17,2
C00492645,2212018.0,200,2018,21,2
C00492645,2052018.0,10,2018,05,2
C00492645,2122018.0,6,2018,12,2
C00492645,2122018.0,10,2018,12,2
C00492645,2222018.0,25,2018,22,2
C00492645,2222018.0,25,2018,22,2
C00492645,2072018.0,25,2018,07,2
C00492645,2192018.0,25,2018,19,2
C00492645,2232018.0,50,2018,23,2
C00492645,2252018.0,10,2018,25,2
C00492645,2192018.0,200,2018,19,2
C00492645,2192018.0,25,2018,19,2
C00492645,2282018.0,25,2018,28,2
C00492645,2212018.0,10,2018,21,2
C00492645,2222018.0,10,2018,22,2
C00492645,2272018.0,250,2018,27,2
C00492645,2192018.0,200,2018,19,2
C00492645,2192018.0,100,2018,19,2
C00492645,2192018.0,50,2018,19,2
C00492645,2252018.0,50,2018,25,2
C00492645,2242018.0,25,2018,24,2
C00492645,2252018.0,10,2018,25,2
C00492645,2252018.0,500,2018,25,2
C00492645,2192018.0,100,2018,19,2
C00492645,2202018.0,50,2018,20,2
C00492645,2052018.0,-100,2018,05,2
C00492645,2242018.0,25,2018,24,2
C00492645,2232018.0,250,2018,23,2
C00492645,2212018.0,50,2018,21,2
C00492645,2282018.0,100,2018,28,2
C00492645,2022018.0,2500,2018,02,2
C00492645,2092018.0,1000,2018,09,2
C00492645,2212018.0,10,2018,21,2
C00492645,2192018.0,100,2018,19,2
C00492645,2192018.0,500,2018,19,2
C00492645,2192018.0,10,2018,19,2
C00492645,2222018.0,100,2018,22,2
C00492645,2222018.0,25,2018,22,2
C00492645,2032018.0,1,2018,03,2
C00492645,2212018.0,1000,2018,21,2
C00492645,2212018.0,20,2018,21,2
C00492645,2242018.0,100,2018,24,2
C00492645,2192018.0,200,2018,19,2
C00492645,2102018.0,10,2018,10,2
C00492645,2212018.0,25,2018,21,2
C00492645,2282018.0,10,2018,28,2
C00492645,2222018.0,100,2018,22,2
C00492645,2272018.0,50,2018,27,2
C00492645,2262018.0,10,2018,26,2
C00492645,2172018.0,25,2018,17,2
C00492645,2192018.0,50,2018,19,2
C00492645,2232018.0,100,2018,23,2
C00492645,2272018.0,50,2018,27,2
C00492645,2222018.0,10,2018,22,2
C00492645,2252018.0,200,2018,25,2
C00492645,2222018.0,50,2018,22,2
C00492645,2162018.0,250,2018,16,2
C00492645,2222018.0,10,2018,22,2
C00492645,2132018.0,100,2018,13,2
C00492645,2262018.0,25,2018,26,2
C00492645,2132018.0,250,2018,13,2
C00492645,2082018.0,100,2018,08,2
C00492645,2202018.0,500,2018,20,2
C00492645,2192018.0,50,2018,19,2
C00492645,2282018.0,50,2018,28,2
C00492645,2162018.0,50,2018,16,2
C00492645,2192018.0,100,2018,19,2
C00492645,2132018.0,25,2018,13,2
C00492645,2192018.0,25,2018,19,2
C00492645,2092018.0,15,2018,09,2
C00492645,2212018.0,25,2018,21,2
C00492645,2012018.0,50,2018,01,2
C00492645,2242018.0,25,2018,24,2
C00492645,2152018.0,500,2018,15,2
C00492645,2022018.0,2500,2018,02,2
C00492645,2222018.0,1000,2018,22,2
C00492645,2272018.0,20,2018,27,2
C00492645,2052018.0,10,2018,05,2
C00492645,2272018.0,25,2018,27,2
C00492645,2062018.0,440,2018,06,2
C00492645,2072018.0,25,2018,07,2
C00492645,2272018.0,2500,2018,27,2
C00492645,2192018.0,10,2018,19,2
C00492645,2252018.0,25,2018,25,2
C00492645,2252018.0,25,2018,25,2
C00492645,2232018.0,100,2018,23,2
C00492645,2062018.0,25,2018,06,2
C00492645,2082018.0,25,2018,08,2
C00492645,2282018.0,20,2018,28,2
C00492645,2222018.0,250,2018,22,2
C00492645,2222018.0,25,2018,22,2
C00492645,2272018.0,150,2018,27,2
C00492645,2262018.0,50,2018,26,2
C00492645,2272018.0,10,2018,27,2
C00492645,2222018.0,10,2018,22,2
C00492645,2222018.0,10,2018,22,2
C00492645,2262018.0,10,2018,26,2
C00492645,2132018.0,50,2018,13,2
C00492645,2022018.0,10,2018,02,2
C00492645,2132018.0,250,2018,13,2
C00492645,2232018.0,50,2018,23,2
C00492645,2282018.0,1000,2018,28,2
C00492645,2192018.0,200,2018,19,2
C00492645,2052018.0,25,2018,05,2
C00492645,2272018.0,250,2018,27,2
C00492645,2202018.0,6,2018,20,2
C00492645,2212018.0,50,2018,21,2
C00492645,2282018.0,25,2018,28,2
C00492645,2212018.0,5,2018,21,2
C00492645,2252018.0,2,2018,25,2
C00492645,2042018.0,30,2018,04,2
C00492645,2262018.0,2700,2018,26,2
C00492645,2222018.0,25,2018,22,2
C00492645,2192018.0,35,2018,19,2
C00492645,2172018.0,25,2018,17,2
C00492645,2222018.0,10,2018,22,2
C00492645,2152018.0,2000,2018,15,2
C00492645,2062018.0,1000,2018,06,2
C00492645,2282018.0,100,2018,28,2
C00492645,2242018.0,100,2018,24,2
C00492645,2222018.0,500,2018,22,2
C00492645,2132018.0,20,2018,13,2
C00492645,2162018.0,5,2018,16,2
C00492645,2232018.0,50,2018,23,2
C00492645,2192018.0,50,2018,19,2
C00492645,2182018.0,1000,2018,18,2
C00492645,2212018.0,150,2018,21,2
C00492645,2192018.0,50,2018,19,2
C00492645,2192018.0,250,2018,19,2
C00492645,2252018.0,100,2018,25,2
C00492645,2032018.0,5,2018,03,2
C00492645,2232018.0,10,2018,23,2
C00492645,2252018.0,10,2018,25,2
C00492645,2242018.0,50,2018,24,2
C00492645,2222018.0,100,2018,22,2
C00492645,2282018.0,10,2018,28,2
C00492645,2022018.0,2500,2018,02,2
C00492645,2272018.0,100,2018,27,2
C00492645,2232018.0,12,2018,23,2
C00492645,2282018.0,5,2018,28,2
C00492645,2232018.0,25,2018,23,2
C00492645,2012018.0,10,2018,01,2
C00492645,2022018.0,2500,2018,02,2
C00492645,2092018.0,2700,2018,09,2
C00492645,2192018.0,35,2018,19,2
C00492645,2242018.0,25,2018,24,2
C00492645,2252018.0,100,2018,25,2
C00492645,2172018.0,25,2018,17,2
C00492645,2192018.0,250,2018,19,2
C00492645,2222018.0,25,2018,22,2
C00492645,2232018.0,10,2018,23,2
C00492645,2142018.0,50,2018,14,2
C00492645,2142018.0,100,2018,14,2
C00492645,2272018.0,10,2018,27,2
C00492645,2252018.0,10,2018,25,2
C00492645,2222018.0,25,2018,22,2
C00492645,2132018.0,3,2018,13,2
C00492645,2242018.0,100,2018,24,2
C00492645,2052018.0,50,2018,05,2
C00492645,2162018.0,10,2018,16,2
C00492645,2172018.0,10,2018,17,2
C00492645,2252018.0,25,2018,25,2
C00492645,2192018.0,10,2018,19,2
C00492645,2192018.0,1000,2018,19,2
C00492645,2222018.0,20,2018,22,2
C00492645,2132018.0,25,2018,13,2
C00492645,2022018.0,4,2018,02,2
C00492645,2192018.0,25,2018,19,2
C00492645,2222018.0,200,2018,22,2
C00492645,2012018.0,100,2018,01,2
C00492645,2142018.0,25,2018,14,2
C00492645,2192018.0,10,2018,19,2
C00492645,2052018.0,10,2018,05,2
C00492645,2272018.0,100,2018,27,2
C00492645,2192018.0,50,2018,19,2
C00492645,2212018.0,50,2018,21,2
C00492645,2282018.0,100,2018,28,2
C00492645,2282018.0,5,2018,28,2
C00492645,2282018.0,5,2018,28,2
C00492645,2282018.0,6,2018,28,2
C00492645,2222018.0,25,2018,22,2
C00492645,2242018.0,20,2018,24,2
C00492645,2252018.0,10,2018,25,2
C00492645,2132018.0,25,2018,13,2
C00492645,2212018.0,250,2018,21,2
C00492645,2212018.0,200,2018,21,2
C00492645,2022018.0,25,2018,02,2
C00492645,2052018.0,50,2018,05,2
C00492645,2052018.0,10,2018,05,2
C00492645,2192018.0,300,2018,19,2
C00492645,2212018.0,10,2018,21,2
C00492645,2012018.0,5,2018,01,2
C00492645,2232018.0,3,2018,23,2
C00492645,2192018.0,1000,2018,19,2
C00492645,2222018.0,100,2018,22,2
C00492645,2052018.0,10,2018,05,2
C00492645,2252018.0,2,2018,25,2
C00492645,2242018.0,250,2018,24,2
C00492645,2052018.0,25,2018,05,2
C00492645,2132018.0,25,2018,13,2
C00492645,2172018.0,10,2018,17,2
C00492645,2142018.0,20,2018,14,2
C00492645,2122018.0,10,2018,12,2
C00492645,2012018.0,250,2018,01,2
C00492645,2272018.0,50,2018,27,2
C00492645,2272018.0,225,2018,27,2
C00492645,2152018.0,50,2018,15,2
C00492645,2242018.0,10,2018,24,2
C00492645,2252018.0,25,2018,25,2
C00492645,2272018.0,25,2018,27,2
C00492645,2282018.0,-200,2018,28,2
C00492645,2242018.0,100,2018,24,2
C00492645,2242018.0,50,2018,24,2
C00492645,2252018.0,25,2018,25,2
C00492645,2232018.0,25,2018,23,2
C00492645,2192018.0,5,2018,19,2
C00492645,2202018.0,25,2018,20,2
C00492645,2242018.0,100,2018,24,2
C00492645,2222018.0,100,2018,22,2
C00492645,2232018.0,25,2018,23,2
C00492645,2182018.0,500,2018,18,2
C00492645,2192018.0,100,2018,19,2
C00492645,2152018.0,25,2018,15,2
C00492645,2142018.0,25,2018,14,2
C00492645,2232018.0,25,2018,23,2
C00492645,2242018.0,100,2018,24,2
C00492645,2242018.0,25,2018,24,2
C00492645,2202018.0,5,2018,20,2
C00492645,2022018.0,50,2018,02,2
C00492645,2222018.0,25,2018,22,2
C00492645,2022018.0,25,2018,02,2
C00492645,2252018.0,100,2018,25,2
C00492645,2242018.0,100,2018,24,2
C00492645,2232018.0,30,2018,23,2
C00492645,2232018.0,25,2018,23,2
C00492645,2282018.0,6,2018,28,2
C00492645,2272018.0,6,2018,27,2
C00492645,2272018.0,50,2018,27,2
C00492645,2202018.0,25,2018,20,2
C00492645,2282018.0,6,2018,28,2
C00492645,2132018.0,100,2018,13,2
C00492645,2252018.0,10,2018,25,2
C00492645,2272018.0,10,2018,27,2
C00492645,2192018.0,10,2018,19,2
C00492645,2242018.0,100,2018,24,2
C00492645,2212018.0,10,2018,21,2
C00492645,2202018.0,25,2018,20,2
C00492645,2212018.0,50,2018,21,2
C00492645,2212018.0,70,2018,21,2
C00492645,2282018.0,25,2018,28,2
C00492645,2242018.0,50,2018,24,2
C00492645,2132018.0,10,2018,13,2
C00492645,2272018.0,25,2018,27,2
C00492645,2212018.0,25,2018,21,2
C00492645,2222018.0,50,2018,22,2
C00492645,2192018.0,100,2018,19,2
C00492645,2152018.0,100,2018,15,2
C00492645,2222018.0,25,2018,22,2
C00492645,2282018.0,5,2018,28,2
C00492645,2062018.0,10,2018,06,2
C00492645,2272018.0,50,2018,27,2
C00492645,2192018.0,50,2018,19,2
C00492645,2192018.0,1300,2018,19,2
C00492645,2162018.0,10,2018,16,2
C00492645,2282018.0,25,2018,28,2
C00492645,2282018.0,10,2018,28,2
C00492645,2262018.0,500,2018,26,2
C00492645,2212018.0,50,2018,21,2
C00492645,2212018.0,25,2018,21,2
C00492645,2222018.0,190,2018,22,2
C00492645,2212018.0,100,2018,21,2
C00492645,2222018.0,500,2018,22,2
C00492645,2142018.0,100,2018,14,2
C00492645,2222018.0,250,2018,22,2
C00492645,2232018.0,25,2018,23,2
C00492645,2212018.0,250,2018,21,2
C00492645,2122018.0,50,2018,12,2
C00492645,2132018.0,25,2018,13,2
C00492645,2112018.0,10,2018,11,2
C00492645,2242018.0,5,2018,24,2
C00492645,2192018.0,50,2018,19,2
C00492645,2192018.0,25,2018,19,2
C00492645,2282018.0,10,2018,28,2
C00492645,2022018.0,2500,2018,02,2
C00492645,2212018.0,100,2018,21,2
C00492645,2132018.0,100,2018,13,2
C00492645,2252018.0,25,2018,25,2
C00492645,2282018.0,5,2018,28,2
C00492645,2132018.0,50,2018,13,2
C00492645,2222018.0,50,2018,22,2
C00492645,2192018.0,10,2018,19,2
C00492645,2282018.0,100,2018,28,2
C00492645,2212018.0,4,2018,21,2
C00492645,2132018.0,50,2018,13,2
C00492645,2152018.0,10,2018,15,2
C00492645,2192018.0,10,2018,19,2
C00492645,2282018.0,5,2018,28,2
C00492645,2132018.0,6,2018,13,2
C00492645,2022018.0,25,2018,02,2
C00492645,2242018.0,50,2018,24,2
C00492645,2262018.0,10,2018,26,2
C00492645,2052018.0,10,2018,05,2
C00492645,2242018.0,500,2018,24,2
C00492645,2252018.0,100,2018,25,2
C00492645,2282018.0,10,2018,28,2
C00492645,2212018.0,50,2018,21,2
C00492645,2212018.0,10,2018,21,2
C00492645,2252018.0,10,2018,25,2
C00492645,2242018.0,100,2018,24,2
C00492645,2132018.0,25,2018,13,2
C00492645,2222018.0,250,2018,22,2
C00492645,2222018.0,50,2018,22,2
C00492645,2272018.0,5,2018,27,2
C00492645,2212018.0,15,2018,21,2
C00492645,2282018.0,10,2018,28,2
C00492645,2282018.0,25,2018,28,2
C00492645,2192018.0,25,2018,19,2
C00492645,2052018.0,10,2018,05,2
C00492645,2052018.0,20,2018,05,2
C00492645,2212018.0,100,2018,21,2
C00492645,2282018.0,2700,2018,28,2
C00492645,2272018.0,25,2018,27,2
C00492645,2132018.0,35,2018,13,2
C00492645,2132018.0,50,2018,13,2
C00492645,2192018.0,200,2018,19,2
C00492645,2232018.0,6,2018,23,2
C00492645,2052018.0,25,2018,05,2
C00492645,2192018.0,10,2018,19,2
C00492645,2192018.0,500,2018,19,2
C00492645,2192018.0,100,2018,19,2
C00492645,2282018.0,10,2018,28,2
C00492645,2022018.0,5,2018,02,2
C00492645,2142018.0,100,2018,14,2
C00492645,2272018.0,200,2018,27,2
C00492645,2282018.0,10,2018,28,2
C00492645,2252018.0,3,2018,25,2
C00492645,2272018.0,50,2018,27,2
C00492645,2212018.0,10,2018,21,2
C00492645,2102018.0,50,2018,10,2
C00492645,2252018.0,50,2018,25,2
C00492645,2142018.0,100,2018,14,2
C00492645,2252018.0,10,2018,25,2
C00492645,2092018.0,-300,2018,09,2
C00492645,2272018.0,100,2018,27,2
C00492645,2172018.0,25,2018,17,2
C00492645,2192018.0,100,2018,19,2
C00492645,2132018.0,100,2018,13,2
C00492645,2252018.0,5,2018,25,2
C00492645,2032018.0,15,2018,03,2
C00492645,2132018.0,50,2018,13,2
C00492645,2222018.0,25,2018,22,2
C00492645,2202018.0,50,2018,20,2
C00492645,2072018.0,500,2018,07,2
C00492645,2132018.0,100,2018,13,2
C00492645,2132018.0,50,2018,13,2
C00492645,2252018.0,100,2018,25,2
C00492645,2272018.0,25,2018,27,2
C00492645,2222018.0,100,2018,22,2
C00492645,2142018.0,450,2018,14,2
C00492645,2222018.0,250,2018,22,2
C00492645,2212018.0,25,2018,21,2
C00492645,2082018.0,300,2018,08,2
C00492645,2132018.0,25,2018,13,2
C00492645,2192018.0,100,2018,19,2
C00492645,2192018.0,100,2018,19,2
C00492645,2272018.0,50,2018,27,2
C00492645,2282018.0,5,2018,28,2
C00492645,2012018.0,25,2018,01,2
C00492645,2062018.0,25,2018,06,2
C00492645,2272018.0,100,2018,27,2
C00492645,2192018.0,75,2018,19,2
C00492645,2242018.0,25,2018,24,2
C00492645,2282018.0,-100,2018,28,2
C00492645,2192018.0,6,2018,19,2
C00492645,2232018.0,100,2018,23,2
C00492645,2262018.0,2000,2018,26,2
C00492645,2172018.0,15,2018,17,2
C00492645,2192018.0,100,2018,19,2
C00492645,2252018.0,100,2018,25,2
C00492645,2192018.0,100,2018,19,2
C00492645,2202018.0,50,2018,20,2
C00492645,2282018.0,115,2018,28,2
C00492645,2202018.0,1,2018,20,2
C00492645,2102018.0,100,2018,10,2
C00492645,2132018.0,25,2018,13,2
C00492645,2212018.0,10,2018,21,2
C00492645,2222018.0,50,2018,22,2
C00492645,2142018.0,50,2018,14,2
C00492645,2242018.0,25,2018,24,2
C00492645,2202018.0,2700,2018,20,2
C00492645,2182018.0,2400,2018,18,2
C00492645,2142018.0,50,2018,14,2
C00492645,2142018.0,10,2018,14,2
C00492645,2072018.0,10,2018,07,2
C00492645,2192018.0,50,2018,19,2
C00492645,2022018.0,1000,2018,02,2
C00492645,2252018.0,100,2018,25,2
C00492645,2042018.0,10,2018,04,2
C00492645,2152018.0,50,2018,15,2
C00492645,2222018.0,100,2018,22,2
C00492645,2192018.0,100,2018,19,2
C00492645,2222018.0,50,2018,22,2
C00492645,2202018.0,25,2018,20,2
C00492645,2192018.0,5,2018,19,2
C00492645,2192018.0,10,2018,19,2
C00492645,2152018.0,6,2018,15,2
C00492645,2192018.0,100,2018,19,2
C00492645,2282018.0,25,2018,28,2
C00492645,2282018.0,50,2018,28,2
C00492645,2082018.0,6,2018,08,2
C00492645,2012018.0,25,2018,01,2
C00492645,2242018.0,100,2018,24,2
C00492645,2242018.0,3,2018,24,2
C00492645,2192018.0,250,2018,19,2
C00492645,2132018.0,100,2018,13,2
C00492645,2202018.0,25,2018,20,2
C00492645,2212018.0,100,2018,21,2
C00492645,2212018.0,100,2018,21,2
C00492645,2022018.0,2500,2018,02,2
C00492645,2102018.0,35,2018,10,2
C00492645,2222018.0,25,2018,22,2
C00492645,2192018.0,200,2018,19,2
C00492645,2222018.0,100,2018,22,2
C00492645,2212018.0,2,2018,21,2
C00492645,2222018.0,50,2018,22,2
C00492645,2132018.0,25,2018,13,2
C00492645,2152018.0,50,2018,15,2
C00492645,2252018.0,25,2018,25,2
C00492645,2232018.0,100,2018,23,2
C00492645,2212018.0,25,2018,21,2
C00492645,2022018.0,25,2018,02,2
C00492645,2142018.0,6,2018,14,2
C00492645,2252018.0,10,2018,25,2
C00492645,2252018.0,25,2018,25,2
C00492645,2022018.0,2500,2018,02,2
C00492645,2132018.0,1000,2018,13,2
C00492645,2212018.0,500,2018,21,2
C00492645,2142018.0,10,2018,14,2
C00492645,2202018.0,6,2018,20,2
C00492645,2132018.0,50,2018,13,2
C00492645,2192018.0,50,2018,19,2
C00492645,2282018.0,10,2018,28,2
C00492645,2262018.0,10,2018,26,2
C00492645,2192018.0,25,2018,19,2
C00492645,2192018.0,50,2018,19,2
C00492645,2132018.0,500,2018,13,2
C00492645,2222018.0,50,2018,22,2
C00492645,2142018.0,25,2018,14,2
C00492645,2252018.0,25,2018,25,2
C00492645,2272018.0,25,2018,27,2
C00492645,2212018.0,100,2018,21,2
C00492645,2082018.0,100,2018,08,2
C00492645,2142018.0,50,2018,14,2
C00492645,2162018.0,50,2018,16,2
C00492645,2282018.0,25,2018,28,2
C00492645,2132018.0,7,2018,13,2
C00492645,2082018.0,10,2018,08,2
C00492645,2192018.0,25,2018,19,2
C00492645,2192018.0,25,2018,19,2
C00492645,2222018.0,6,2018,22,2
C00492645,2152018.0,25,2018,15,2
C00492645,2272018.0,200,2018,27,2
C00492645,2052018.0,50,2018,05,2
C00492645,2172018.0,250,2018,17,2
C00492645,2202018.0,100,2018,20,2
C00492645,2202018.0,2700,2018,20,2
C00492645,2212018.0,100,2018,21,2
C00492645,2112018.0,500,2018,11,2
C00492645,2022018.0,0,2018,02,2
C00492645,2072018.0,1000,2018,07,2
C00492645,2022018.0,6,2018,02,2
C00492645,2232018.0,250,2018,23,2
C00492645,2242018.0,25,2018,24,2
C00492645,2222018.0,10,2018,22,2
C00492645,2132018.0,25,2018,13,2
C00492645,2222018.0,250,2018,22,2
C00492645,2272018.0,25,2018,27,2
C00492645,2092018.0,250,2018,09,2
C00492645,2182018.0,25,2018,18,2
C00492645,2202018.0,5,2018,20,2
C00492645,2192018.0,100,2018,19,2
C00492645,2202018.0,100,2018,20,2
C00492645,2212018.0,150,2018,21,2
C00492645,2222018.0,50,2018,22,2
C00492645,2132018.0,50,2018,13,2
C00492645,2072018.0,1000,2018,07,2
C00492645,2012018.0,10,2018,01,2
C00492645,2132018.0,500,2018,13,2
C00492645,2222018.0,100,2018,22,2
C00492645,2222018.0,1000,2018,22,2
C00492645,2192018.0,25,2018,19,2
C00492645,2232018.0,50,2018,23,2
C00492645,2282018.0,25,2018,28,2
C00492645,2202018.0,100,2018,20,2
C00492645,2152018.0,10,2018,15,2
C00492645,2252018.0,20,2018,25,2
C00492645,2202018.0,25,2018,20,2
C00492645,2282018.0,6,2018,28,2
C00492645,2112018.0,100,2018,11,2
C00492645,2222018.0,10,2018,22,2
C00492645,2212018.0,35,2018,21,2
C00492645,2212018.0,10,2018,21,2
C00492645,2122018.0,10,2018,12,2
C00492645,2222018.0,50,2018,22,2
C00492645,2242018.0,25,2018,24,2
C00492645,2242018.0,10,2018,24,2
C00492645,2192018.0,25,2018,19,2
C00492645,2222018.0,100,2018,22,2
C00492645,2192018.0,500,2018,19,2
C00492645,2192018.0,25,2018,19,2
C00492645,2202018.0,100,2018,20,2
C00492645,2122018.0,10,2018,12,2
C00492645,2232018.0,2700,2018,23,2
C00492645,2082018.0,25,2018,08,2
C00492645,2192018.0,700,2018,19,2
C00492645,2192018.0,10,2018,19,2
C00492645,2052018.0,50,2018,05,2
C00492645,2272018.0,1000,2018,27,2
C00492645,2282018.0,100,2018,28,2
C00492645,2222018.0,25,2018,22,2
C00492645,2032018.0,10,2018,03,2
C00492645,2142018.0,10,2018,14,2
C00492645,2262018.0,800,2018,26,2
C00492645,2232018.0,10,2018,23,2
C00492645,2232018.0,25,2018,23,2
C00492645,2132018.0,100,2018,13,2
C00492645,2212018.0,5,2018,21,2
C00492645,2272018.0,10,2018,27,2
C00492645,2222018.0,25,2018,22,2
C00492645,2192018.0,10,2018,19,2
C00492645,2042018.0,25,2018,04,2
C00492645,2212018.0,25,2018,21,2
C00492645,2122018.0,20,2018,12,2
C00492645,2222018.0,25,2018,22,2
C00492645,2192018.0,100,2018,19,2
C00492645,2282018.0,10,2018,28,2
C00492645,2282018.0,25,2018,28,2
C00492645,2222018.0,100,2018,22,2
C00492645,2142018.0,25,2018,14,2
C00492645,2262018.0,10,2018,26,2
C00492645,2092018.0,25,2018,09,2
C00492645,2212018.0,5,2018,21,2
C00492645,2192018.0,200,2018,19,2
C00492645,2172018.0,25,2018,17,2
C00492645,2272018.0,100,2018,27,2
C00492645,2272018.0,10,2018,27,2
C00492645,2272018.0,6,2018,27,2
C00492645,2232018.0,50,2018,23,2
C00492645,2202018.0,50,2018,20,2
C00492645,2212018.0,250,2018,21,2
C00492645,2282018.0,50,2018,28,2
C00492645,2192018.0,100,2018,19,2
C00492645,2192018.0,100,2018,19,2
C00492645,2212018.0,500,2018,21,2
C00492645,2282018.0,10,2018,28,2
C00492645,2142018.0,100,2018,14,2
C00492645,2202018.0,500,2018,20,2
C00492645,2272018.0,10,2018,27,2
C00492645,2192018.0,50,2018,19,2
C00492645,2192018.0,100,2018,19,2
C00492645,2162018.0,5,2018,16,2
C00492645,2192018.0,25,2018,19,2
C00492645,2192018.0,100,2018,19,2
C00492645,2192018.0,250,2018,19,2
C00492645,2222018.0,100,2018,22,2
C00492645,2132018.0,10,2018,13,2
C00492645,2192018.0,25,2018,19,2
C00492645,2222018.0,25,2018,22,2
C00492645,2142018.0,25,2018,14,2
C00492645,2202018.0,5,2018,20,2
C00492645,2202018.0,250,2018,20,2
C00492645,2212018.0,30,2018,21,2
C00492645,2142018.0,50,2018,14,2
C00492645,2082018.0,6,2018,08,2
C00492645,2222018.0,25,2018,22,2
C00492645,2092018.0,20,2018,09,2
C00492645,2222018.0,50,2018,22,2
C00492645,2192018.0,250,2018,19,2
C00492645,2252018.0,25,2018,25,2
C00492645,2252018.0,25,2018,25,2
C00492645,2282018.0,100,2018,28,2
C00492645,2272018.0,100,2018,27,2
C00492645,2012018.0,1,2018,01,2
C00492645,2212018.0,100,2018,21,2
C00492645,2282018.0,250,2018,28,2
C00492645,2192018.0,25,2018,19,2
C00492645,2032018.0,2700,2018,03,2
C00492645,2052018.0,10,2018,05,2
C00492645,2272018.0,100,2018,27,2
C00492645,2272018.0,50,2018,27,2
C00492645,2192018.0,50,2018,19,2
C00492645,2252018.0,2,2018,25,2
C00492645,2272018.0,50,2018,27,2
C00492645,2132018.0,100,2018,13,2
C00492645,2222018.0,50,2018,22,2
C00492645,2222018.0,25,2018,22,2
C00492645,2232018.0,25,2018,23,2
C00492645,2132018.0,25,2018,13,2
C00492645,2222018.0,100,2018,22,2
C00492645,2212018.0,250,2018,21,2
C00492645,2212018.0,1000,2018,21,2
C00492645,2222018.0,100,2018,22,2
C00492645,2272018.0,25,2018,27,2
C00492645,2192018.0,200,2018,19,2
C00492645,2192018.0,100,2018,19,2
C00492645,2242018.0,250,2018,24,2
C00492645,2282018.0,-2700,2018,28,2
C00492645,2282018.0,50,2018,28,2
C00492645,2222018.0,12,2018,22,2
C00492645,2242018.0,10,2018,24,2
C00492645,2282018.0,25,2018,28,2
C00492645,2222018.0,25,2018,22,2
C00492645,2132018.0,25,2018,13,2
C00492645,2152018.0,5,2018,15,2
C00492645,2232018.0,25,2018,23,2
C00492645,2192018.0,6,2018,19,2
C00492645,2012018.0,10,2018,01,2
C00492645,2052018.0,25,2018,05,2
C00492645,2272018.0,100,2018,27,2
C00492645,2272018.0,50,2018,27,2
C00492645,2082018.0,25,2018,08,2
C00492645,2272018.0,25,2018,27,2
C00492645,2282018.0,10,2018,28,2
C00492645,2282018.0,50,2018,28,2
C00492645,2272018.0,300,2018,27,2
C00492645,2192018.0,50,2018,19,2
C00492645,2202018.0,100,2018,20,2
C00492645,2262018.0,200,2018,26,2
C00492645,2192018.0,50,2018,19,2
C00492645,2182018.0,10,2018,18,2
C00492645,2132018.0,50,2018,13,2
C00492645,2132018.0,50,2018,13,2
C00492645,2222018.0,25,2018,22,2
C00492645,2202018.0,100,2018,20,2
C00492645,2132018.0,250,2018,13,2
C00492645,2192018.0,10,2018,19,2
C00492645,2272018.0,250,2018,27,2
C00492645,2192018.0,70,2018,19,2
C00492645,2212018.0,250,2018,21,2
C00492645,2192018.0,5,2018,19,2
C00492645,2132018.0,25,2018,13,2
C00492645,2222018.0,250,2018,22,2
C00492645,2132018.0,35,2018,13,2
C00492645,2192018.0,50,2018,19,2
C00492645,2242018.0,100,2018,24,2
C00492645,2192018.0,200,2018,19,2
C00492645,2192018.0,50,2018,19,2
C00492645,2202018.0,25,2018,20,2
C00492645,2142018.0,100,2018,14,2
C00492645,2282018.0,25,2018,28,2
C00492645,2082018.0,25,2018,08,2
C00492645,2192018.0,375,2018,19,2
C00492645,2222018.0,25,2018,22,2
C00492645,2152018.0,25,2018,15,2
C00492645,2132018.0,500,2018,13,2
C00492645,2092018.0,5,2018,09,2
C00492645,2212018.0,25,2018,21,2
C00492645,2192018.0,50,2018,19,2
C00492645,2222018.0,5,2018,22,2
C00492645,2122018.0,36,2018,12,2
C00492645,2022018.0,10,2018,02,2
C00492645,2212018.0,500,2018,21,2
C00492645,2232018.0,50,2018,23,2
C00492645,2192018.0,10,2018,19,2
C00492645,2222018.0,50,2018,22,2
C00492645,2222018.0,50,2018,22,2
C00492645,2282018.0,50,2018,28,2
C00492645,2032018.0,100,2018,03,2
C00492645,2052018.0,1277,2018,05,2
C00492645,2222018.0,25,2018,22,2
C00492645,2242018.0,5000,2018,24,2
C00492645,2242018.0,25,2018,24,2
C00492645,2212018.0,100,2018,21,2
C00492645,2242018.0,10,2018,24,2
C00492645,2132018.0,25,2018,13,2
C00492645,2222018.0,100,2018,22,2
C00492645,2282018.0,6,2018,28,2
C00492645,2222018.0,10,2018,22,2
C00492645,2192018.0,25,2018,19,2
C00492645,2242018.0,1000,2018,24,2
C00492645,2052018.0,25,2018,05,2
C00492645,2242018.0,25,2018,24,2
C00492645,2132018.0,50,2018,13,2
C00492645,2212018.0,500,2018,21,2
C00492645,2282018.0,5,2018,28,2
C00492645,2132018.0,5,2018,13,2
C00492645,2032018.0,50,2018,03,2
C00492645,2012018.0,25,2018,01,2
C00492645,2212018.0,100,2018,21,2
C00492645,2222018.0,1000,2018,22,2
C00492645,2032018.0,5,2018,03,2
C00492645,2132018.0,6,2018,13,2
C00492645,2212018.0,10,2018,21,2
C00492645,2252018.0,10,2018,25,2
C00492645,2252018.0,25,2018,25,2
C00492645,2202018.0,4300,2018,20,2
C00492645,2222018.0,100,2018,22,2
C00492645,2192018.0,25,2018,19,2
C00492645,2212018.0,75,2018,21,2
C00492645,2282018.0,25,2018,28,2
C00492645,2162018.0,50,2018,16,2
C00492645,2192018.0,100,2018,19,2
C00492645,2192018.0,50,2018,19,2
C00492645,2202018.0,25,2018,20,2
C00492645,2282018.0,5,2018,28,2
C00492645,2142018.0,10,2018,14,2
C00492645,2222018.0,25,2018,22,2
C00492645,2272018.0,250,2018,27,2
C00492645,2242018.0,50,2018,24,2
C00492645,2212018.0,50,2018,21,2
C00492645,2192018.0,25,2018,19,2
C00492645,2122018.0,1500,2018,12,2
C00492645,2222018.0,1000,2018,22,2
C00492645,2132018.0,50,2018,13,2
C00492645,2222018.0,50,2018,22,2
C00492645,2202018.0,25,2018,20,2
C00492645,2272018.0,100,2018,27,2
C00492645,2192018.0,150,2018,19,2
C00492645,2192018.0,25,2018,19,2
C00492645,2202018.0,25,2018,20,2
C00492645,2272018.0,1000,2018,27,2
C00492645,2272018.0,25,2018,27,2
C00492645,2192018.0,100,2018,19,2
C00492645,2272018.0,750,2018,27,2
C00492645,2192018.0,25,2018,19,2
C00492645,2242018.0,10,2018,24,2
C00492645,2272018.0,50,2018,27,2
C00492645,2172018.0,10,2018,17,2
C00492645,2192018.0,50,2018,19,2
C00492645,2132018.0,10,2018,13,2
C00492645,2222018.0,50,2018,22,2
C00492645,2232018.0,250,2018,23,2
C00492645,2222018.0,50,2018,22,2
C00492645,2252018.0,500,2018,25,2
C00492645,2212018.0,5,2018,21,2
C00492645,2222018.0,50,2018,22,2
C00492645,2132018.0,25,2018,13,2
C00492645,2132018.0,50,2018,13,2
C00492645,2132018.0,6,2018,13,2
C00492645,2102018.0,5,2018,10,2
C00492645,2242018.0,100,2018,24,2
C00492645,2232018.0,10,2018,23,2
C00492645,2252018.0,100,2018,25,2
C00492645,2242018.0,100,2018,24,2
C00492645,2232018.0,500,2018,23,2
C00492645,2272018.0,250,2018,27,2
C00492645,2192018.0,100,2018,19,2
C00492645,2282018.0,10,2018,28,2
C00492645,2212018.0,50,2018,21,2
C00492645,2222018.0,20,2018,22,2
C00492645,2022018.0,15,2018,02,2
C00492645,2192018.0,100,2018,19,2
C00492645,2112018.0,100,2018,11,2
C00492645,2222018.0,25,2018,22,2
C00492645,2132018.0,25,2018,13,2
C00492645,2152018.0,10,2018,15,2
C00492645,2272018.0,10,2018,27,2
C00492645,2222018.0,10,2018,22,2
C00492645,2222018.0,3,2018,22,2
C00492645,2142018.0,50,2018,14,2
C00492645,2202018.0,25,2018,20,2
C00492645,2212018.0,250,2018,21,2
C00492645,2272018.0,250,2018,27,2
C00492645,2272018.0,10,2018,27,2
C00492645,2192018.0,25,2018,19,2
C00492645,2132018.0,10,2018,13,2
C00492645,2232018.0,100,2018,23,2
C00492645,2032018.0,50,2018,03,2
C00492645,2142018.0,100,2018,14,2
C00492645,2192018.0,25,2018,19,2
C00492645,2142018.0,10,2018,14,2
C00492645,2142018.0,500,2018,14,2
C00492645,2132018.0,50,2018,13,2
C00492645,2042018.0,250,2018,04,2
C00492645,2032018.0,25,2018,03,2
C00492645,2142018.0,25,2018,14,2
C00492645,2222018.0,18,2018,22,2
C00492645,2032018.0,1000,2018,03,2
C00492645,2282018.0,6,2018,28,2
C00492645,2222018.0,25,2018,22,2
C00492645,2282018.0,250,2018,28,2
C00492645,2272018.0,100,2018,27,2
C00492645,2052018.0,10,2018,05,2
C00492645,2052018.0,50,2018,05,2
C00492645,2272018.0,10,2018,27,2
C00492645,2252018.0,50,2018,25,2
C00492645,2032018.0,250,2018,03,2
C00492645,2242018.0,10,2018,24,2
C00492645,2252018.0,5,2018,25,2
C00492645,2282018.0,1500,2018,28,2
C00492645,2282018.0,50,2018,28,2
C00492645,2282018.0,6,2018,28,2
C00492645,2222018.0,500,2018,22,2
C00492645,2222018.0,25,2018,22,2
C00492645,2012018.0,10,2018,01,2
C00492645,2032018.0,25,2018,03,2
C00492645,2222018.0,25,2018,22,2
C00492645,2012018.0,25,2018,01,2
C00492645,2212018.0,50,2018,21,2
C00492645,2282018.0,25,2018,28,2
C00492645,2242018.0,25,2018,24,2
C00492645,2102018.0,2700,2018,10,2
C00492645,2192018.0,5,2018,19,2
C00492645,2272018.0,5,2018,27,2
C00492645,2272018.0,25,2018,27,2
C00492645,2192018.0,100,2018,19,2
C00492645,2272018.0,100,2018,27,2
C00492645,2212018.0,10,2018,21,2
C00492645,2192018.0,50,2018,19,2
C00492645,2202018.0,500,2018,20,2
C00492645,2222018.0,12,2018,22,2
C00492645,2072018.0,10,2018,07,2
C00492645,2102018.0,2700,2018,10,2
C00492645,2192018.0,25,2018,19,2
C00492645,2252018.0,50,2018,25,2
C00492645,2052018.0,25,2018,05,2
C00492645,2272018.0,150,2018,27,2
C00492645,2212018.0,25,2018,21,2
C00492645,2282018.0,33,2018,28,2
C00492645,2162018.0,25,2018,16,2
C00492645,2192018.0,25,2018,19,2
C00492645,2252018.0,10,2018,25,2
C00492645,2242018.0,50,2018,24,2
C00492645,2192018.0,55,2018,19,2
C00492645,2192018.0,25,2018,19,2
C00492645,2252018.0,25,2018,25,2
C00492645,2242018.0,500,2018,24,2
C00492645,2252018.0,3,2018,25,2
C00492645,2192018.0,200,2018,19,2
C00492645,2062018.0,6,2018,06,2
C00492645,2222018.0,25,2018,22,2
C00492645,2222018.0,50,2018,22,2
C00492645,2132018.0,5,2018,13,2
C00492645,2192018.0,10,2018,19,2
C00492645,2282018.0,15,2018,28,2
C00492645,2192018.0,25,2018,19,2
C00492645,2212018.0,25,2018,21,2
C00492645,2162018.0,25,2018,16,2
C00492645,2202018.0,10,2018,20,2
C00492645,2272018.0,50,2018,27,2
C00492645,2272018.0,10,2018,27,2
C00492645,2192018.0,55,2018,19,2
C00492645,2172018.0,10,2018,17,2
C00492645,2132018.0,50,2018,13,2
C00492645,2242018.0,900,2018,24,2
C00492645,2192018.0,10,2018,19,2
C00492645,2252018.0,10,2018,25,2
C00492645,2022018.0,2500,2018,02,2
C00492645,2282018.0,10,2018,28,2
C00492645,2192018.0,10,2018,19,2
C00492645,2192018.0,25,2018,19,2
C00492645,2212018.0,100,2018,21,2
C00492645,2132018.0,100,2018,13,2
C00492645,2022018.0,2500,2018,02,2
C00492645,2282018.0,25,2018,28,2
C00492645,2262018.0,-100,2018,26,2
C00492645,2122018.0,10,2018,12,2
C00492645,2282018.0,5,2018,28,2
C00492645,2022018.0,1000,2018,02,2
C00492645,2242018.0,25,2018,24,2
C00492645,2182018.0,20,2018,18,2
C00492645,2192018.0,100,2018,19,2
C00492645,2172018.0,25,2018,17,2
C00492645,2192018.0,10,2018,19,2
C00638791,2082018.0,1000,2018,08,2
C00638791,2162018.0,2000,2018,16,2
C00638791,2252018.0,1000,2018,25,2
C00638791,2252018.0,1000,2018,25,2
C00638791,2272018.0,250,2018,27,2
C00458463,2162018.0,500,2018,16,2
C00458463,2162018.0,250,2018,16,2
C00458463,2162018.0,250,2018,16,2
C00458463,2162018.0,10000,2018,16,2
C00458463,2162018.0,500,2018,16,2
C00458463,2022018.0,250,2018,02,2
C00458463,2022018.0,1250,2018,02,2
C00458463,2022018.0,1250,2018,02,2
C00458463,2022018.0,2500,2018,02,2
C00458463,2022018.0,2500,2018,02,2
C00458463,2022018.0,2700,2018,02,2
C00458463,2022018.0,2700,2018,02,2
C00458463,2022018.0,2700,2018,02,2
C00458463,2022018.0,2700,2018,02,2
C00458463,2022018.0,250,2018,02,2
C00458463,2132018.0,2700,2018,13,2
C00458463,2132018.0,2700,2018,13,2
C00458463,2132018.0,1000,2018,13,2
C00458463,2132018.0,500,2018,13,2
C00458463,2132018.0,1000,2018,13,2
C00458463,2132018.0,500,2018,13,2
C00458463,2132018.0,250,2018,13,2
C00458463,2132018.0,250,2018,13,2
C00458463,2132018.0,2700,2018,13,2
C00458463,2012018.0,500,2018,01,2
C00458463,2132018.0,2700,2018,13,2
C00458463,2132018.0,2700,2018,13,2
C00458463,2132018.0,2700,2018,13,2
C00458463,2012018.0,500,2018,01,2
C00458463,2012018.0,250,2018,01,2
C00458463,2012018.0,250,2018,01,2
C00458463,2012018.0,300,2018,01,2
C00458463,2012018.0,1000,2018,01,2
C00458463,2022018.0,250,2018,02,2
C00458463,2012018.0,300,2018,01,2
C00458463,2012018.0,1000,2018,01,2
C00458463,2132018.0,2700,2018,13,2
C00458463,2012018.0,250,2018,01,2
C00458463,2012018.0,500,2018,01,2
C00458463,2012018.0,2500,2018,01,2
C00458463,2012018.0,250,2018,01,2
C00458463,2012018.0,250,2018,01,2
C00458463,2012018.0,300,2018,01,2
C00458463,2132018.0,250,2018,13,2
C00458463,2132018.0,1250,2018,13,2
C00458463,2132018.0,1250,2018,13,2
C00458463,2132018.0,250,2018,13,2
C00458463,2162018.0,2500,2018,16,2
C00458463,2132018.0,2500,2018,13,2
C00458463,2152018.0,500,2018,15,2
C00458463,2162018.0,1000,2018,16,2
C00458463,2162018.0,2700,2018,16,2
C00458463,2162018.0,2700,2018,16,2
C00458463,2162018.0,2700,2018,16,2
C00458463,2162018.0,2700,2018,16,2
C00458463,2162018.0,2700,2018,16,2
C00458463,2162018.0,2700,2018,16,2
C00458463,2162018.0,2700,2018,16,2
C00458463,2162018.0,2700,2018,16,2
C00458463,2162018.0,2700,2018,16,2
C00458463,2162018.0,2300,2018,16,2
C00458463,2162018.0,1000,2018,16,2
C00458463,2232018.0,2700,2018,23,2
C00458463,2232018.0,2700,2018,23,2
C00458463,2232018.0,1000,2018,23,2
C00458463,2232018.0,500,2018,23,2
C00458463,2232018.0,500,2018,23,2
C00458463,2232018.0,2000,2018,23,2
C00458463,2272018.0,300,2018,27,2
C00458463,2162018.0,500,2018,16,2
C00458463,2222018.0,500,2018,22,2
C00458463,2222018.0,250,2018,22,2
C00458463,2222018.0,250,2018,22,2
C00458463,2232018.0,500,2018,23,2
C00458463,2232018.0,500,2018,23,2
C00458463,2232018.0,500,2018,23,2
C00458463,2232018.0,300,2018,23,2
C00458463,2222018.0,500,2018,22,2
C00458463,2222018.0,500,2018,22,2
C00458463,2222018.0,1250,2018,22,2
C00458463,2222018.0,1250,2018,22,2
C00458463,2222018.0,2500,2018,22,2
C00458463,2232018.0,500,2018,23,2
C00458463,2232018.0,2500,2018,23,2
C00458463,2232018.0,300,2018,23,2
C00458463,2232018.0,500,2018,23,2
C00458463,2232018.0,250,2018,23,2
C00458463,2232018.0,250,2018,23,2
C00458463,2232018.0,500,2018,23,2
C00458463,2232018.0,250,2018,23,2
C00458463,2232018.0,250,2018,23,2
C00458463,2232018.0,500,2018,23,2
C00458463,2232018.0,2100,2018,23,2
C00458463,2232018.0,400,2018,23,2
C00458463,2232018.0,1000,2018,23,2
C00458463,2232018.0,500,2018,23,2
C00539825,2282018.0,250,2018,28,2
C00539825,2282018.0,500,2018,28,2
C00539825,2262018.0,1000,2018,26,2
C00539825,2282018.0,2500,2018,28,2
C00458315,2262018.0,2000,2018,26,2
C00458315,2152018.0,1000,2018,15,2
C00458315,2152018.0,500,2018,15,2
C00458315,2222018.0,2500,2018,22,2
C00458315,2222018.0,-800,2018,22,2
C00458315,2222018.0,800,2018,22,2
C00458315,2122018.0,1000,2018,12,2
C00410803,2202018.0,5,2018,20,2
C00410803,2052018.0,2600,2018,05,2
C00410803,2052018.0,-2600,2018,05,2
C00410803,2062018.0,50,2018,06,2
C00410803,2062018.0,9,2018,06,2
C00410803,2062018.0,5,2018,06,2
C00410803,2052018.0,-500,2018,05,2
C00410803,2052018.0,500,2018,05,2
C00410803,2062018.0,250,2018,06,2
C00410803,2202018.0,125,2018,20,2
C00410803,2132018.0,250,2018,13,2
C00410803,2032018.0,15,2018,03,2
C00410803,2082018.0,12,2018,08,2
C00410803,2062018.0,15,2018,06,2
C00410803,2132018.0,25,2018,13,2
C00410803,2222018.0,12,2018,22,2
C00410803,2222018.0,12,2018,22,2
C00410803,2062018.0,25,2018,06,2
C00410803,2112018.0,25,2018,11,2
C00410803,2222018.0,25,2018,22,2
C00410803,2262018.0,35,2018,26,2
C00410803,2282018.0,150,2018,28,2
C00410803,2222018.0,12,2018,22,2
C00410803,2282018.0,25,2018,28,2
C00410803,2082018.0,10,2018,08,2
C00410803,2232018.0,500,2018,23,2
C00410803,2272018.0,1000,2018,27,2
C00410803,2042018.0,100,2018,04,2
C00410803,2282018.0,250,2018,28,2
C00410803,2272018.0,200,2018,27,2
C00410803,2172018.0,15,2018,17,2
C00410803,2202018.0,2700,2018,20,2
C00410803,2232018.0,250,2018,23,2
C00410803,2062018.0,25,2018,06,2
C00410803,2062018.0,75,2018,06,2
C00410803,2082018.0,15,2018,08,2
C00410803,2282018.0,25,2018,28,2
C00410803,2072018.0,200,2018,07,2
C00410803,2102018.0,15,2018,10,2
C00410803,2132018.0,1000,2018,13,2
C00410803,2122018.0,2700,2018,12,2
C00410803,2042018.0,50,2018,04,2
C00410803,2052018.0,25,2018,05,2
C00410803,2262018.0,1700,2018,26,2
C00410803,2262018.0,300,2018,26,2
C00410803,2242018.0,100,2018,24,2
C00410803,2282018.0,200,2018,28,2
C00410803,2062018.0,100,2018,06,2
C00410803,2212018.0,100,2018,21,2
C00410803,2082018.0,125,2018,08,2
C00410803,2132018.0,500,2018,13,2
C00410803,2172018.0,5,2018,17,2
C00410803,2042018.0,20,2018,04,2
C00410803,2132018.0,5,2018,13,2
C00410803,2162018.0,2700,2018,16,2
C00410803,2112018.0,10,2018,11,2
C00410803,2142018.0,1000,2018,14,2
C00410803,2222018.0,250,2018,22,2
C00410803,2252018.0,5,2018,25,2
C00410803,2032018.0,100,2018,03,2
C00410803,2202018.0,1000,2018,20,2
C00410803,2172018.0,175,2018,17,2
C00410803,2032018.0,250,2018,03,2
C00410803,2222018.0,25,2018,22,2
C00410803,2282018.0,125,2018,28,2
C00410803,2282018.0,35,2018,28,2
C00410803,2052018.0,50,2018,05,2
C00410803,2172018.0,25,2018,17,2
C00410803,2242018.0,100,2018,24,2
C00410803,2062018.0,250,2018,06,2
C00410803,2272018.0,22,2018,27,2
C00410803,2232018.0,25,2018,23,2
C00410803,2282018.0,5,2018,28,2
C00410803,2232018.0,100,2018,23,2
C00410803,2232018.0,100,2018,23,2
C00410803,2092018.0,1000,2018,09,2
C00410803,2232018.0,25,2018,23,2
C00410803,2272018.0,1000,2018,27,2
C00410803,2222018.0,125,2018,22,2
C00410803,2222018.0,125,2018,22,2
C00410803,2082018.0,25,2018,08,2
C00410803,2282018.0,25,2018,28,2
C00410803,2222018.0,100,2018,22,2
C00410803,2282018.0,100,2018,28,2
C00410803,2042018.0,25,2018,04,2
C00410803,2092018.0,1000,2018,09,2
C00410803,2082018.0,125,2018,08,2
C00410803,2282018.0,25,2018,28,2
C00410803,2042018.0,15,2018,04,2
C00410803,2272018.0,15,2018,27,2
C00410803,2252018.0,25,2018,25,2
C00410803,2082018.0,12,2018,08,2
C00410803,2172018.0,5,2018,17,2
C00410803,2222018.0,25,2018,22,2
C00410803,2222018.0,25,2018,22,2
C00410803,2082018.0,5,2018,08,2
C00410803,2202018.0,200,2018,20,2
C00410803,2082018.0,12,2018,08,2
C00410803,2242018.0,100,2018,24,2
C00410803,2242018.0,50,2018,24,2
C00410803,2082018.0,5,2018,08,2
C00410803,2082018.0,50,2018,08,2
C00410803,2082018.0,25,2018,08,2
C00410803,2062018.0,25,2018,06,2
C00410803,2012018.0,250,2018,01,2
C00410803,2082018.0,50,2018,08,2
C00410803,2282018.0,15,2018,28,2
C00410803,2062018.0,25,2018,06,2
C00410803,2232018.0,50,2018,23,2
C00410803,2222018.0,10,2018,22,2
C00410803,2282018.0,25,2018,28,2
C00410803,2222018.0,50,2018,22,2
C00410803,2282018.0,25,2018,28,2
C00410803,2282018.0,700,2018,28,2
C00410803,2282018.0,300,2018,28,2
C00410803,2132018.0,1000,2018,13,2
C00410803,2132018.0,100,2018,13,2
C00410803,2112018.0,25,2018,11,2
C00410803,2282018.0,25,2018,28,2
C00410803,2222018.0,5,2018,22,2
C00410803,2232018.0,50,2018,23,2
C00410803,2232018.0,50,2018,23,2
C00410803,2062018.0,250,2018,06,2
C00410803,2282018.0,10,2018,28,2
C00410803,2212018.0,500,2018,21,2
C00410803,2282018.0,25,2018,28,2
C00410803,2252018.0,25,2018,25,2
C00410803,2282018.0,25,2018,28,2
C00410803,2102018.0,5,2018,10,2
C00410803,2112018.0,50,2018,11,2
C00410803,2222018.0,500,2018,22,2
C00410803,2272018.0,175,2018,27,2
C00410803,2282018.0,500,2018,28,2
C00410803,2062018.0,25,2018,06,2
C00410803,2132018.0,50,2018,13,2
C00410803,2122018.0,100,2018,12,2
C00410803,2222018.0,50,2018,22,2
C00410803,2032018.0,100,2018,03,2
C00410803,2102018.0,50,2018,10,2
C00410803,2262018.0,2000,2018,26,2
C00410803,2222018.0,125,2018,22,2
C00410803,2202018.0,1000,2018,20,2
C00410803,2062018.0,500,2018,06,2
C00410803,2132018.0,2700,2018,13,2
C00410803,2182018.0,5,2018,18,2
C00410803,2282018.0,25,2018,28,2
C00410803,2122018.0,25,2018,12,2
C00410803,2022018.0,2000,2018,02,2
C00410803,2202018.0,2700,2018,20,2
C00410803,2132018.0,10,2018,13,2
C00410803,2162018.0,1000,2018,16,2
C00410803,2232018.0,1000,2018,23,2
C00410803,2062018.0,20,2018,06,2
C00410803,2242018.0,50,2018,24,2
C00410803,2082018.0,50,2018,08,2
C00410803,2032018.0,100,2018,03,2
C00410803,2172018.0,500,2018,17,2
C00410803,2092018.0,1000,2018,09,2
C00410803,2192018.0,1000,2018,19,2
C00410803,2162018.0,1000,2018,16,2
C00410803,2082018.0,125,2018,08,2
C00410803,2212018.0,25,2018,21,2
C00410803,2112018.0,10,2018,11,2
C00410803,2082018.0,5,2018,08,2
C00410803,2132018.0,20,2018,13,2
C00410803,2232018.0,10,2018,23,2
C00410803,2272018.0,20,2018,27,2
C00410803,2062018.0,100,2018,06,2
C00410803,2282018.0,10,2018,28,2
C00410803,2222018.0,1000,2018,22,2
C00410803,2222018.0,12,2018,22,2
C00410803,2032018.0,100,2018,03,2
C00410803,2082018.0,50,2018,08,2
C00410803,2232018.0,100,2018,23,2
C00410803,2282018.0,500,2018,28,2
C00410803,2202018.0,501,2018,20,2
C00410803,2082018.0,50,2018,08,2
C00410803,2192018.0,100,2018,19,2
C00410803,2082018.0,25,2018,08,2
C00410803,2282018.0,25,2018,28,2
C00410803,2042018.0,100,2018,04,2
C00410803,2082018.0,100,2018,08,2
C00410803,2282018.0,10,2018,28,2
C00410803,2042018.0,35,2018,04,2
C00410803,2132018.0,50,2018,13,2
C00410803,2232018.0,1000,2018,23,2
C00410803,2262018.0,25,2018,26,2
C00410803,2282018.0,750,2018,28,2
C00410803,2032018.0,100,2018,03,2
C00410803,2222018.0,50,2018,22,2
C00410803,2102018.0,1000,2018,10,2
C00410803,2222018.0,2000,2018,22,2
C00410803,2062018.0,25,2018,06,2
C00410803,2222018.0,50,2018,22,2
C00410803,2172018.0,250,2018,17,2
C00410803,2032018.0,250,2018,03,2
C00410803,2222018.0,125,2018,22,2
C00410803,2172018.0,25,2018,17,2
C00410803,2142018.0,100,2018,14,2
C00410803,2122018.0,2700,2018,12,2
C00410803,2252018.0,1000,2018,25,2
C00410803,2232018.0,25,2018,23,2
C00410803,2062018.0,10,2018,06,2
C00410803,2102018.0,25,2018,10,2
C00410803,2232018.0,25,2018,23,2
C00410803,2142018.0,500,2018,14,2
C00410803,2232018.0,100,2018,23,2
C00410803,2112018.0,200,2018,11,2
C00410803,2032018.0,30,2018,03,2
C00410803,2232018.0,20,2018,23,2
C00410803,2222018.0,10,2018,22,2
C00410803,2282018.0,11,2018,28,2
C00410803,2232018.0,500,2018,23,2
C00410803,2282018.0,2000,2018,28,2
C00410803,2282018.0,1000,2018,28,2
C00410803,2012018.0,50,2018,01,2
C00410803,2012018.0,50,2018,01,2
C00410803,2112018.0,15,2018,11,2
C00410803,2082018.0,50,2018,08,2
C00410803,2132018.0,25,2018,13,2
C00410803,2232018.0,25,2018,23,2
C00410803,2082018.0,250,2018,08,2
C00410803,2202018.0,50,2018,20,2
C00410803,2202018.0,450,2018,20,2
C00410803,2232018.0,100,2018,23,2
C00410803,2032018.0,2700,2018,03,2
C00410803,2032018.0,2700,2018,03,2
C00410803,2032018.0,100,2018,03,2
C00410803,2242018.0,10,2018,24,2
C00349506,2212018.0,150,2018,21,2
C00349506,2252018.0,50,2018,25,2
C00349506,2112018.0,1000,2018,11,2
C00349506,2122018.0,700,2018,12,2
C00349506,2122018.0,300,2018,12,2
C00349506,2022018.0,35,2018,02,2
C00349506,2282018.0,25,2018,28,2
C00349506,2272018.0,180,2018,27,2
C00349506,2262018.0,250,2018,26,2
C00349506,2152018.0,100,2018,15,2
C00349506,2062018.0,150,2018,06,2
C00349506,2152018.0,35,2018,15,2
C00349506,2262018.0,1000,2018,26,2
C00349506,2132018.0,100,2018,13,2
C00349506,2212018.0,250,2018,21,2
C00349506,2052018.0,1000,2018,05,2
C00349506,2282018.0,1000,2018,28,2
C00349506,2152018.0,100,2018,15,2
C00349506,2062018.0,100,2018,06,2
C00349506,2282018.0,25,2018,28,2
C00349506,2052018.0,250,2018,05,2
C00349506,2062018.0,50,2018,06,2
C00349506,2062018.0,250,2018,06,2
C00349506,2062018.0,35,2018,06,2
C00349506,2152018.0,100,2018,15,2
C00349506,2262018.0,500,2018,26,2
C00349506,2062018.0,50,2018,06,2
C00349506,2162018.0,100,2018,16,2
C00349506,2122018.0,100,2018,12,2
C00349506,2232018.0,250,2018,23,2
C00349506,2062018.0,100,2018,06,2
C00349506,2272018.0,2700,2018,27,2
C00349506,2272018.0,2700,2018,27,2
C00349506,2122018.0,100,2018,12,2
C00349506,2062018.0,100,2018,06,2
C00349506,2282018.0,25,2018,28,2
C00349506,2082018.0,50,2018,08,2
C00349506,2282018.0,50,2018,28,2
C00349506,2062018.0,35,2018,06,2
C00349506,2062018.0,25,2018,06,2
C00349506,2272018.0,25,2018,27,2
C00349506,2122018.0,100,2018,12,2
C00349506,2062018.0,250,2018,06,2
C00349506,2152018.0,150,2018,15,2
C00349506,2262018.0,500,2018,26,2
C00349506,2012018.0,25,2018,01,2
C00349506,2012018.0,25,2018,01,2
C00349506,2062018.0,50,2018,06,2
C00349506,2142018.0,2700,2018,14,2
C00349506,2142018.0,2700,2018,14,2
C00349506,2282018.0,100,2018,28,2
C00349506,2062018.0,30,2018,06,2
C00349506,2152018.0,100,2018,15,2
C00349506,2152018.0,100,2018,15,2
C00349506,2272018.0,25,2018,27,2
C00349506,2072018.0,10,2018,07,2
C00349506,2062018.0,100,2018,06,2
C00349506,2062018.0,35,2018,06,2
C00349506,2152018.0,35,2018,15,2
C00349506,2062018.0,100,2018,06,2
C00349506,2282018.0,20,2018,28,2
C00349506,2152018.0,100,2018,15,2
C00349506,2052018.0,250,2018,05,2
C00349506,2282018.0,50,2018,28,2
C00349506,2052018.0,2700,2018,05,2
C00349506,2262018.0,250,2018,26,2
C00349506,2062018.0,50,2018,06,2
C00349506,2022018.0,25,2018,02,2
C00349506,2072018.0,5,2018,07,2
C00349506,2252018.0,1,2018,25,2
C00349506,2122018.0,5,2018,12,2
C00349506,2282018.0,5,2018,28,2
C00349506,2062018.0,50,2018,06,2
C00349506,2062018.0,150,2018,06,2
C00349506,2062018.0,20,2018,06,2
C00349506,2122018.0,1000,2018,12,2
C00349506,2252018.0,20,2018,25,2
C00349506,2282018.0,15,2018,28,2
C00349506,2162018.0,5,2018,16,2
C00349506,2062018.0,50,2018,06,2
C00349506,2072018.0,25,2018,07,2
C00349506,2232018.0,25,2018,23,2
C00349506,2262018.0,25,2018,26,2
C00349506,2222018.0,100,2018,22,2
C00349506,2152018.0,250,2018,15,2
C00349506,2262018.0,250,2018,26,2
C00349506,2262018.0,250,2018,26,2
C00349506,2272018.0,250,2018,27,2
C00349506,2062018.0,200,2018,06,2
C00349506,2062018.0,50,2018,06,2
C00349506,2062018.0,50,2018,06,2
C00349506,2152018.0,50,2018,15,2
C00349506,2132018.0,100,2018,13,2
C00349506,2062018.0,25,2018,06,2
C00349506,2282018.0,250,2018,28,2
C00349506,2062018.0,100,2018,06,2
C00349506,2062018.0,50,2018,06,2
C00349506,2062018.0,40,2018,06,2
C00349506,2072018.0,10,2018,07,2
C00349506,2142018.0,5,2018,14,2
C00349506,2282018.0,6,2018,28,2
C00349506,2122018.0,50,2018,12,2
C00349506,2052018.0,25,2018,05,2
C00349506,2152018.0,25,2018,15,2
C00349506,2192018.0,25,2018,19,2
C00349506,2152018.0,80,2018,15,2
C00349506,2062018.0,100,2018,06,2
C00349506,2122018.0,10,2018,12,2
C00349506,2072018.0,5,2018,07,2
C00349506,2162018.0,10,2018,16,2
C00349506,2182018.0,25,2018,18,2
C00349506,2222018.0,10,2018,22,2
C00349506,2062018.0,100,2018,06,2
C00349506,2192018.0,25,2018,19,2
C00349506,2192018.0,25,2018,19,2
C00349506,2232018.0,25,2018,23,2
C00349506,2162018.0,25,2018,16,2
C00349506,2092018.0,10,2018,09,2
C00349506,2062018.0,50,2018,06,2
C00349506,2062018.0,50,2018,06,2
C00349506,2222018.0,50,2018,22,2
C00349506,2132018.0,100,2018,13,2
C00349506,2062018.0,100,2018,06,2
C00349506,2152018.0,30,2018,15,2
C00349506,2072018.0,5,2018,07,2
C00349506,2092018.0,5,2018,09,2
C00349506,2062018.0,424,2018,06,2
C00349506,2062018.0,1075,2018,06,2
C00349506,2022018.0,500,2018,02,2
C00349506,2062018.0,250,2018,06,2
C00349506,2212018.0,1000,2018,21,2
C00349506,2162018.0,2,2018,16,2
C00349506,2062018.0,50,2018,06,2
C00349506,2062018.0,17,2018,06,2
C00349506,2282018.0,100,2018,28,2
C00349506,2262018.0,100,2018,26,2
C00349506,2082018.0,50,2018,08,2
C00349506,2122018.0,100,2018,12,2
C00349506,2282018.0,50,2018,28,2
C00349506,2082018.0,35,2018,08,2
C00349506,2262018.0,1000,2018,26,2
C00349506,2152018.0,250,2018,15,2
C00349506,2082018.0,10,2018,08,2
C00349506,2152018.0,50,2018,15,2
C00349506,2062018.0,35,2018,06,2
C00349506,2062018.0,300,2018,06,2
C00349506,2162018.0,1000,2018,16,2
C00349506,2152018.0,150,2018,15,2
C00349506,2262018.0,500,2018,26,2
C00349506,2062018.0,250,2018,06,2
C00349506,2122018.0,25,2018,12,2
C00349506,2152018.0,35,2018,15,2
C00349506,2062018.0,20,2018,06,2
C00349506,2152018.0,500,2018,15,2
C00349506,2062018.0,100,2018,06,2
C00349506,2062018.0,200,2018,06,2
C00349506,2062018.0,100,2018,06,2
C00349506,2202018.0,50,2018,20,2
C00349506,2092018.0,10,2018,09,2
C00349506,2212018.0,25,2018,21,2
C00349506,2152018.0,50,2018,15,2
C00349506,2062018.0,100,2018,06,2
C00349506,2152018.0,100,2018,15,2
C00349506,2052018.0,500,2018,05,2
C00349506,2062018.0,25,2018,06,2
C00349506,2062018.0,1000,2018,06,2
C00349506,2152018.0,25,2018,15,2
C00349506,2282018.0,50,2018,28,2
C00349506,2052018.0,1000,2018,05,2
C00349506,2222018.0,100,2018,22,2
C00349506,2152018.0,100,2018,15,2
C00349506,2062018.0,250,2018,06,2
C00349506,2122018.0,50,2018,12,2
C00349506,2062018.0,500,2018,06,2
C00349506,2162018.0,100,2018,16,2
C00349506,2112018.0,100,2018,11,2
C00349506,2062018.0,100,2018,06,2
C00349506,2122018.0,10,2018,12,2
C00349506,2152018.0,25,2018,15,2
C00349506,2152018.0,100,2018,15,2
C00349506,2152018.0,10,2018,15,2
C00349506,2222018.0,35,2018,22,2
C00349506,2262018.0,50,2018,26,2
C00349506,2072018.0,35,2018,07,2
C00349506,2062018.0,100,2018,06,2
C00349506,2132018.0,5,2018,13,2
C00349506,2222018.0,10,2018,22,2
C00349506,2062018.0,200,2018,06,2
C00349506,2062018.0,500,2018,06,2
C00349506,2122018.0,35,2018,12,2
C00349506,2062018.0,35,2018,06,2
C00349506,2062018.0,100,2018,06,2
C00349506,2072018.0,25,2018,07,2
C00349506,2222018.0,25,2018,22,2
C00349506,2282018.0,25,2018,28,2
C00349506,2072018.0,10,2018,07,2
C00349506,2062018.0,250,2018,06,2
C00349506,2262018.0,5,2018,26,2
C00349506,2282018.0,25,2018,28,2
C00349506,2152018.0,100,2018,15,2
C00349506,2072018.0,5,2018,07,2
C00349506,2062018.0,100,2018,06,2
C00349506,2062018.0,50,2018,06,2
C00349506,2052018.0,250,2018,05,2
C00349506,2152018.0,200,2018,15,2
C00349506,2172018.0,25,2018,17,2
C00349506,2062018.0,20,2018,06,2
C00349506,2062018.0,25,2018,06,2
C00349506,2282018.0,25,2018,28,2
C00349506,2012018.0,500,2018,01,2
C00349506,2062018.0,300,2018,06,2
C00349506,2162018.0,5,2018,16,2
C00349506,2172018.0,25,2018,17,2
C00349506,2272018.0,1000,2018,27,2
C00349506,2152018.0,100,2018,15,2
C00349506,2132018.0,500,2018,13,2
C00349506,2212018.0,100,2018,21,2
C00349506,2062018.0,35,2018,06,2
C00349506,2062018.0,100,2018,06,2
C00349506,2232018.0,25,2018,23,2
C00349506,2262018.0,25,2018,26,2
C00349506,2062018.0,50,2018,06,2
C00349506,2072018.0,101,2018,07,2
C00349506,2062018.0,35,2018,06,2
C00349506,2062018.0,100,2018,06,2
C00349506,2152018.0,500,2018,15,2
C00349506,2152018.0,10,2018,15,2
C00349506,2062018.0,50,2018,06,2
C00349506,2282018.0,50,2018,28,2
C00349506,2282018.0,100,2018,28,2
C00349506,2172018.0,25,2018,17,2
C00349506,2062018.0,10,2018,06,2
C00349506,2062018.0,50,2018,06,2
C00349506,2182018.0,25,2018,18,2
C00349506,2282018.0,100,2018,28,2
C00349506,2062018.0,50,2018,06,2
C00349506,2082018.0,50,2018,08,2
C00349506,2062018.0,10,2018,06,2
C00349506,2172018.0,10,2018,17,2
C00349506,2282018.0,5,2018,28,2
C00349506,2032018.0,10,2018,03,2
C00349506,2062018.0,50,2018,06,2
C00349506,2062018.0,100,2018,06,2
C00349506,2062018.0,250,2018,06,2
C00349506,2152018.0,100,2018,15,2
C00349506,2142018.0,50,2018,14,2
C00349506,2152018.0,500,2018,15,2
C00349506,2152018.0,50,2018,15,2
C00349506,2062018.0,35,2018,06,2
C00349506,2162018.0,200,2018,16,2
C00349506,2162018.0,300,2018,16,2
C00349506,2152018.0,20,2018,15,2
C00349506,2082018.0,5,2018,08,2
C00349506,2062018.0,500,2018,06,2
C00349506,2172018.0,100,2018,17,2
C00349506,2082018.0,10,2018,08,2
C00349506,2122018.0,5,2018,12,2
C00349506,2172018.0,5,2018,17,2
C00349506,2132018.0,5,2018,13,2
C00349506,2062018.0,25,2018,06,2
C00349506,2122018.0,20,2018,12,2
C00349506,2282018.0,25,2018,28,2
C00349506,2062018.0,250,2018,06,2
C00349506,2062018.0,1000,2018,06,2
C00349506,2282018.0,50,2018,28,2
C00349506,2062018.0,250,2018,06,2
C00349506,2052018.0,5,2018,05,2
C00349506,2072018.0,500,2018,07,2
C00349506,2282018.0,25,2018,28,2
C00349506,2282018.0,25,2018,28,2
C00349506,2152018.0,10,2018,15,2
C00349506,2272018.0,25,2018,27,2
C00349506,2062018.0,25,2018,06,2
C00349506,2182018.0,5,2018,18,2
C00349506,2262018.0,5,2018,26,2
C00349506,2282018.0,500,2018,28,2
C00349506,2062018.0,50,2018,06,2
C00349506,2242018.0,100,2018,24,2
C00349506,2282018.0,50,2018,28,2
C00349506,2172018.0,75,2018,17,2
C00349506,2062018.0,50,2018,06,2
C00349506,2212018.0,50,2018,21,2
C00349506,2212018.0,250,2018,21,2
C00349506,2262018.0,1000,2018,26,2
C00349506,2152018.0,100,2018,15,2
C00349506,2052018.0,500,2018,05,2
C00349506,2272018.0,250,2018,27,2
C00349506,2062018.0,35,2018,06,2
C00349506,2282018.0,100,2018,28,2
C00349506,2122018.0,35,2018,12,2
C00349506,2282018.0,5,2018,28,2
C00349506,2152018.0,250,2018,15,2
C00349506,2212018.0,2700,2018,21,2
C00349506,2152018.0,500,2018,15,2
C00349506,2062018.0,25,2018,06,2
C00349506,2262018.0,500,2018,26,2
C00349506,2212018.0,50,2018,21,2
C00349506,2062018.0,50,2018,06,2
C00349506,2262018.0,250,2018,26,2
C00349506,2062018.0,25,2018,06,2
C00349506,2062018.0,125,2018,06,2
C00349506,2062018.0,25,2018,06,2
C00349506,2062018.0,200,2018,06,2
C00349506,2062018.0,100,2018,06,2
C00349506,2122018.0,100,2018,12,2
C00349506,2152018.0,35,2018,15,2
C00349506,2132018.0,50,2018,13,2
C00349506,2112018.0,25,2018,11,2
C00349506,2162018.0,25,2018,16,2
C00349506,2262018.0,25,2018,26,2
C00349506,2062018.0,100,2018,06,2
C00349506,2062018.0,100,2018,06,2
C00349506,2152018.0,100,2018,15,2
C00349506,2102018.0,250,2018,10,2
C00349506,2222018.0,250,2018,22,2
C00349506,2142018.0,1000,2018,14,2
C00349506,2222018.0,500,2018,22,2
C00349506,2152018.0,35,2018,15,2
C00349506,2062018.0,50,2018,06,2
C00349506,2122018.0,100,2018,12,2
C00349506,2192018.0,1500,2018,19,2
C00349506,2062018.0,100,2018,06,2
C00349506,2172018.0,25,2018,17,2
C00349506,2252018.0,4,2018,25,2
C00349506,2262018.0,25,2018,26,2
C00349506,2062018.0,50,2018,06,2
C00349506,2262018.0,500,2018,26,2
C00349506,2112018.0,100,2018,11,2
C00349506,2132018.0,50,2018,13,2
C00349506,2062018.0,100,2018,06,2
C00349506,2072018.0,2000,2018,07,2
C00349506,2152018.0,100,2018,15,2
C00349506,2282018.0,100,2018,28,2
C00349506,2072018.0,25,2018,07,2
C00349506,2122018.0,25,2018,12,2
C00349506,2152018.0,25,2018,15,2
C00349506,2172018.0,25,2018,17,2
C00349506,2172018.0,25,2018,17,2
C00349506,2282018.0,25,2018,28,2
C00349506,2262018.0,50,2018,26,2
C00349506,2072018.0,150,2018,07,2
C00349506,2272018.0,500,2018,27,2
C00349506,2062018.0,60,2018,06,2
C00349506,2062018.0,50,2018,06,2
C00349506,2262018.0,500,2018,26,2
C00349506,2152018.0,100,2018,15,2
C00349506,2282018.0,20,2018,28,2
C00349506,2062018.0,35,2018,06,2
C00349506,2282018.0,100,2018,28,2
C00349506,2192018.0,500,2018,19,2
C00349506,2062018.0,25,2018,06,2
C00349506,2062018.0,500,2018,06,2
C00349506,2062018.0,250,2018,06,2
C00349506,2172018.0,25,2018,17,2
C00349506,2212018.0,50,2018,21,2
C00349506,2262018.0,100,2018,26,2
C00349506,2152018.0,5,2018,15,2
C00349506,2172018.0,5,2018,17,2
C00349506,2272018.0,5,2018,27,2
C00349506,2062018.0,200,2018,06,2
C00349506,2062018.0,50,2018,06,2
C00349506,2122018.0,25,2018,12,2
C00349506,2222018.0,35,2018,22,2
C00349506,2152018.0,100,2018,15,2
C00349506,2182018.0,10,2018,18,2
C00349506,2032018.0,6,2018,03,2
C00349506,2012018.0,4,2018,01,2
C00349506,2132018.0,6,2018,13,2
C00349506,2152018.0,100,2018,15,2
C00349506,2062018.0,50,2018,06,2
C00349506,2152018.0,20,2018,15,2
C00349506,2282018.0,200,2018,28,2
C00349506,2282018.0,20,2018,28,2
C00349506,2062018.0,50,2018,06,2
C00349506,2052018.0,5,2018,05,2
C00349506,2272018.0,10,2018,27,2
C00349506,2272018.0,50,2018,27,2
C00349506,2062018.0,50,2018,06,2
C00349506,2062018.0,100,2018,06,2
C00349506,2192018.0,100,2018,19,2
C00349506,2132018.0,1000,2018,13,2
C00349506,2262018.0,500,2018,26,2
C00349506,2062018.0,75,2018,06,2
C00349506,2282018.0,100,2018,28,2
C00349506,2212018.0,5,2018,21,2
C00349506,2082018.0,25,2018,08,2
C00349506,2122018.0,25,2018,12,2
C00349506,2152018.0,25,2018,15,2
C00349506,2212018.0,25,2018,21,2
C00349506,2282018.0,25,2018,28,2
C00349506,2282018.0,25,2018,28,2
C00349506,2062018.0,200,2018,06,2
C00349506,2282018.0,100,2018,28,2
C00349506,2162018.0,500,2018,16,2
C00349506,2162018.0,10,2018,16,2
C00349506,2152018.0,100,2018,15,2
C00349506,2232018.0,250,2018,23,2
C00349506,2062018.0,250,2018,06,2
C00349506,2062018.0,250,2018,06,2
C00349506,2062018.0,50,2018,06,2
C00349506,2152018.0,50,2018,15,2
C00349506,2062018.0,100,2018,06,2
C00349506,2152018.0,100,2018,15,2
C00349506,2222018.0,25,2018,22,2
C00349506,2062018.0,25,2018,06,2
C00349506,2262018.0,1000,2018,26,2
C00349506,2162018.0,5,2018,16,2
C00349506,2222018.0,35,2018,22,2
C00349506,2062018.0,100,2018,06,2
C00349506,2072018.0,10,2018,07,2
C00349506,2062018.0,150,2018,06,2
C00349506,2062018.0,50,2018,06,2
C00349506,2062018.0,100,2018,06,2
C00349506,2282018.0,50,2018,28,2
C00349506,2262018.0,250,2018,26,2
C00349506,2282018.0,10,2018,28,2
C00349506,2132018.0,6,2018,13,2
C00349506,2222018.0,100,2018,22,2
C00349506,2242018.0,100,2018,24,2
C00349506,2192018.0,25,2018,19,2
C00349506,2062018.0,100,2018,06,2
C00349506,2222018.0,55,2018,22,2
C00349506,2062018.0,50,2018,06,2
C00349506,2062018.0,35,2018,06,2
C00349506,2062018.0,20,2018,06,2
C00349506,2252018.0,25,2018,25,2
C00349506,2032018.0,25,2018,03,2
C00349506,2162018.0,100,2018,16,2
C00349506,2062018.0,250,2018,06,2
C00349506,2062018.0,50,2018,06,2
C00349506,2282018.0,50,2018,28,2
C00349506,2062018.0,35,2018,06,2
C00349506,2152018.0,50,2018,15,2
C00349506,2122018.0,100,2018,12,2
C00349506,2282018.0,35,2018,28,2
C00349506,2102018.0,100,2018,10,2
C00349506,2282018.0,5,2018,28,2
C00349506,2122018.0,25,2018,12,2
C00349506,2122018.0,50,2018,12,2
C00349506,2282018.0,50,2018,28,2
C00349506,2212018.0,25,2018,21,2
C00349506,2062018.0,35,2018,06,2
C00349506,2152018.0,100,2018,15,2
C00349506,2202018.0,6,2018,20,2
C00349506,2062018.0,4,2018,06,2
C00349506,2072018.0,5,2018,07,2
C00349506,2152018.0,25,2018,15,2
C00349506,2062018.0,25,2018,06,2
C00349506,2282018.0,50,2018,28,2
C00349506,2282018.0,25,2018,28,2
C00349506,2152018.0,100,2018,15,2
C00349506,2152018.0,100,2018,15,2
C00349506,2222018.0,25,2018,22,2
C00349506,2222018.0,100,2018,22,2
C00349506,2162018.0,1500,2018,16,2
C00349506,2062018.0,50,2018,06,2
C00349506,2012018.0,25,2018,01,2
C00349506,2062018.0,150,2018,06,2
C00349506,2282018.0,25,2018,28,2
C00349506,2062018.0,200,2018,06,2
C00349506,2062018.0,800,2018,06,2
C00349506,2072018.0,500,2018,07,2
C00349506,2162018.0,50,2018,16,2
C00349506,2062018.0,100,2018,06,2
C00349506,2062018.0,25,2018,06,2
C00349506,2182018.0,500,2018,18,2
C00349506,2252018.0,100,2018,25,2
C00349506,2262018.0,100,2018,26,2
C00349506,2282018.0,25,2018,28,2
C00349506,2062018.0,50,2018,06,2
C00349506,2132018.0,50,2018,13,2
C00349506,2062018.0,100,2018,06,2
C00349506,2012018.0,25,2018,01,2
C00349506,2232018.0,25,2018,23,2
C00349506,2152018.0,50,2018,15,2
C00349506,2062018.0,50,2018,06,2
C00349506,2062018.0,100,2018,06,2
C00349506,2062018.0,100,2018,06,2
C00349506,2282018.0,50,2018,28,2
C00349506,2062018.0,100,2018,06,2
C00349506,2172018.0,2700,2018,17,2
C00349506,2282018.0,100,2018,28,2
C00349506,2232018.0,25,2018,23,2
C00349506,2062018.0,25,2018,06,2
C00349506,2262018.0,250,2018,26,2
C00349506,2172018.0,25,2018,17,2
C00349506,2152018.0,50,2018,15,2
C00349506,2062018.0,50,2018,06,2
C00349506,2282018.0,25,2018,28,2
C00349506,2012018.0,500,2018,01,2
C00349506,2082018.0,1000,2018,08,2
C00349506,2282018.0,25,2018,28,2
C00349506,2212018.0,10,2018,21,2
C00349506,2032018.0,100,2018,03,2
C00349506,2232018.0,10,2018,23,2
C00349506,2282018.0,30,2018,28,2
C00349506,2152018.0,50,2018,15,2
C00349506,2062018.0,50,2018,06,2
C00349506,2062018.0,75,2018,06,2
C00349506,2062018.0,35,2018,06,2
C00349506,2282018.0,25,2018,28,2
C00349506,2262018.0,1000,2018,26,2
C00349506,2262018.0,25,2018,26,2
C00349506,2062018.0,100,2018,06,2
C00349506,2152018.0,5,2018,15,2
C00349506,2272018.0,5,2018,27,2
C00349506,2282018.0,5,2018,28,2
C00349506,2172018.0,25,2018,17,2
C00349506,2062018.0,35,2018,06,2
C00349506,2052018.0,15,2018,05,2
C00349506,2262018.0,500,2018,26,2
C00349506,2282018.0,25,2018,28,2
C00349506,2282018.0,15,2018,28,2
C00349506,2062018.0,35,2018,06,2
C00349506,2012018.0,25,2018,01,2
C00349506,2062018.0,75,2018,06,2
C00349506,2282018.0,100,2018,28,2
C00349506,2282018.0,75,2018,28,2
C00349506,2252018.0,25,2018,25,2
C00349506,2062018.0,50,2018,06,2
C00349506,2122018.0,50,2018,12,2
C00349506,2062018.0,150,2018,06,2
C00349506,2152018.0,10,2018,15,2
C00349506,2152018.0,70,2018,15,2
C00349506,2282018.0,100,2018,28,2
C00349506,2062018.0,25,2018,06,2
C00349506,2152018.0,50,2018,15,2
C00349506,2262018.0,500,2018,26,2
C00349506,2082018.0,5,2018,08,2
C00349506,2132018.0,5,2018,13,2
C00349506,2052018.0,25,2018,05,2
C00349506,2062018.0,100,2018,06,2
C00349506,2062018.0,25,2018,06,2
C00349506,2062018.0,100,2018,06,2
C00349506,2222018.0,50,2018,22,2
C00349506,2282018.0,25,2018,28,2
C00349506,2262018.0,75,2018,26,2
C00349506,2062018.0,100,2018,06,2
C00349506,2282018.0,1000,2018,28,2
C00349506,2152018.0,250,2018,15,2
C00349506,2262018.0,1000,2018,26,2
C00349506,2262018.0,25,2018,26,2
C00349506,2282018.0,35,2018,28,2
C00349506,2262018.0,10,2018,26,2
C00349506,2062018.0,50,2018,06,2
C00349506,2192018.0,5,2018,19,2
C00349506,2062018.0,100,2018,06,2
C00349506,2282018.0,500,2018,28,2
C00349506,2242018.0,5,2018,24,2
C00349506,2062018.0,50,2018,06,2
C00349506,2272018.0,100,2018,27,2
C00349506,2012018.0,250,2018,01,2
C00349506,2062018.0,100,2018,06,2
C00349506,2062018.0,35,2018,06,2
C00349506,2282018.0,50,2018,28,2
C00349506,2012018.0,25,2018,01,2
C00349506,2282018.0,100,2018,28,2
C00349506,2062018.0,100,2018,06,2
C00349506,2152018.0,50,2018,15,2
C00349506,2212018.0,10,2018,21,2
C00349506,2132018.0,400,2018,13,2
C00349506,2132018.0,600,2018,13,2
C00349506,2062018.0,50,2018,06,2
C00349506,2062018.0,30,2018,06,2
C00349506,2272018.0,25,2018,27,2
C00349506,2222018.0,10,2018,22,2
C00349506,2172018.0,25,2018,17,2
C00349506,2222018.0,10,2018,22,2
C00349506,2282018.0,25,2018,28,2
C00349506,2222018.0,25,2018,22,2
C00349506,2062018.0,100,2018,06,2
C00349506,2152018.0,5,2018,15,2
C00349506,2182018.0,5,2018,18,2
C00349506,2282018.0,5,2018,28,2
C00349506,2062018.0,50,2018,06,2
C00349506,2062018.0,35,2018,06,2
C00349506,2062018.0,25,2018,06,2
C00349506,2122018.0,10,2018,12,2
C00349506,2262018.0,10,2018,26,2
C00349506,2062018.0,35,2018,06,2
C00349506,2152018.0,100,2018,15,2
C00349506,2062018.0,35,2018,06,2
C00349506,2132018.0,1500,2018,13,2
C00349506,2152018.0,100,2018,15,2
C00349506,2172018.0,25,2018,17,2
C00349506,2092018.0,1000,2018,09,2
C00349506,2132018.0,1000,2018,13,2
C00349506,2152018.0,35,2018,15,2
C00349506,2062018.0,100,2018,06,2
C00349506,2062018.0,50,2018,06,2
C00349506,2012018.0,250,2018,01,2
C00349506,2232018.0,2500,2018,23,2
C00349506,2132018.0,100,2018,13,2
C00349506,2062018.0,50,2018,06,2
C00349506,2152018.0,500,2018,15,2
C00349506,2132018.0,35,2018,13,2
C00349506,2262018.0,25,2018,26,2
C00349506,2062018.0,10,2018,06,2
C00349506,2172018.0,5,2018,17,2
C00349506,2062018.0,100,2018,06,2
C00349506,2132018.0,50,2018,13,2
C00349506,2062018.0,250,2018,06,2
C00349506,2062018.0,10,2018,06,2
C00349506,2252018.0,5,2018,25,2
C00349506,2272018.0,200,2018,27,2
C00349506,2062018.0,35,2018,06,2
C00349506,2152018.0,35,2018,15,2
C00349506,2152018.0,50,2018,15,2
C00349506,2202018.0,25,2018,20,2
C00349506,2252018.0,5,2018,25,2
C00349506,2162018.0,12,2018,16,2
C00349506,2052018.0,6,2018,05,2
C00349506,2252018.0,6,2018,25,2
C00349506,2062018.0,50,2018,06,2
C00349506,2152018.0,25,2018,15,2
C00349506,2162018.0,25,2018,16,2
C00349506,2152018.0,50,2018,15,2
C00349506,2122018.0,25,2018,12,2
C00349506,2262018.0,10,2018,26,2
C00349506,2062018.0,250,2018,06,2
C00349506,2062018.0,20,2018,06,2
C00349506,2282018.0,25,2018,28,2
C00349506,2062018.0,30,2018,06,2
C00349506,2262018.0,15,2018,26,2
C00349506,2222018.0,1000,2018,22,2
C00349506,2022018.0,250,2018,02,2
C00349506,2062018.0,250,2018,06,2
C00349506,2022018.0,5,2018,02,2
C00349506,2112018.0,25,2018,11,2
C00349506,2222018.0,50,2018,22,2
C00349506,2152018.0,200,2018,15,2
C00349506,2222018.0,1000,2018,22,2
C00349506,2062018.0,35,2018,06,2
C00349506,2102018.0,15,2018,10,2
C00349506,2062018.0,250,2018,06,2
C00349506,2282018.0,100,2018,28,2
C00349506,2062018.0,50,2018,06,2
C00349506,2062018.0,500,2018,06,2
C00349506,2062018.0,200,2018,06,2
C00349506,2172018.0,25,2018,17,2
C00349506,2062018.0,50,2018,06,2
C00349506,2062018.0,100,2018,06,2
C00349506,2262018.0,500,2018,26,2
C00349506,2102018.0,50,2018,10,2
C00349506,2222018.0,50,2018,22,2
C00349506,2282018.0,50,2018,28,2
C00349506,2132018.0,200,2018,13,2
C00349506,2062018.0,35,2018,06,2
C00349506,2152018.0,100,2018,15,2
C00349506,2062018.0,100,2018,06,2
C00349506,2282018.0,50,2018,28,2
C00349506,2162018.0,2000,2018,16,2
C00349506,2282018.0,25,2018,28,2
C00349506,2012018.0,27,2018,01,2
C00349506,2172018.0,10,2018,17,2
C00349506,2232018.0,5,2018,23,2
C00349506,2062018.0,100,2018,06,2
C00349506,2212018.0,200,2018,21,2
C00349506,2272018.0,25,2018,27,2
C00349506,2182018.0,25,2018,18,2
C00349506,2162018.0,100,2018,16,2
C00349506,2282018.0,50,2018,28,2
C00349506,2262018.0,300,2018,26,2
C00349506,2202018.0,10,2018,20,2
C00349506,2062018.0,50,2018,06,2
C00349506,2072018.0,15,2018,07,2
C00349506,2062018.0,25,2018,06,2
C00349506,2172018.0,25,2018,17,2
C00349506,2262018.0,500,2018,26,2
C00349506,2092018.0,9,2018,09,2
C00349506,2122018.0,100,2018,12,2
C00349506,2072018.0,200,2018,07,2
C00349506,2282018.0,100,2018,28,2
C00349506,2152018.0,50,2018,15,2
C00349506,2272018.0,25,2018,27,2
C00349506,2072018.0,5,2018,07,2
C00349506,2162018.0,5,2018,16,2
C00349506,2242018.0,5,2018,24,2
C00349506,2062018.0,20,2018,06,2
C00349506,2282018.0,6,2018,28,2
C00349506,2062018.0,35,2018,06,2
C00349506,2282018.0,10,2018,28,2
C00349506,2082018.0,25,2018,08,2
C00349506,2182018.0,25,2018,18,2
C00349506,2132018.0,25,2018,13,2
C00349506,2062018.0,100,2018,06,2
C00349506,2262018.0,250,2018,26,2
C00349506,2192018.0,25,2018,19,2
C00349506,2062018.0,200,2018,06,2
C00349506,2152018.0,100,2018,15,2
C00349506,2062018.0,250,2018,06,2
C00349506,2062018.0,500,2018,06,2
C00349506,2212018.0,100,2018,21,2
C00349506,2072018.0,250,2018,07,2
C00349506,2062018.0,100,2018,06,2
C00349506,2282018.0,100,2018,28,2
C00349506,2102018.0,100,2018,10,2
C00349506,2282018.0,50,2018,28,2
C00349506,2222018.0,10,2018,22,2
C00349506,2282018.0,6,2018,28,2
C00349506,2062018.0,50,2018,06,2
C00349506,2062018.0,50,2018,06,2
C00349506,2062018.0,10,2018,06,2
C00349506,2282018.0,150,2018,28,2
C00349506,2282018.0,100,2018,28,2
C00349506,2132018.0,250,2018,13,2
C00349506,2062018.0,50,2018,06,2
C00349506,2072018.0,25,2018,07,2
C00349506,2062018.0,100,2018,06,2
C00349506,2012018.0,15,2018,01,2
C00349506,2262018.0,500,2018,26,2
C00349506,2282018.0,100,2018,28,2
C00349506,2082018.0,5,2018,08,2
C00349506,2272018.0,25,2018,27,2
C00349506,2012018.0,25,2018,01,2
C00349506,2062018.0,50,2018,06,2
C00349506,2232018.0,10,2018,23,2
C00349506,2122018.0,75,2018,12,2
C00349506,2062018.0,35,2018,06,2
C00349506,2152018.0,35,2018,15,2
C00349506,2152018.0,25,2018,15,2
C00349506,2242018.0,6,2018,24,2
C00349506,2262018.0,6,2018,26,2
C00349506,2112018.0,5,2018,11,2
C00349506,2282018.0,50,2018,28,2
C00349506,2152018.0,50,2018,15,2
C00349506,2122018.0,25,2018,12,2
C00349506,2062018.0,25,2018,06,2
C00349506,2282018.0,5,2018,28,2
C00349506,2062018.0,25,2018,06,2
C00349506,2162018.0,100,2018,16,2
C00349506,2062018.0,25,2018,06,2
C00349506,2022018.0,1000,2018,02,2
C00349506,2062018.0,501,2018,06,2
C00349506,2162018.0,222,2018,16,2
C00349506,2262018.0,25,2018,26,2
C00349506,2062018.0,35,2018,06,2
C00349506,2062018.0,25,2018,06,2
C00349506,2212018.0,2700,2018,21,2
C00349506,2212018.0,2700,2018,21,2
C00349506,2062018.0,250,2018,06,2
C00349506,2062018.0,35,2018,06,2
C00349506,2262018.0,500,2018,26,2
C00349506,2162018.0,1250,2018,16,2
C00349506,2162018.0,1250,2018,16,2
C00349506,2042018.0,25,2018,04,2
C00349506,2072018.0,500,2018,07,2
C00349506,2152018.0,100,2018,15,2
C00349506,2122018.0,6,2018,12,2
C00349506,2282018.0,25,2018,28,2
C00349506,2062018.0,50,2018,06,2
C00349506,2152018.0,50,2018,15,2
C00349506,2122018.0,100,2018,12,2
C00349506,2212018.0,250,2018,21,2
C00349506,2172018.0,5,2018,17,2
C00349506,2222018.0,100,2018,22,2
C00349506,2062018.0,50,2018,06,2
C00349506,2162018.0,25,2018,16,2
C00349506,2212018.0,25,2018,21,2
C00349506,2062018.0,250,2018,06,2
C00349506,2062018.0,1000,2018,06,2
C00349506,2282018.0,5,2018,28,2
C00349506,2282018.0,100,2018,28,2
C00349506,2062018.0,100,2018,06,2
C00349506,2062018.0,25,2018,06,2
C00349506,2082018.0,20,2018,08,2
C00349506,2172018.0,5,2018,17,2
C00349506,2172018.0,5,2018,17,2
C00349506,2162018.0,25,2018,16,2
C00349506,2062018.0,40,2018,06,2
C00349506,2052018.0,500,2018,05,2
C00349506,2052018.0,500,2018,05,2
C00349506,2052018.0,500,2018,05,2
C00349506,2272018.0,100,2018,27,2
C00349506,2162018.0,12,2018,16,2
C00349506,2202018.0,5,2018,20,2
C00349506,2262018.0,500,2018,26,2
C00349506,2262018.0,1000,2018,26,2
C00349506,2092018.0,25,2018,09,2
C00349506,2132018.0,25,2018,13,2
C00349506,2062018.0,30,2018,06,2
C00349506,2262018.0,250,2018,26,2
C00349506,2212018.0,250,2018,21,2
C00349506,2062018.0,50,2018,06,2
C00349506,2262018.0,100,2018,26,2
C00349506,2052018.0,250,2018,05,2
C00349506,2152018.0,500,2018,15,2
C00349506,2062018.0,100,2018,06,2
C00349506,2152018.0,55,2018,15,2
C00349506,2282018.0,100,2018,28,2
C00349506,2152018.0,100,2018,15,2
C00349506,2082018.0,5,2018,08,2
C00349506,2122018.0,10,2018,12,2
C00349506,2172018.0,25,2018,17,2
C00349506,2152018.0,250,2018,15,2
C00349506,2222018.0,25,2018,22,2
C00349506,2062018.0,25,2018,06,2
C00349506,2092018.0,45,2018,09,2
C00349506,2062018.0,25,2018,06,2
C00349506,2282018.0,100,2018,28,2
C00349506,2212018.0,1000,2018,21,2
C00349506,2162018.0,5,2018,16,2
C00349506,2102018.0,40,2018,10,2
C00349506,2062018.0,35,2018,06,2
C00349506,2012018.0,5,2018,01,2
C00349506,2122018.0,10,2018,12,2
C00349506,2122018.0,100,2018,12,2
C00349506,2222018.0,100,2018,22,2
C00349506,2282018.0,6,2018,28,2
C00349506,2262018.0,50,2018,26,2
C00349506,2262018.0,25,2018,26,2
C00349506,2062018.0,25,2018,06,2
C00349506,2222018.0,5,2018,22,2
C00349506,2262018.0,500,2018,26,2
C00349506,2262018.0,500,2018,26,2
C00349506,2282018.0,200,2018,28,2
C00349506,2152018.0,35,2018,15,2
C00349506,2062018.0,50,2018,06,2
C00349506,2062018.0,35,2018,06,2
C00349506,2062018.0,10,2018,06,2
C00349506,2152018.0,75,2018,15,2
C00349506,2062018.0,50,2018,06,2
C00349506,2232018.0,1000,2018,23,2
C00349506,2282018.0,100,2018,28,2
C00349506,2062018.0,50,2018,06,2
C00349506,2062018.0,250,2018,06,2
C00349506,2262018.0,25,2018,26,2
C00349506,2212018.0,250,2018,21,2
C00349506,2232018.0,1000,2018,23,2
C00349506,2212018.0,6,2018,21,2
C00349506,2282018.0,50,2018,28,2
C00349506,2122018.0,100,2018,12,2
C00349506,2152018.0,100,2018,15,2
C00349506,2162018.0,25,2018,16,2
C00349506,2102018.0,50,2018,10,2
C00349506,2062018.0,25,2018,06,2
C00349506,2062018.0,100,2018,06,2
C00349506,2062018.0,50,2018,06,2
C00349506,2282018.0,50,2018,28,2
C00349506,2232018.0,25,2018,23,2
C00349506,2152018.0,10,2018,15,2
C00349506,2062018.0,25,2018,06,2
C00349506,2062018.0,100,2018,06,2
C00349506,2062018.0,20,2018,06,2
C00349506,2062018.0,100,2018,06,2
C00349506,2232018.0,500,2018,23,2
C00349506,2062018.0,50,2018,06,2
C00349506,2162018.0,25,2018,16,2
C00349506,2242018.0,15,2018,24,2
C00349506,2062018.0,50,2018,06,2
C00349506,2022018.0,500,2018,02,2
C00349506,2062018.0,200,2018,06,2
C00349506,2152018.0,50,2018,15,2
C00349506,2062018.0,25,2018,06,2
C00349506,2152018.0,100,2018,15,2
C00349506,2172018.0,5,2018,17,2
C00349506,2222018.0,50,2018,22,2
C00349506,2212018.0,5,2018,21,2
C00349506,2022018.0,1000,2018,02,2
C00349506,2232018.0,1000,2018,23,2
C00349506,2062018.0,50,2018,06,2
C00349506,2122018.0,25,2018,12,2
C00349506,2052018.0,500,2018,05,2
C00349506,2152018.0,200,2018,15,2
C00349506,2272018.0,25,2018,27,2
C00349506,2282018.0,100,2018,28,2
C00349506,2152018.0,250,2018,15,2
C00349506,2222018.0,100,2018,22,2
C00349506,2222018.0,1000,2018,22,2
C00349506,2282018.0,100,2018,28,2
C00349506,2222018.0,25,2018,22,2
C00349506,2072018.0,10,2018,07,2
C00349506,2152018.0,25,2018,15,2
C00349506,2282018.0,25,2018,28,2
C00349506,2262018.0,5,2018,26,2
C00349506,2152018.0,20,2018,15,2
C00349506,2152018.0,50,2018,15,2
C00349506,2062018.0,25,2018,06,2
C00349506,2222018.0,50,2018,22,2
C00349506,2052018.0,500,2018,05,2
C00349506,2052018.0,500,2018,05,2
C00349506,2052018.0,500,2018,05,2
C00349506,2052018.0,500,2018,05,2
C00349506,2282018.0,4,2018,28,2
C00349506,2062018.0,35,2018,06,2
C00349506,2062018.0,35,2018,06,2
C00349506,2182018.0,100,2018,18,2
C00349506,2062018.0,35,2018,06,2
C00349506,2062018.0,100,2018,06,2
C00349506,2222018.0,6,2018,22,2
C00349506,2012018.0,100,2018,01,2
C00349506,2282018.0,35,2018,28,2
C00349506,2062018.0,50,2018,06,2
C00349506,2212018.0,100,2018,21,2
C00349506,2282018.0,100,2018,28,2
C00349506,2012018.0,25,2018,01,2
C00349506,2072018.0,500,2018,07,2
C00349506,2282018.0,25,2018,28,2
C00349506,2152018.0,100,2018,15,2
C00349506,2062018.0,35,2018,06,2
C00349506,2152018.0,16,2018,15,2
C00349506,2282018.0,250,2018,28,2
C00349506,2062018.0,100,2018,06,2
C00349506,2062018.0,100,2018,06,2
C00349506,2052018.0,500,2018,05,2
C00349506,2052018.0,500,2018,05,2
C00349506,2062018.0,100,2018,06,2
C00349506,2232018.0,2500,2018,23,2
C00349506,2172018.0,25,2018,17,2
C00349506,2152018.0,25,2018,15,2
C00608398,2232018.0,50,2018,23,2
C00608398,2232018.0,1300,2018,23,2
C00608398,2232018.0,50,2018,23,2
C00608398,2232018.0,1350,2018,23,2
C00608398,2232018.0,1350,2018,23,2
C00608398,2062018.0,2700,2018,06,2
C00608398,2062018.0,50,2018,06,2
C00608398,2232018.0,500,2018,23,2
C00608398,2232018.0,2700,2018,23,2
C00608398,2222018.0,1000,2018,22,2
C00608398,2272018.0,100,2018,27,2
C00608398,2272018.0,2600,2018,27,2
C00608398,2232018.0,1000,2018,23,2
C00608398,2062018.0,1000,2018,06,2
C00608398,2012018.0,600,2018,01,2
C00608398,2232018.0,1300,2018,23,2
C00608398,2232018.0,50,2018,23,2
C00608398,2232018.0,1300,2018,23,2
C00608398,2232018.0,50,2018,23,2
C00608398,2012018.0,600,2018,01,2
C00608398,2062018.0,500,2018,06,2
C00608398,2012018.0,600,2018,01,2
C00608398,2132018.0,1000,2018,13,2
C00608398,2232018.0,2700,2018,23,2
C00608398,2212018.0,1350,2018,21,2
C00608398,2162018.0,2700,2018,16,2
C00608398,2232018.0,1350,2018,23,2
C00608398,2232018.0,1350,2018,23,2
C00608398,2052018.0,2700,2018,05,2
C00608398,2232018.0,1000,2018,23,2
C00608398,2062018.0,1000,2018,06,2
C00608398,2232018.0,1000,2018,23,2
C00608398,2232018.0,1350,2018,23,2
C00608398,2122018.0,2700,2018,12,2
C00608398,2012018.0,600,2018,01,2
C00608398,2232018.0,2700,2018,23,2
C00608398,2272018.0,1000,2018,27,2
C00608398,2232018.0,2700,2018,23,2
C00608398,2132018.0,1000,2018,13,2
C00608398,2232018.0,1350,2018,23,2
C00608398,2232018.0,1350,2018,23,2
C00608398,2232018.0,2700,2018,23,2
C00608398,2082018.0,2700,2018,08,2
C00608398,2232018.0,500,2018,23,2
C00608398,2232018.0,500,2018,23,2
C00608398,2062018.0,350,2018,06,2
C00608398,2062018.0,2700,2018,06,2
C00608398,2232018.0,1000,2018,23,2
C00608398,2232018.0,500,2018,23,2
C00608398,2212018.0,2700,2018,21,2
C00608398,2232018.0,500,2018,23,2
C00608398,2232018.0,1300,2018,23,2
C00608398,2062018.0,2700,2018,06,2
C00608398,2062018.0,300,2018,06,2
C00608398,2012018.0,600,2018,01,2
C00608398,2082018.0,1400,2018,08,2
C00608398,2132018.0,1000,2018,13,2
C00608398,2082018.0,1300,2018,08,2
C00608398,2232018.0,1350,2018,23,2
C00608398,2232018.0,1350,2018,23,2
C00608398,2232018.0,2700,2018,23,2
C00608398,2082018.0,2700,2018,08,2
C00608398,2192018.0,2700,2018,19,2
C00608398,2232018.0,1000,2018,23,2
C00608398,2232018.0,1300,2018,23,2
C00608398,2232018.0,300,2018,23,2
C00608398,2232018.0,2400,2018,23,2
C00608398,2232018.0,1350,2018,23,2
C00608398,2232018.0,1350,2018,23,2
C00608398,2012018.0,250,2018,01,2
C00608398,2232018.0,1000,2018,23,2
C00608398,2232018.0,1300,2018,23,2
C00608398,2232018.0,50,2018,23,2
C00608398,2232018.0,1300,2018,23,2
C00608398,2232018.0,50,2018,23,2
C00608398,2232018.0,1300,2018,23,2
C00608398,2232018.0,50,2018,23,2
C00608398,2232018.0,1000,2018,23,2
C00608398,2232018.0,1350,2018,23,2
C00608398,2232018.0,1350,2018,23,2
C00608398,2052018.0,2700,2018,05,2
C00608398,2232018.0,2600,2018,23,2
C00608398,2232018.0,100,2018,23,2
C00608398,2012018.0,600,2018,01,2
C00608398,2202018.0,2700,2018,20,2
C00608398,2232018.0,1300,2018,23,2
C00608398,2232018.0,1400,2018,23,2
C00608398,2232018.0,1350,2018,23,2
C00608398,2232018.0,1350,2018,23,2
C00608398,2062018.0,2500,2018,06,2
C00608398,2232018.0,50,2018,23,2
C00608398,2272018.0,2700,2018,27,2
C00608398,2062018.0,1000,2018,06,2
C00608398,2232018.0,1700,2018,23,2
C00608398,2222018.0,1000,2018,22,2
C00608398,2062018.0,1000,2018,06,2
C00608398,2132018.0,2700,2018,13,2
C00608398,2222018.0,250,2018,22,2
C00608398,2232018.0,2700,2018,23,2
C00608398,2162018.0,225,2018,16,2
C00608398,2232018.0,1300,2018,23,2
C00608398,2012018.0,600,2018,01,2
C00608398,2062018.0,1000,2018,06,2
C00608398,2232018.0,2700,2018,23,2
C00608398,2082018.0,2500,2018,08,2
C00346312,2242018.0,25,2018,24,2
C00346312,2282018.0,25,2018,28,2
C00346312,2212018.0,1342,2018,21,2
C00346312,2092018.0,250,2018,09,2
C00346312,2282018.0,2,2018,28,2
C00346312,2212018.0,12,2018,21,2
C00346312,2212018.0,25,2018,21,2
C00346312,2272018.0,12,2018,27,2
C00346312,2152018.0,250,2018,15,2
C00346312,2212018.0,7,2018,21,2
C00346312,2192018.0,20,2018,19,2
C00346312,2072018.0,50,2018,07,2
C00346312,2162018.0,250,2018,16,2
C00346312,2072018.0,50,2018,07,2
C00346312,2232018.0,50,2018,23,2
C00346312,2242018.0,125,2018,24,2
C00346312,2072018.0,50,2018,07,2
C00346312,2232018.0,50,2018,23,2
C00346312,2122018.0,2,2018,12,2
C00346312,2212018.0,12,2018,21,2
C00346312,2212018.0,250,2018,21,2
C00346312,2232018.0,125,2018,23,2
C00346312,2072018.0,12,2018,07,2
C00346312,2082018.0,25,2018,08,2
C00346312,2132018.0,100,2018,13,2
C00346312,2232018.0,50,2018,23,2
C00346312,2242018.0,25,2018,24,2
C00346312,2162018.0,125,2018,16,2
C00346312,2072018.0,1350,2018,07,2
C00346312,2232018.0,50,2018,23,2
C00496075,2152018.0,500,2018,15,2
C00496075,2082018.0,5000,2018,08,2
C00496075,2082018.0,500,2018,08,2
C00496075,2062018.0,51,2018,06,2
C00496075,2102018.0,500,2018,10,2
C00496075,2082018.0,500,2018,08,2
C00496075,2082018.0,250,2018,08,2
C00496075,2022018.0,500,2018,02,2
C00496075,2192018.0,1000,2018,19,2
C00496075,2192018.0,2700,2018,19,2
C00496075,2222018.0,500,2018,22,2
C00496075,2072018.0,25,2018,07,2
C00496075,2052018.0,25,2018,05,2
C00496075,2052018.0,25,2018,05,2
C00496075,2162018.0,500,2018,16,2
C00496075,2282018.0,20,2018,28,2
C00496075,2162018.0,25,2018,16,2
C00496075,2192018.0,2000,2018,19,2
C00496075,2202018.0,25,2018,20,2
C00496075,2022018.0,25,2018,02,2
C00496075,2102018.0,500,2018,10,2
C00496075,2102018.0,50,2018,10,2
C00496075,2092018.0,175,2018,09,2
C00496075,2202018.0,25,2018,20,2
C00330886,2212018.0,2700,2018,21,2
C00330886,2102018.0,1000,2018,10,2
C00330886,2262018.0,1000,2018,26,2
C00330886,2082018.0,1000,2018,08,2
C00459255,2162018.0,250,2018,16,2
C00459255,2282018.0,1000,2018,28,2
C00459255,2052018.0,5400,2018,05,2
C00459255,2222018.0,2700,2018,22,2
C00459255,2222018.0,2700,2018,22,2
C00545772,2152018.0,500,2018,15,2
C00545772,2282018.0,250,2018,28,2
C00545772,2262018.0,2700,2018,26,2
C00545772,2262018.0,2700,2018,26,2
C00545772,2012018.0,1000,2018,01,2
C00545772,2012018.0,500,2018,01,2
C00545772,2092018.0,100,2018,09,2
C00545772,2272018.0,250,2018,27,2
C00545772,2202018.0,1000,2018,20,2
C00545772,2282018.0,25,2018,28,2
C00545772,2012018.0,1000,2018,01,2
C00545772,2012018.0,1000,2018,01,2
C00545772,2052018.0,1000,2018,05,2
C00545772,2282018.0,2700,2018,28,2
C00545772,2162018.0,100,2018,16,2
C00545772,2092018.0,1000,2018,09,2
C00545772,2262018.0,2700,2018,26,2
C00545772,2272018.0,500,2018,27,2
C00545772,2202018.0,500,2018,20,2
C00545772,2012018.0,500,2018,01,2
C00545772,2202018.0,500,2018,20,2
C00545772,2262018.0,2700,2018,26,2
C00545772,2282018.0,250,2018,28,2
C00545772,2262018.0,2700,2018,26,2
C00545772,2052018.0,500,2018,05,2
C00545772,2012018.0,500,2018,01,2
C00545772,2092018.0,1000,2018,09,2
C00545772,2202018.0,750,2018,20,2
C00545772,2262018.0,500,2018,26,2
C00545772,2202018.0,1000,2018,20,2
C00545772,2202018.0,1000,2018,20,2
C00545772,2132018.0,800,2018,13,2
C00545772,2132018.0,1700,2018,13,2
C00545772,2262018.0,1750,2018,26,2
C00545772,2262018.0,1000,2018,26,2
C00545772,2262018.0,2500,2018,26,2
C00545772,2122018.0,500,2018,12,2
C00545772,2012018.0,50,2018,01,2
C00545772,2282018.0,50,2018,28,2
C00545772,2262018.0,2700,2018,26,2
C00545772,2202018.0,500,2018,20,2
C00545772,2212018.0,500,2018,21,2
C00545772,2162018.0,500,2018,16,2
C00545772,2052018.0,500,2018,05,2
C00545772,2012018.0,500,2018,01,2
C00545772,2102018.0,25,2018,10,2
C00545772,2262018.0,1000,2018,26,2
C00545772,2212018.0,500,2018,21,2
C00545772,2262018.0,1000,2018,26,2
C00545772,2202018.0,500,2018,20,2
C00545772,2262018.0,2700,2018,26,2
C00545772,2052018.0,1000,2018,05,2
C00545772,2132018.0,500,2018,13,2
C00545772,2132018.0,500,2018,13,2
C00545772,2202018.0,500,2018,20,2
C00545772,2262018.0,500,2018,26,2
C00633255,2012018.0,1000,2018,01,2
C00633255,2192018.0,250,2018,19,2
C00633255,2222018.0,250,2018,22,2
C00633255,2082018.0,500,2018,08,2
C00633255,2072018.0,2700,2018,07,2
C00633255,2022018.0,1000,2018,02,2
C00633255,2262018.0,500,2018,26,2
C00633255,2232018.0,500,2018,23,2
C00633255,2182018.0,250,2018,18,2
C00633255,2052018.0,500,2018,05,2
C00633255,2132018.0,250,2018,13,2
C00633255,2062018.0,2700,2018,06,2
C00633255,2262018.0,100,2018,26,2
C00633255,2152018.0,500,2018,15,2
C00633255,2262018.0,1000,2018,26,2
C00633255,2152018.0,250,2018,15,2
C00633255,2262018.0,500,2018,26,2
C00633255,2282018.0,25,2018,28,2
C00633255,2132018.0,50,2018,13,2
C00633255,2052018.0,250,2018,05,2
C00633255,2082018.0,1000,2018,08,2
C00633255,2202018.0,250,2018,20,2
C00633255,2212018.0,25,2018,21,2
C00633255,2212018.0,95,2018,21,2
C00633255,2262018.0,2700,2018,26,2
C00633255,2272018.0,1000,2018,27,2
C00633255,2272018.0,25,2018,27,2
C00633255,2262018.0,2700,2018,26,2
C00633255,2122018.0,1500,2018,12,2
C00633255,2202018.0,500,2018,20,2
C00633255,2072018.0,1000,2018,07,2
C00633255,2192018.0,250,2018,19,2
C00633255,2122018.0,1000,2018,12,2
C00671305,2162018.0,2700,2018,16,2
C00671305,2272018.0,500,2018,27,2
C00671305,2162018.0,2700,2018,16,2
C00671305,2212018.0,1000,2018,21,2
C00671305,2212018.0,1000,2018,21,2
C00671305,2212018.0,1000,2018,21,2
C00671305,2162018.0,2700,2018,16,2
C00671305,2272018.0,2700,2018,27,2
C00671305,2162018.0,2700,2018,16,2
C00671305,2272018.0,2700,2018,27,2
C00671305,2212018.0,300,2018,21,2
C00671305,2202018.0,225,2018,20,2
C00671305,2202018.0,2700,2018,20,2
C00671305,2202018.0,2700,2018,20,2
C00671305,2212018.0,1000,2018,21,2
C00671305,2212018.0,1000,2018,21,2
C00671305,2162018.0,2700,2018,16,2
C00671305,2212018.0,2700,2018,21,2
C00671305,2272018.0,2700,2018,27,2
C00671305,2272018.0,2700,2018,27,2
C00671305,2222018.0,2700,2018,22,2
C00671305,2272018.0,1000,2018,27,2
C00671305,2202018.0,2700,2018,20,2
C00671305,2202018.0,1000,2018,20,2
C00671305,2162018.0,2700,2018,16,2
C00671305,2222018.0,2700,2018,22,2
C00671305,2212018.0,2700,2018,21,2
C00671305,2212018.0,250,2018,21,2
C00671305,2212018.0,1000,2018,21,2
C00671305,2202018.0,2700,2018,20,2
C00671305,2272018.0,2700,2018,27,2
C00671305,2162018.0,2700,2018,16,2
C00457325,2222018.0,50,2018,22,2
C00457325,2082018.0,500,2018,08,2
C00457325,2272018.0,50,2018,27,2
C00457325,2282018.0,250,2018,28,2
C00457325,2082018.0,250,2018,08,2
C00457325,2212018.0,100,2018,21,2
C00457325,2262018.0,250,2018,26,2
C00457325,2262018.0,250,2018,26,2
C00457325,2282018.0,25,2018,28,2
C00457325,2212018.0,250,2018,21,2
C00457325,2282018.0,50,2018,28,2
C00457325,2252018.0,12,2018,25,2
C00457325,2132018.0,8,2018,13,2
C00457325,2032018.0,125,2018,03,2
C00457325,2022018.0,250,2018,02,2
C00457325,2082018.0,500,2018,08,2
C00457325,2032018.0,100,2018,03,2
C00457325,2272018.0,42,2018,27,2
C00457325,2112018.0,25,2018,11,2
C00457325,2052018.0,50,2018,05,2
C00457325,2282018.0,500,2018,28,2
C00457325,2122018.0,12,2018,12,2
C00457325,2082018.0,1500,2018,08,2
C00457325,2282018.0,200,2018,28,2
C00457325,2282018.0,800,2018,28,2
C00457325,2112018.0,250,2018,11,2
C00457325,2032018.0,50,2018,03,2
C00457325,2262018.0,37,2018,26,2
C00457325,2262018.0,12,2018,26,2
C00457325,2272018.0,25,2018,27,2
C00457325,2062018.0,10,2018,06,2
C00457325,2262018.0,10,2018,26,2
C00457325,2212018.0,50,2018,21,2
C00457325,2152018.0,10,2018,15,2
C00457325,2282018.0,25,2018,28,2
C00457325,2082018.0,250,2018,08,2
C00457325,2202018.0,250,2018,20,2
C00457325,2052018.0,10,2018,05,2
C00457325,2032018.0,25,2018,03,2
C00457325,2082018.0,9,2018,08,2
C00669093,2012018.0,2700,2018,01,2
C00669093,2012018.0,2700,2018,01,2
C00669093,2112018.0,500,2018,11,2
C00669093,2222018.0,2500,2018,22,2
C00669093,2072018.0,500,2018,07,2
C00669093,2082018.0,2700,2018,08,2
C00669093,2082018.0,2700,2018,08,2
C00669093,2082018.0,250,2018,08,2
C00669093,2162018.0,2700,2018,16,2
C00669093,2162018.0,2700,2018,16,2
C00669093,2162018.0,2700,2018,16,2
C00669093,2162018.0,2700,2018,16,2
C00669093,2072018.0,500,2018,07,2
C00669093,2122018.0,2700,2018,12,2
C00669093,2162018.0,2700,2018,16,2
C00669093,2222018.0,2700,2018,22,2
C00669093,2222018.0,2700,2018,22,2
C00669093,2222018.0,2700,2018,22,2
C00669093,2222018.0,2700,2018,22,2
C00669093,2092018.0,2700,2018,09,2
C00669093,2092018.0,2700,2018,09,2
C00669093,2092018.0,2700,2018,09,2
C00669093,2092018.0,2700,2018,09,2
C00669093,2012018.0,2700,2018,01,2
C00669093,2012018.0,2700,2018,01,2
C00669093,2132018.0,250,2018,13,2
C00669093,2022018.0,250,2018,02,2
C00669093,2262018.0,2300,2018,26,2
C00669093,2262018.0,2700,2018,26,2
C00669093,2122018.0,2700,2018,12,2
C00669093,2052018.0,2700,2018,05,2
C00669093,2092018.0,250,2018,09,2
C00669093,2092018.0,2700,2018,09,2
C00669093,2092018.0,2700,2018,09,2
C00669093,2092018.0,2700,2018,09,2
C00669093,2092018.0,2700,2018,09,2
C00669093,2122018.0,2700,2018,12,2
C00669093,2122018.0,2700,2018,12,2
C00669093,2122018.0,2700,2018,12,2
C00669093,2072018.0,250,2018,07,2
C00669093,2022018.0,1000,2018,02,2
C00669093,2072018.0,1000,2018,07,2
C00669093,2072018.0,500,2018,07,2
C00669093,2222018.0,500,2018,22,2
C00669093,2262018.0,2700,2018,26,2
C00669093,2262018.0,2700,2018,26,2
C00669093,2162018.0,2700,2018,16,2
C00669093,2162018.0,2700,2018,16,2
C00669093,2162018.0,2700,2018,16,2
C00669093,2022018.0,1000,2018,02,2
C00669093,2152018.0,2700,2018,15,2
C00669093,2152018.0,2700,2018,15,2
C00547976,2202018.0,2700,2018,20,2
C00547976,2282018.0,300,2018,28,2
C00547976,2122018.0,2700,2018,12,2
C00547976,2252018.0,10,2018,25,2
C00547976,2212018.0,2000,2018,21,2
C00547976,2282018.0,2700,2018,28,2
C00547976,2182018.0,10,2018,18,2
C00547976,2122018.0,1000,2018,12,2
C00547976,2112018.0,10,2018,11,2
C00547976,2122018.0,1700,2018,12,2
C00547976,2122018.0,2700,2018,12,2
C00547976,2202018.0,2700,2018,20,2
C00547976,2282018.0,2700,2018,28,2
C00547976,2122018.0,2700,2018,12,2
C00547976,2212018.0,500,2018,21,2
C00547976,2122018.0,2500,2018,12,2
C00547976,2282018.0,700,2018,28,2
C00547976,2042018.0,10,2018,04,2
C00491357,2192018.0,75,2018,19,2
C00491357,2192018.0,2700,2018,19,2
C00491357,2052018.0,25,2018,05,2
C00491357,2202018.0,300,2018,20,2
C00491357,2172018.0,250,2018,17,2
C00491357,2202018.0,500,2018,20,2
C00491357,2172018.0,250,2018,17,2
C00491357,2252018.0,2700,2018,25,2
C00491357,2252018.0,1350,2018,25,2
C00491357,2192018.0,100,2018,19,2
C00491357,2202018.0,500,2018,20,2
C00491357,2192018.0,1000,2018,19,2
C00491357,2202018.0,2700,2018,20,2
C00491357,2202018.0,2700,2018,20,2
C00491357,2282018.0,250,2018,28,2
C00491357,2192018.0,500,2018,19,2
C00491357,2272018.0,2700,2018,27,2
C00491357,2202018.0,100,2018,20,2
C00491357,2272018.0,1000,2018,27,2
C00491357,2202018.0,1000,2018,20,2
C00491357,2202018.0,1500,2018,20,2
C00491357,2202018.0,200,2018,20,2
C00436386,2072018.0,1000,2018,07,2
C00436386,2072018.0,100,2018,07,2
C00436386,2282018.0,500,2018,28,2
C00436386,2072018.0,500,2018,07,2
C00436386,2072018.0,1000,2018,07,2
C00436386,2072018.0,250,2018,07,2
C00436386,2072018.0,750,2018,07,2
C00436386,2072018.0,1000,2018,07,2
C00436386,2072018.0,750,2018,07,2
C00436386,2072018.0,500,2018,07,2
C00436386,2072018.0,1000,2018,07,2
C00436386,2072018.0,2700,2018,07,2
C00436386,2072018.0,500,2018,07,2
C00436386,2072018.0,1000,2018,07,2
C00436386,2282018.0,200,2018,28,2
C00436386,2282018.0,2700,2018,28,2
C00436386,2282018.0,1000,2018,28,2
C00436386,2282018.0,1000,2018,28,2
C00436386,2072018.0,250,2018,07,2
C00436386,2072018.0,500,2018,07,2
C00436386,2072018.0,500,2018,07,2
C00436386,2072018.0,250,2018,07,2
C00436386,2072018.0,500,2018,07,2
C00436386,2162018.0,2700,2018,16,2
C00436386,2072018.0,250,2018,07,2
C00436386,2072018.0,1000,2018,07,2
C00436386,2162018.0,2700,2018,16,2
C00436386,2162018.0,500,2018,16,2
C00436386,2162018.0,1000,2018,16,2
C00436386,2162018.0,250,2018,16,2
C00436386,2162018.0,500,2018,16,2
C00436386,2212018.0,1000,2018,21,2
C00436386,2212018.0,2700,2018,21,2
C00436386,2212018.0,2700,2018,21,2
C00436386,2212018.0,2700,2018,21,2
C00436386,2212018.0,2000,2018,21,2
C00436386,2212018.0,1000,2018,21,2
C00436386,2072018.0,1000,2018,07,2
C00436386,2072018.0,100,2018,07,2
C00436386,2072018.0,500,2018,07,2
C00436386,2072018.0,1000,2018,07,2
C00436386,2072018.0,250,2018,07,2
C00436386,2072018.0,750,2018,07,2
C00436386,2072018.0,1000,2018,07,2
C00436386,2072018.0,500,2018,07,2
C00436386,2072018.0,1000,2018,07,2
C00436386,2072018.0,750,2018,07,2
C00436386,2072018.0,2700,2018,07,2
C00436386,2072018.0,500,2018,07,2
C00436386,2072018.0,1000,2018,07,2
C00436386,2072018.0,250,2018,07,2
C00436386,2072018.0,500,2018,07,2
C00436386,2072018.0,500,2018,07,2
C00436386,2072018.0,250,2018,07,2
C00436386,2072018.0,500,2018,07,2
C00436386,2072018.0,250,2018,07,2
C00436386,2072018.0,1000,2018,07,2
C00436386,2162018.0,2700,2018,16,2
C00436386,2162018.0,2700,2018,16,2
C00436386,2162018.0,500,2018,16,2
C00436386,2162018.0,1000,2018,16,2
C00436386,2162018.0,250,2018,16,2
C00436386,2162018.0,500,2018,16,2
C00436386,2212018.0,1000,2018,21,2
C00436386,2212018.0,2700,2018,21,2
C00436386,2212018.0,2700,2018,21,2
C00436386,2212018.0,2700,2018,21,2
C00436386,2212018.0,2000,2018,21,2
C00436386,2212018.0,1000,2018,21,2
C00436386,2282018.0,500,2018,28,2
C00436386,2282018.0,2700,2018,28,2
C00436386,2282018.0,1000,2018,28,2
C00436386,2282018.0,1000,2018,28,2
C00436386,2282018.0,200,2018,28,2
C00438713,2252018.0,250,2018,25,2
C00438713,2262018.0,25,2018,26,2
C00438713,2262018.0,1000,2018,26,2
C00438713,2152018.0,250,2018,15,2
C00438713,2152018.0,500,2018,15,2
C00438713,2282018.0,250,2018,28,2
C00438713,2092018.0,1000,2018,09,2
C00438713,2152018.0,500,2018,15,2
C00438713,2262018.0,1000,2018,26,2
C00438713,2152018.0,1000,2018,15,2
C00438713,2152018.0,500,2018,15,2
C00438713,2262018.0,1000,2018,26,2
C00438713,2232018.0,100,2018,23,2
C00438713,2072018.0,1000,2018,07,2
C00438713,2212018.0,1000,2018,21,2
C00438713,2232018.0,100,2018,23,2
C00438713,2152018.0,250,2018,15,2
C00438713,2092018.0,1000,2018,09,2
C00438713,2262018.0,1000,2018,26,2
C00438713,2192018.0,235,2018,19,2
C00438713,2232018.0,100,2018,23,2
C00438713,2282018.0,250,2018,28,2
C00438713,2272018.0,50,2018,27,2
C00438713,2072018.0,25,2018,07,2
C00438713,2012018.0,25,2018,01,2
C00438713,2232018.0,50,2018,23,2
C00438713,2252018.0,1000,2018,25,2
C00438713,2282018.0,100,2018,28,2
C00438713,2262018.0,1000,2018,26,2
C00438713,2142018.0,35,2018,14,2
C00438713,2212018.0,1000,2018,21,2
C00438713,2152018.0,2700,2018,15,2
C00438713,2192018.0,500,2018,19,2
C00438713,2262018.0,1000,2018,26,2
C00438713,2092018.0,2500,2018,09,2
C00438713,2192018.0,1700,2018,19,2
C00438713,2012018.0,25,2018,01,2
C00438713,2092018.0,2500,2018,09,2
C00438713,2192018.0,1000,2018,19,2
C00438713,2262018.0,1000,2018,26,2
C00438713,2152018.0,2700,2018,15,2
C00438713,2262018.0,250,2018,26,2
C00438713,2092018.0,1000,2018,09,2
C00438713,2152018.0,500,2018,15,2
C00438713,2192018.0,500,2018,19,2
C00438713,2262018.0,1000,2018,26,2
C00438713,2262018.0,1000,2018,26,2
C00438713,2152018.0,1000,2018,15,2
C00438713,2122018.0,200,2018,12,2
C00438713,2122018.0,1800,2018,12,2
C00438713,2282018.0,50,2018,28,2
C00438713,2262018.0,500,2018,26,2
C00438713,2082018.0,2500,2018,08,2
C00438713,2152018.0,1700,2018,15,2
C00438713,2262018.0,40,2018,26,2
C00438713,2192018.0,25,2018,19,2
C00438713,2232018.0,50,2018,23,2
C00438713,2282018.0,10,2018,28,2
C00438713,2262018.0,2000,2018,26,2
C00438713,2192018.0,1000,2018,19,2
C00438713,2262018.0,500,2018,26,2
C00438713,2262018.0,1000,2018,26,2
C00438713,2262018.0,1000,2018,26,2
C00438713,2092018.0,1000,2018,09,2
C00438713,2262018.0,1000,2018,26,2
C00438713,2092018.0,1000,2018,09,2
C00671073,2202018.0,2700,2018,20,2
C00671073,2132018.0,1500,2018,13,2
C00671073,2232018.0,250,2018,23,2
C00671073,2122018.0,500,2018,12,2
C00671073,2072018.0,2700,2018,07,2
C00671073,2222018.0,1000,2018,22,2
C00671073,2122018.0,500,2018,12,2
C00671073,2242018.0,1000,2018,24,2
C00671073,2262018.0,500,2018,26,2
C00671073,2262018.0,500,2018,26,2
C00671073,2012018.0,2700,2018,01,2
C00671073,2012018.0,2300,2018,01,2
C00671073,2222018.0,250,2018,22,2
C00671073,2062018.0,500,2018,06,2
C00671073,2012018.0,2700,2018,01,2
C00671073,2012018.0,2700,2018,01,2
C00671073,2142018.0,1000,2018,14,2
C00671073,2072018.0,1000,2018,07,2
C00671073,2262018.0,250,2018,26,2
C00671073,2282018.0,1000,2018,28,2
C00671073,2272018.0,1800,2018,27,2
C00671073,2272018.0,1800,2018,27,2
C00671073,2062018.0,1000,2018,06,2
C00671073,2262018.0,1000,2018,26,2
C00671073,2012018.0,500,2018,01,2
C00671073,2012018.0,2700,2018,01,2
C00671073,2272018.0,350,2018,27,2
C00671073,2012018.0,2700,2018,01,2
C00671073,2012018.0,2700,2018,01,2
C00671073,2012018.0,2700,2018,01,2
C00671073,2082018.0,1000,2018,08,2
C00671073,2262018.0,500,2018,26,2
C00671073,2062018.0,250,2018,06,2
C00671073,2062018.0,200,2018,06,2
C00671073,2072018.0,2700,2018,07,2
C00671073,2072018.0,2700,2018,07,2
C00671073,2132018.0,250,2018,13,2
C00264564,2122018.0,2700,2018,12,2
C00264564,2052018.0,500,2018,05,2
C00264564,2052018.0,1000,2018,05,2
C00264564,2282018.0,100,2018,28,2
C00264564,2052018.0,2300,2018,05,2
C00264564,2112018.0,1000,2018,11,2
C00264564,2202018.0,11,2018,20,2
C00264564,2262018.0,500,2018,26,2
C00264564,2262018.0,1000,2018,26,2
C00264564,2282018.0,50,2018,28,2
C00264564,2082018.0,2000,2018,08,2
C00264564,2042018.0,1000,2018,04,2
C00264564,2262018.0,1000,2018,26,2
C00264564,2262018.0,500,2018,26,2
C00264564,2192018.0,2000,2018,19,2
C00264564,2052018.0,250,2018,05,2
C00264564,2132018.0,500,2018,13,2
C00264564,2192018.0,1000,2018,19,2
C00264564,2262018.0,200,2018,26,2
C00264564,2122018.0,1000,2018,12,2
C00264564,2262018.0,1000,2018,26,2
C00264564,2122018.0,1000,2018,12,2
C00264564,2052018.0,1000,2018,05,2
C00264564,2052018.0,500,2018,05,2
C00264564,2022018.0,2700,2018,02,2
C00264564,2062018.0,25,2018,06,2
C00264564,2052018.0,1000,2018,05,2
C00264564,2082018.0,1800,2018,08,2
C00264564,2052018.0,1000,2018,05,2
C00264564,2052018.0,2100,2018,05,2
C00264564,2262018.0,1000,2018,26,2
C00264564,2272018.0,1,2018,27,2
C00264564,2252018.0,2,2018,25,2
C00264564,2222018.0,10,2018,22,2
C00264564,2052018.0,1000,2018,05,2
C00264564,2072018.0,500,2018,07,2
C00264564,2132018.0,500,2018,13,2
C00264564,2122018.0,500,2018,12,2
C00264564,2052018.0,2700,2018,05,2
C00264564,2052018.0,250,2018,05,2
C00264564,2262018.0,500,2018,26,2
C00264564,2122018.0,500,2018,12,2
C00264564,2072018.0,2400,2018,07,2
C00264564,2282018.0,1,2018,28,2
C00264564,2082018.0,2700,2018,08,2
C00264564,2122018.0,1500,2018,12,2
C00264564,2192018.0,1000,2018,19,2
C00264564,2262018.0,1000,2018,26,2
C00264564,2082018.0,2300,2018,08,2
C00264564,2122018.0,500,2018,12,2
C00264564,2122018.0,2300,2018,12,2
C00264564,2122018.0,2700,2018,12,2
C00264564,2192018.0,500,2018,19,2
C00264564,2202018.0,2700,2018,20,2
C00264564,2102018.0,35,2018,10,2
C00264564,2072018.0,750,2018,07,2
C00264564,2052018.0,300,2018,05,2
C00264564,2052018.0,500,2018,05,2
C00264564,2202018.0,2700,2018,20,2
C00264564,2262018.0,500,2018,26,2
C00264564,2262018.0,500,2018,26,2
C00264564,2152018.0,500,2018,15,2
C00264564,2192018.0,500,2018,19,2
C00264564,2282018.0,10,2018,28,2
C00264564,2282018.0,100,2018,28,2
C00264564,2262018.0,700,2018,26,2
C00264564,2282018.0,50,2018,28,2
C00264564,2192018.0,2,2018,19,2
C00264564,2282018.0,1,2018,28,2
C00264564,2262018.0,500,2018,26,2
C00264564,2122018.0,500,2018,12,2
C00264564,2082018.0,2000,2018,08,2
C00264564,2052018.0,500,2018,05,2
C00264564,2132018.0,500,2018,13,2
C00264564,2162018.0,500,2018,16,2
C00264564,2122018.0,2500,2018,12,2
C00264564,2182018.0,500,2018,18,2
C00264564,2252018.0,0,2018,25,2
C00264564,2282018.0,25,2018,28,2
C00264564,2222018.0,500,2018,22,2
C00264564,2082018.0,1000,2018,08,2
C00264564,2262018.0,500,2018,26,2
C00264564,2262018.0,1000,2018,26,2
C00264564,2262018.0,500,2018,26,2
C00264564,2072018.0,150,2018,07,2
C00264564,2082018.0,500,2018,08,2
C00264564,2052018.0,1000,2018,05,2
C00264564,2022018.0,2700,2018,02,2
C00264564,2122018.0,1000,2018,12,2
C00264564,2222018.0,1000,2018,22,2
C00264564,2052018.0,1000,2018,05,2
C00264564,2282018.0,500,2018,28,2
C00264564,2052018.0,500,2018,05,2
C00264564,2092018.0,2000,2018,09,2
C00264564,2052018.0,500,2018,05,2
C00264564,2052018.0,250,2018,05,2
C00264564,2122018.0,1500,2018,12,2
C00264564,2052018.0,1000,2018,05,2
C00264564,2052018.0,1000,2018,05,2
C00264564,2262018.0,500,2018,26,2
C00264564,2052018.0,500,2018,05,2
C00264564,2162018.0,500,2018,16,2
C00264564,2132018.0,1000,2018,13,2
C00264564,2122018.0,1300,2018,12,2
C00264564,2222018.0,1000,2018,22,2
C00264564,2272018.0,1,2018,27,2
C00264564,2282018.0,250,2018,28,2
C00264564,2262018.0,300,2018,26,2
C00264564,2062018.0,1000,2018,06,2
C00264564,2052018.0,500,2018,05,2
C00264564,2282018.0,500,2018,28,2
C00264564,2262018.0,500,2018,26,2
C00264564,2262018.0,500,2018,26,2
C00264564,2052018.0,500,2018,05,2
C00264564,2052018.0,500,2018,05,2
C00264564,2122018.0,2700,2018,12,2
C00264564,2192018.0,500,2018,19,2
C00264564,2122018.0,1000,2018,12,2
C00264564,2262018.0,1000,2018,26,2
C00264564,2172018.0,700,2018,17,2
C00264564,2122018.0,2500,2018,12,2
C00264564,2122018.0,500,2018,12,2
C00264564,2262018.0,1000,2018,26,2
C00264564,2122018.0,500,2018,12,2
C00264564,2192018.0,500,2018,19,2
C00264564,2022018.0,2700,2018,02,2
C00264564,2132018.0,1000,2018,13,2
C00264564,2282018.0,10,2018,28,2
C00264564,2272018.0,5,2018,27,2
C00264564,2132018.0,1000,2018,13,2
C00264564,2282018.0,100,2018,28,2
C00264564,2052018.0,500,2018,05,2
C00264564,2142018.0,1000,2018,14,2
C00264564,2132018.0,500,2018,13,2
C00264564,2122018.0,500,2018,12,2
C00264564,2262018.0,500,2018,26,2
C00264564,2192018.0,1000,2018,19,2
C00264564,2122018.0,1000,2018,12,2
C00264564,2262018.0,300,2018,26,2
C00264564,2262018.0,1000,2018,26,2
C00264564,2122018.0,1000,2018,12,2
C00264564,2262018.0,500,2018,26,2
C00264564,2262018.0,1000,2018,26,2
C00264564,2042018.0,1000,2018,04,2
C00264564,2122018.0,2000,2018,12,2
C00264564,2192018.0,500,2018,19,2
C00264564,2122018.0,1000,2018,12,2
C00264564,2262018.0,500,2018,26,2
C00264564,2262018.0,1500,2018,26,2
C00264564,2262018.0,300,2018,26,2
C00264564,2262018.0,1000,2018,26,2
C00264564,2192018.0,250,2018,19,2
C00264564,2122018.0,500,2018,12,2
C00264564,2122018.0,250,2018,12,2
C00264564,2042018.0,500,2018,04,2
C00264564,2052018.0,1000,2018,05,2
C00264564,2122018.0,1000,2018,12,2
C00264564,2122018.0,700,2018,12,2
C00264564,2122018.0,1000,2018,12,2
C00264564,2052018.0,1000,2018,05,2
C00264564,2252018.0,5,2018,25,2
C00264564,2252018.0,5,2018,25,2
C00264564,2122018.0,1000,2018,12,2
C00264564,2052018.0,1000,2018,05,2
C00264564,2122018.0,1000,2018,12,2
C00264564,2262018.0,500,2018,26,2
C00264564,2262018.0,500,2018,26,2
C00264564,2262018.0,1000,2018,26,2
C00264564,2262018.0,500,2018,26,2
C00264564,2042018.0,1000,2018,04,2
C00264564,2152018.0,1000,2018,15,2
C00264564,2052018.0,500,2018,05,2
C00264564,2052018.0,1000,2018,05,2
C00264564,2052018.0,1000,2018,05,2
C00264564,2262018.0,800,2018,26,2
C00264564,2052018.0,500,2018,05,2
C00264564,2182018.0,1000,2018,18,2
C00264564,2222018.0,600,2018,22,2
C00264564,2042018.0,100,2018,04,2
C00264564,2282018.0,50,2018,28,2
C00264564,2262018.0,1000,2018,26,2
C00264564,2052018.0,2100,2018,05,2
C00264564,2182018.0,10,2018,18,2
C00264564,2272018.0,5,2018,27,2
C00264564,2252018.0,5,2018,25,2
C00264564,2182018.0,500,2018,18,2
C00264564,2282018.0,50,2018,28,2
C00264564,2122018.0,25,2018,12,2
C00637611,2062018.0,40,2018,06,2
C00637611,2052018.0,25,2018,05,2
C00637611,2072018.0,50,2018,07,2
C00637611,2262018.0,1000,2018,26,2
C00637611,2082018.0,100,2018,08,2
C00637611,2022018.0,250,2018,02,2
C00637611,2122018.0,50,2018,12,2
C00637611,2062018.0,100,2018,06,2
C00637611,2282018.0,50,2018,28,2
C00637611,2122018.0,50,2018,12,2
C00637611,2062018.0,250,2018,06,2
C00637611,2282018.0,100,2018,28,2
C00637611,2022018.0,1000,2018,02,2
C00637611,2052018.0,25,2018,05,2
C00637611,2022018.0,100,2018,02,2
C00637611,2082018.0,25,2018,08,2
C00637611,2052018.0,100,2018,05,2
C00637611,2082018.0,35,2018,08,2
C00637611,2022018.0,35,2018,02,2
C00637611,2062018.0,100,2018,06,2
C00637611,2082018.0,250,2018,08,2
C00637611,2192018.0,100,2018,19,2
C00637611,2022018.0,500,2018,02,2
C00637611,2072018.0,50,2018,07,2
C00637611,2062018.0,100,2018,06,2
C00637611,2062018.0,100,2018,06,2
C00637611,2122018.0,100,2018,12,2
C00637611,2052018.0,100,2018,05,2
C00637611,2062018.0,100,2018,06,2
C00637611,2282018.0,250,2018,28,2
C00637611,2022018.0,100,2018,02,2
C00637611,2152018.0,100,2018,15,2
C00637611,2082018.0,100,2018,08,2
C00637611,2022018.0,250,2018,02,2
C00637611,2062018.0,100,2018,06,2
C00637611,2122018.0,100,2018,12,2
C00637611,2022018.0,35,2018,02,2
C00637611,2052018.0,50,2018,05,2
C00637611,2122018.0,25,2018,12,2
C00637611,2122018.0,100,2018,12,2
C00637611,2022018.0,50,2018,02,2
C00637611,2062018.0,100,2018,06,2
C00637611,2142018.0,25,2018,14,2
C00637611,2122018.0,100,2018,12,2
C00637611,2082018.0,1000,2018,08,2
C00637611,2012018.0,2700,2018,01,2
C00637611,2122018.0,335,2018,12,2
C00637611,2062018.0,50,2018,06,2
C00637611,2062018.0,2700,2018,06,2
C00637611,2132018.0,500,2018,13,2
C00637611,2022018.0,50,2018,02,2
C00637611,2062018.0,50,2018,06,2
C00637611,2062018.0,200,2018,06,2
C00637611,2062018.0,50,2018,06,2
C00637611,2062018.0,100,2018,06,2
C00637611,2062018.0,200,2018,06,2
C00637611,2202018.0,250,2018,20,2
C00637611,2192018.0,25,2018,19,2
C00637611,2202018.0,50,2018,20,2
C00637611,2082018.0,100,2018,08,2
C00637611,2202018.0,50,2018,20,2
C00637611,2152018.0,100,2018,15,2
C00637611,2092018.0,200,2018,09,2
C00637611,2062018.0,50,2018,06,2
C00637611,2162018.0,300,2018,16,2
C00637611,2022018.0,100,2018,02,2
C00637611,2022018.0,30,2018,02,2
C00637611,2092018.0,75,2018,09,2
C00637611,2092018.0,300,2018,09,2
C00637611,2022018.0,1000,2018,02,2
C00637611,2022018.0,100,2018,02,2
C00637611,2122018.0,250,2018,12,2
C00637611,2062018.0,50,2018,06,2
C00637611,2092018.0,500,2018,09,2
C00637611,2162018.0,50,2018,16,2
C00637611,2172018.0,50,2018,17,2
C00637611,2082018.0,250,2018,08,2
C00637611,2092018.0,100,2018,09,2
C00637611,2202018.0,50,2018,20,2
C00637611,2122018.0,30,2018,12,2
C00637611,2022018.0,200,2018,02,2
C00637611,2202018.0,50,2018,20,2
C00637611,2022018.0,1000,2018,02,2
C00637611,2132018.0,20,2018,13,2
C00637611,2062018.0,250,2018,06,2
C00637611,2082018.0,100,2018,08,2
C00637611,2262018.0,500,2018,26,2
C00637611,2062018.0,100,2018,06,2
C00637611,2082018.0,50,2018,08,2
C00637611,2072018.0,50,2018,07,2
C00637611,2272018.0,250,2018,27,2
C00637611,2212018.0,125,2018,21,2
C00637611,2162018.0,50,2018,16,2
C00637611,2282018.0,100,2018,28,2
C00637611,2022018.0,1000,2018,02,2
C00637611,2222018.0,100,2018,22,2
C00637611,2072018.0,50,2018,07,2
C00637611,2122018.0,100,2018,12,2
C00637611,2162018.0,50,2018,16,2
C00637611,2162018.0,250,2018,16,2
C00637611,2202018.0,35,2018,20,2
C00637611,2022018.0,50,2018,02,2
C00637611,2162018.0,100,2018,16,2
C00637611,2062018.0,100,2018,06,2
C00637611,2122018.0,100,2018,12,2
C00637611,2082018.0,100,2018,08,2
C00637611,2092018.0,100,2018,09,2
C00637611,2122018.0,75,2018,12,2
C00637611,2262018.0,100,2018,26,2
C00637611,2082018.0,200,2018,08,2
C00637611,2022018.0,500,2018,02,2
C00637611,2132018.0,205,2018,13,2
C00637611,2262018.0,50,2018,26,2
C00637611,2062018.0,40,2018,06,2
C00637611,2162018.0,500,2018,16,2
C00637611,2022018.0,100,2018,02,2
C00637611,2082018.0,10000,2018,08,2
C00637611,2012018.0,2700,2018,01,2
C00637611,2082018.0,35,2018,08,2
C00637611,2062018.0,500,2018,06,2
C00637611,2082018.0,100,2018,08,2
C00637611,2022018.0,50,2018,02,2
C00637611,2222018.0,10,2018,22,2
C00637611,2262018.0,100,2018,26,2
C00637611,2072018.0,250,2018,07,2
C00637611,2072018.0,250,2018,07,2
C00637611,2122018.0,25,2018,12,2
C00637611,2122018.0,100,2018,12,2
C00637611,2022018.0,100,2018,02,2
C00637611,2202018.0,50,2018,20,2
C00637611,2122018.0,30,2018,12,2
C00637611,2162018.0,250,2018,16,2
C00637611,2092018.0,100,2018,09,2
C00637611,2282018.0,500,2018,28,2
C00637611,2202018.0,100,2018,20,2
C00637611,2152018.0,50,2018,15,2
C00637611,2012018.0,50,2018,01,2
C00637611,2152018.0,5,2018,15,2
C00637611,2062018.0,50,2018,06,2
C00637611,2082018.0,100,2018,08,2
C00637611,2202018.0,1000,2018,20,2
C00637611,2262018.0,50,2018,26,2
C00637611,2202018.0,35,2018,20,2
C00637611,2022018.0,50,2018,02,2
C00637611,2192018.0,100,2018,19,2
C00637611,2062018.0,35,2018,06,2
C00637611,2262018.0,250,2018,26,2
C00637611,2062018.0,100,2018,06,2
C00637611,2262018.0,50,2018,26,2
C00637611,2132018.0,205,2018,13,2
C00637611,2022018.0,500,2018,02,2
C00637611,2022018.0,250,2018,02,2
C00637611,2222018.0,25,2018,22,2
C00637611,2022018.0,35,2018,02,2
C00637611,2202018.0,250,2018,20,2
C00637611,2122018.0,50,2018,12,2
C00637611,2052018.0,500,2018,05,2
C00637611,2122018.0,50,2018,12,2
C00637611,2022018.0,30,2018,02,2
C00637611,2092018.0,75,2018,09,2
C00637611,2092018.0,300,2018,09,2
C00637611,2132018.0,50,2018,13,2
C00637611,2022018.0,35,2018,02,2
C00637611,2022018.0,50,2018,02,2
C00637611,2272018.0,200,2018,27,2
C00637611,2062018.0,50,2018,06,2
C00637611,2022018.0,35,2018,02,2
C00637611,2022018.0,100,2018,02,2
C00637611,2082018.0,45,2018,08,2
C00637611,2162018.0,25,2018,16,2
C00637611,2062018.0,50,2018,06,2
C00637611,2022018.0,1000,2018,02,2
C00637611,2062018.0,50,2018,06,2
C00637611,2092018.0,100,2018,09,2
C00637611,2082018.0,50,2018,08,2
C00637611,2072018.0,50,2018,07,2
C00637611,2092018.0,100,2018,09,2
C00637611,2022018.0,25,2018,02,2
C00637611,2062018.0,50,2018,06,2
C00637611,2082018.0,100,2018,08,2
C00637611,2022018.0,200,2018,02,2
C00637611,2072018.0,35,2018,07,2
C00637611,2022018.0,100,2018,02,2
C00637611,2102018.0,50,2018,10,2
C00637611,2062018.0,40,2018,06,2
C00637611,2162018.0,500,2018,16,2
C00637611,2022018.0,100,2018,02,2
C00637611,2162018.0,25,2018,16,2
C00637611,2022018.0,100,2018,02,2
C00637611,2062018.0,50,2018,06,2
C00637611,2082018.0,50,2018,08,2
C00637611,2022018.0,50,2018,02,2
C00637611,2272018.0,200,2018,27,2
C00637611,2222018.0,100,2018,22,2
C00637611,2092018.0,100,2018,09,2
C00637611,2072018.0,25,2018,07,2
C00637611,2162018.0,50,2018,16,2
C00637611,2162018.0,250,2018,16,2
C00637611,2202018.0,35,2018,20,2
C00637611,2022018.0,50,2018,02,2
C00637611,2272018.0,250,2018,27,2
C00637611,2212018.0,125,2018,21,2
C00637611,2022018.0,100,2018,02,2
C00637611,2092018.0,500,2018,09,2
C00637611,2092018.0,500,2018,09,2
C00637611,2262018.0,50,2018,26,2
C00637611,2202018.0,35,2018,20,2
C00637611,2062018.0,100,2018,06,2
C00637611,2282018.0,10,2018,28,2
C00637611,2222018.0,100,2018,22,2
C00637611,2092018.0,100,2018,09,2
C00637611,2282018.0,25,2018,28,2
C00637611,2282018.0,100,2018,28,2
C00637611,2082018.0,35,2018,08,2
C00637611,2162018.0,300,2018,16,2
C00637611,2022018.0,35,2018,02,2
C00637611,2162018.0,100,2018,16,2
C00637611,2052018.0,250,2018,05,2
C00637611,2072018.0,25,2018,07,2
C00637611,2122018.0,100,2018,12,2
C00637611,2082018.0,100,2018,08,2
C00637611,2222018.0,250,2018,22,2
C00637611,2082018.0,50,2018,08,2
C00637611,2062018.0,50,2018,06,2
C00637611,2062018.0,500,2018,06,2
C00637611,2022018.0,250,2018,02,2
C00637611,2022018.0,800,2018,02,2
C00637611,2022018.0,50,2018,02,2
C00637611,2072018.0,150,2018,07,2
C00637611,2062018.0,100,2018,06,2
C00637611,2062018.0,100,2018,06,2
C00637611,2022018.0,100,2018,02,2
C00637611,2022018.0,500,2018,02,2
C00637611,2022018.0,250,2018,02,2
C00637611,2062018.0,50,2018,06,2
C00637611,2022018.0,200,2018,02,2
C00637611,2062018.0,250,2018,06,2
C00637611,2262018.0,500,2018,26,2
C00637611,2022018.0,100,2018,02,2
C00637611,2022018.0,1000,2018,02,2
C00637611,2282018.0,50,2018,28,2
C00637611,2122018.0,100,2018,12,2
C00637611,2282018.0,50,2018,28,2
C00637611,2282018.0,250,2018,28,2
C00637611,2082018.0,100,2018,08,2
C00637611,2022018.0,50,2018,02,2
C00637611,2082018.0,36,2018,08,2
C00637611,2072018.0,250,2018,07,2
C00637611,2062018.0,50,2018,06,2
C00637611,2192018.0,50,2018,19,2
C00637611,2062018.0,250,2018,06,2
C00637611,2282018.0,100,2018,28,2
C00637611,2082018.0,35,2018,08,2
C00637611,2082018.0,50,2018,08,2
C00637611,2022018.0,100,2018,02,2
C00637611,2072018.0,35,2018,07,2
C00637611,2062018.0,50,2018,06,2
C00637611,2192018.0,100,2018,19,2
C00637611,2062018.0,200,2018,06,2
C00637611,2202018.0,250,2018,20,2
C00637611,2232018.0,53,2018,23,2
C00637611,2062018.0,50,2018,06,2
C00637611,2162018.0,50,2018,16,2
C00637611,2172018.0,50,2018,17,2
C00637611,2282018.0,500,2018,28,2
C00637611,2122018.0,50,2018,12,2
C00637611,2082018.0,100,2018,08,2
C00637611,2122018.0,50,2018,12,2
C00637611,2092018.0,50,2018,09,2
C00637611,2262018.0,100,2018,26,2
C00637611,2162018.0,1000,2018,16,2
C00637611,2062018.0,500,2018,06,2
C00637611,2282018.0,550,2018,28,2
C00637611,2052018.0,500,2018,05,2
C00637611,2122018.0,100,2018,12,2
C00637611,2122018.0,100,2018,12,2
C00637611,2282018.0,50,2018,28,2
C00637611,2022018.0,50,2018,02,2
C00637611,2062018.0,50,2018,06,2
C00637611,2132018.0,150,2018,13,2
C00637611,2022018.0,200,2018,02,2
C00637611,2092018.0,20,2018,09,2
C00637611,2122018.0,50,2018,12,2
C00637611,2062018.0,250,2018,06,2
C00637611,2052018.0,2500,2018,05,2
C00637611,2132018.0,150,2018,13,2
C00637611,2072018.0,100,2018,07,2
C00637611,2122018.0,335,2018,12,2
C00637611,2132018.0,50,2018,13,2
C00637611,2122018.0,50,2018,12,2
C00637611,2082018.0,20,2018,08,2
C00637611,2062018.0,500,2018,06,2
C00637611,2202018.0,250,2018,20,2
C00637611,2072018.0,50,2018,07,2
C00637611,2032018.0,25,2018,03,2
C00637611,2262018.0,1000,2018,26,2
C00637611,2282018.0,50,2018,28,2
C00637611,2222018.0,100,2018,22,2
C00637611,2062018.0,50,2018,06,2
C00637611,2142018.0,250,2018,14,2
C00637611,2122018.0,150,2018,12,2
C00637611,2072018.0,250,2018,07,2
C00637611,2072018.0,100,2018,07,2
C00637611,2082018.0,35,2018,08,2
C00637611,2102018.0,50,2018,10,2
C00637611,2012018.0,25,2018,01,2
C00637611,2062018.0,100,2018,06,2
C00637611,2222018.0,25,2018,22,2
C00637611,2282018.0,50,2018,28,2
C00637611,2022018.0,50,2018,02,2
C00637611,2082018.0,150,2018,08,2
C00637611,2072018.0,50,2018,07,2
C00637611,2062018.0,500,2018,06,2
C00637611,2062018.0,100,2018,06,2
C00637611,2012018.0,35,2018,01,2
C00637611,2062018.0,100,2018,06,2
C00637611,2272018.0,250,2018,27,2
C00637611,2022018.0,250,2018,02,2
C00637611,2092018.0,100,2018,09,2
C00637611,2022018.0,25,2018,02,2
C00637611,2022018.0,100,2018,02,2
C00637611,2022018.0,1000,2018,02,2
C00637611,2022018.0,100,2018,02,2
C00637611,2022018.0,100,2018,02,2
C00637611,2082018.0,250,2018,08,2
C00637611,2232018.0,25,2018,23,2
C00637611,2092018.0,100,2018,09,2
C00637611,2162018.0,250,2018,16,2
C00637611,2062018.0,250,2018,06,2
C00637611,2082018.0,150,2018,08,2
C00637611,2022018.0,50,2018,02,2
C00637611,2202018.0,10,2018,20,2
C00637611,2062018.0,500,2018,06,2
C00637611,2062018.0,100,2018,06,2
C00637611,2012018.0,35,2018,01,2
C00637611,2122018.0,50,2018,12,2
C00637611,2092018.0,35,2018,09,2
C00637611,2082018.0,120,2018,08,2
C00637611,2262018.0,250,2018,26,2
C00637611,2062018.0,100,2018,06,2
C00637611,2082018.0,250,2018,08,2
C00637611,2022018.0,100,2018,02,2
C00637611,2082018.0,250,2018,08,2
C00637611,2022018.0,25,2018,02,2
C00637611,2022018.0,50,2018,02,2
C00637611,2082018.0,50,2018,08,2
C00637611,2202018.0,250,2018,20,2
C00637611,2142018.0,25,2018,14,2
C00637611,2192018.0,100,2018,19,2
C00637611,2062018.0,100,2018,06,2
C00637611,2062018.0,100,2018,06,2
C00637611,2022018.0,35,2018,02,2
C00637611,2202018.0,50,2018,20,2
C00637611,2152018.0,100,2018,15,2
C00637611,2062018.0,50,2018,06,2
C00637611,2072018.0,150,2018,07,2
C00637611,2052018.0,100,2018,05,2
C00637611,2062018.0,100,2018,06,2
C00637611,2082018.0,200,2018,08,2
C00637611,2062018.0,2700,2018,06,2
C00637611,2132018.0,500,2018,13,2
C00637611,2092018.0,100,2018,09,2
C00637611,2022018.0,100,2018,02,2
C00637611,2202018.0,35,2018,20,2
C00637611,2062018.0,100,2018,06,2
C00637611,2022018.0,100,2018,02,2
C00637611,2122018.0,100,2018,12,2
C00637611,2022018.0,50,2018,02,2
C00637611,2022018.0,35,2018,02,2
C00637611,2022018.0,200,2018,02,2
C00637611,2082018.0,50,2018,08,2
C00637611,2022018.0,50,2018,02,2
C00637611,2022018.0,35,2018,02,2
C00637611,2202018.0,250,2018,20,2
C00637611,2052018.0,250,2018,05,2
C00637611,2072018.0,100,2018,07,2
C00637611,2062018.0,50,2018,06,2
C00637611,2062018.0,50,2018,06,2
C00637611,2222018.0,100,2018,22,2
C00637611,2092018.0,100,2018,09,2
C00637611,2282018.0,25,2018,28,2
C00637611,2022018.0,250,2018,02,2
C00637611,2022018.0,800,2018,02,2
C00637611,2202018.0,10,2018,20,2
C00637611,2122018.0,75,2018,12,2
C00637611,2082018.0,50,2018,08,2
C00637611,2282018.0,10,2018,28,2
C00637611,2022018.0,30,2018,02,2
C00637611,2162018.0,50,2018,16,2
C00637611,2102018.0,50,2018,10,2
C00637611,2022018.0,1000,2018,02,2
C00637611,2092018.0,50,2018,09,2
C00637611,2262018.0,100,2018,26,2
C00637611,2162018.0,1000,2018,16,2
C00637611,2072018.0,100,2018,07,2
C00637611,2122018.0,100,2018,12,2
C00637611,2202018.0,100,2018,20,2
C00637611,2022018.0,50,2018,02,2
C00637611,2022018.0,50,2018,02,2
C00637611,2152018.0,50,2018,15,2
C00637611,2222018.0,100,2018,22,2
C00637611,2092018.0,100,2018,09,2
C00637611,2022018.0,1000,2018,02,2
C00637611,2062018.0,500,2018,06,2
C00637611,2282018.0,1000,2018,28,2
C00637611,2082018.0,40,2018,08,2
C00637611,2022018.0,50,2018,02,2
C00637611,2032018.0,25,2018,03,2
C00637611,2282018.0,50,2018,28,2
C00637611,2052018.0,2500,2018,05,2
C00637611,2072018.0,250,2018,07,2
C00637611,2062018.0,50,2018,06,2
C00637611,2232018.0,53,2018,23,2
C00637611,2082018.0,50,2018,08,2
C00637611,2082018.0,25,2018,08,2
C00637611,2012018.0,100,2018,01,2
C00637611,2122018.0,50,2018,12,2
C00637611,2082018.0,20,2018,08,2
C00637611,2082018.0,100,2018,08,2
C00637611,2122018.0,50,2018,12,2
C00637611,2092018.0,35,2018,09,2
C00637611,2082018.0,120,2018,08,2
C00637611,2012018.0,100,2018,01,2
C00637611,2022018.0,50,2018,02,2
C00637611,2202018.0,100,2018,20,2
C00637611,2012018.0,50,2018,01,2
C00637611,2062018.0,50,2018,06,2
C00637611,2082018.0,100,2018,08,2
C00637611,2012018.0,25,2018,01,2
C00637611,2062018.0,100,2018,06,2
C00637611,2082018.0,36,2018,08,2
C00637611,2142018.0,100,2018,14,2
C00637611,2082018.0,25,2018,08,2
C00637611,2192018.0,100,2018,19,2
C00637611,2062018.0,35,2018,06,2
C00637611,2202018.0,1000,2018,20,2
C00637611,2022018.0,1000,2018,02,2
C00637611,2132018.0,20,2018,13,2
C00637611,2062018.0,200,2018,06,2
C00637611,2062018.0,250,2018,06,2
C00637611,2142018.0,100,2018,14,2
C00637611,2022018.0,30,2018,02,2
C00637611,2052018.0,50,2018,05,2
C00637611,2142018.0,250,2018,14,2
C00637611,2022018.0,25,2018,02,2
C00637611,2022018.0,50,2018,02,2
C00637611,2022018.0,50,2018,02,2
C00637611,2062018.0,50,2018,06,2
C00637611,2232018.0,25,2018,23,2
C00637611,2222018.0,10,2018,22,2
C00637611,2272018.0,25,2018,27,2
C00637611,2062018.0,100,2018,06,2
C00637611,2082018.0,250,2018,08,2
C00637611,2092018.0,100,2018,09,2
C00637611,2062018.0,40,2018,06,2
C00637611,2022018.0,50,2018,02,2
C00637611,2062018.0,500,2018,06,2
C00637611,2062018.0,500,2018,06,2
C00637611,2062018.0,250,2018,06,2
C00637611,2272018.0,25,2018,27,2
C00637611,2082018.0,40,2018,08,2
C00637611,2282018.0,450,2018,28,2
C00637611,2022018.0,50,2018,02,2
C00637611,2192018.0,25,2018,19,2
C00637611,2092018.0,100,2018,09,2
C00637611,2062018.0,250,2018,06,2
C00637611,2122018.0,50,2018,12,2
C00637611,2022018.0,200,2018,02,2
C00637611,2192018.0,100,2018,19,2
C00637611,2202018.0,35,2018,20,2
C00637611,2022018.0,100,2018,02,2
C00637611,2122018.0,250,2018,12,2
C00637611,2152018.0,100,2018,15,2
C00637611,2202018.0,100,2018,20,2
C00637611,2022018.0,25,2018,02,2
C00637611,2062018.0,200,2018,06,2
C00637611,2022018.0,35,2018,02,2
C00637611,2062018.0,100,2018,06,2
C00637611,2092018.0,20,2018,09,2
C00637611,2062018.0,100,2018,06,2
C00637611,2062018.0,100,2018,06,2
C00637611,2222018.0,250,2018,22,2
C00637611,2082018.0,50,2018,08,2
C00637611,2062018.0,50,2018,06,2
C00637611,2062018.0,100,2018,06,2
C00637611,2022018.0,100,2018,02,2
C00637611,2122018.0,100,2018,12,2
C00637611,2202018.0,100,2018,20,2
C00637611,2052018.0,100,2018,05,2
C00637611,2282018.0,50,2018,28,2
C00637611,2082018.0,45,2018,08,2
C00637611,2022018.0,35,2018,02,2
C00637611,2062018.0,500,2018,06,2
C00637611,2202018.0,100,2018,20,2
C00637611,2022018.0,25,2018,02,2
C00637611,2272018.0,250,2018,27,2
C00637611,2062018.0,100,2018,06,2
C00637611,2062018.0,50,2018,06,2
C00637611,2122018.0,150,2018,12,2
C00637611,2072018.0,250,2018,07,2
C00637611,2022018.0,100,2018,02,2
C00637611,2092018.0,500,2018,09,2
C00637611,2072018.0,50,2018,07,2
C00637611,2122018.0,100,2018,12,2
C00637611,2122018.0,100,2018,12,2
C00637611,2062018.0,250,2018,06,2
C00637611,2022018.0,250,2018,02,2
C00637611,2192018.0,25,2018,19,2
C00637611,2062018.0,200,2018,06,2
C00637611,2022018.0,100,2018,02,2
C00637611,2022018.0,30,2018,02,2
C00637611,2092018.0,75,2018,09,2
C00637611,2092018.0,300,2018,09,2
C00637611,2022018.0,50,2018,02,2
C00637611,2062018.0,50,2018,06,2
C00637611,2062018.0,200,2018,06,2
C00637611,2022018.0,50,2018,02,2
C00637611,2222018.0,10,2018,22,2
C00637611,2262018.0,100,2018,26,2
C00637611,2062018.0,50,2018,06,2
C00637611,2082018.0,100,2018,08,2
C00637611,2022018.0,200,2018,02,2
C00637611,2022018.0,100,2018,02,2
C00637611,2082018.0,250,2018,08,2
C00637611,2222018.0,100,2018,22,2
C00637611,2092018.0,100,2018,09,2
C00637611,2152018.0,50,2018,15,2
C00637611,2202018.0,100,2018,20,2
C00637611,2192018.0,50,2018,19,2
C00637611,2062018.0,100,2018,06,2
C00637611,2062018.0,250,2018,06,2
C00637611,2082018.0,100,2018,08,2
C00637611,2122018.0,50,2018,12,2
C00637611,2142018.0,250,2018,14,2
C00637611,2072018.0,250,2018,07,2
C00637611,2062018.0,50,2018,06,2
C00637611,2232018.0,25,2018,23,2
C00637611,2092018.0,100,2018,09,2
C00637611,2142018.0,25,2018,14,2
C00637611,2062018.0,100,2018,06,2
C00637611,2282018.0,450,2018,28,2
C00637611,2022018.0,100,2018,02,2
C00637611,2122018.0,100,2018,12,2
C00637611,2202018.0,100,2018,20,2
C00637611,2062018.0,250,2018,06,2
C00637611,2282018.0,100,2018,28,2
C00637611,2082018.0,35,2018,08,2
C00637611,2162018.0,300,2018,16,2
C00637611,2202018.0,50,2018,20,2
C00637611,2152018.0,100,2018,15,2
C00637611,2092018.0,200,2018,09,2
C00637611,2062018.0,50,2018,06,2
C00637611,2022018.0,25,2018,02,2
C00637611,2122018.0,50,2018,12,2
C00637611,2022018.0,35,2018,02,2
C00637611,2032018.0,25,2018,03,2
C00637611,2132018.0,150,2018,13,2
C00637611,2082018.0,1000,2018,08,2
C00637611,2012018.0,2700,2018,01,2
C00637611,2082018.0,50,2018,08,2
C00637611,2052018.0,2500,2018,05,2
C00637611,2022018.0,50,2018,02,2
C00637611,2272018.0,200,2018,27,2
C00637611,2012018.0,100,2018,01,2
C00637611,2222018.0,100,2018,22,2
C00637611,2092018.0,100,2018,09,2
C00637611,2092018.0,100,2018,09,2
C00637611,2142018.0,100,2018,14,2
C00637611,2022018.0,30,2018,02,2
C00637611,2062018.0,100,2018,06,2
C00637611,2082018.0,100,2018,08,2
C00637611,2082018.0,35,2018,08,2
C00637611,2062018.0,100,2018,06,2
C00637611,2022018.0,35,2018,02,2
C00637611,2082018.0,250,2018,08,2
C00637611,2022018.0,35,2018,02,2
C00637611,2282018.0,25,2018,28,2
C00637611,2102018.0,50,2018,10,2
C00637611,2022018.0,250,2018,02,2
C00637611,2022018.0,800,2018,02,2
C00637611,2022018.0,50,2018,02,2
C00637611,2022018.0,100,2018,02,2
C00637611,2022018.0,250,2018,02,2
C00637611,2022018.0,50,2018,02,2
C00637611,2122018.0,100,2018,12,2
C00637611,2192018.0,100,2018,19,2
C00637611,2082018.0,50,2018,08,2
C00637611,2282018.0,50,2018,28,2
C00637611,2022018.0,50,2018,02,2
C00637611,2082018.0,36,2018,08,2
C00637611,2222018.0,100,2018,22,2
C00637611,2062018.0,50,2018,06,2
C00637611,2132018.0,205,2018,13,2
C00637611,2062018.0,200,2018,06,2
C00637611,2022018.0,35,2018,02,2
C00637611,2022018.0,100,2018,02,2
C00637611,2162018.0,50,2018,16,2
C00637611,2062018.0,40,2018,06,2
C00637611,2062018.0,250,2018,06,2
C00637611,2272018.0,25,2018,27,2
C00637611,2082018.0,40,2018,08,2
C00637611,2062018.0,100,2018,06,2
C00637611,2262018.0,50,2018,26,2
C00637611,2062018.0,40,2018,06,2
C00637611,2162018.0,500,2018,16,2
C00637611,2092018.0,50,2018,09,2
C00637611,2262018.0,100,2018,26,2
C00637611,2102018.0,50,2018,10,2
C00637611,2072018.0,150,2018,07,2
C00637611,2062018.0,100,2018,06,2
C00637611,2092018.0,20,2018,09,2
C00637611,2062018.0,100,2018,06,2
C00637611,2222018.0,250,2018,22,2
C00637611,2082018.0,50,2018,08,2
C00637611,2062018.0,50,2018,06,2
C00637611,2062018.0,500,2018,06,2
C00637611,2022018.0,100,2018,02,2
C00637611,2082018.0,50,2018,08,2
C00637611,2092018.0,35,2018,09,2
C00637611,2072018.0,35,2018,07,2
C00637611,2082018.0,25,2018,08,2
C00637611,2262018.0,500,2018,26,2
C00637611,2122018.0,75,2018,12,2
C00637611,2022018.0,500,2018,02,2
C00637611,2162018.0,1000,2018,16,2
C00637611,2122018.0,100,2018,12,2
C00637611,2282018.0,50,2018,28,2
C00637611,2022018.0,50,2018,02,2
C00637611,2082018.0,150,2018,08,2
C00637611,2022018.0,50,2018,02,2
C00637611,2202018.0,10,2018,20,2
C00637611,2132018.0,50,2018,13,2
C00637611,2022018.0,50,2018,02,2
C00637611,2022018.0,200,2018,02,2
C00637611,2082018.0,50,2018,08,2
C00637611,2122018.0,100,2018,12,2
C00637611,2272018.0,250,2018,27,2
C00637611,2212018.0,125,2018,21,2
C00637611,2282018.0,500,2018,28,2
C00637611,2282018.0,10,2018,28,2
C00637611,2062018.0,2700,2018,06,2
C00637611,2132018.0,500,2018,13,2
C00637611,2072018.0,50,2018,07,2
C00637611,2062018.0,100,2018,06,2
C00637611,2062018.0,500,2018,06,2
C00637611,2282018.0,550,2018,28,2
C00637611,2082018.0,200,2018,08,2
C00637611,2072018.0,50,2018,07,2
C00637611,2262018.0,1000,2018,26,2
C00637611,2072018.0,100,2018,07,2
C00637611,2062018.0,50,2018,06,2
C00637611,2162018.0,250,2018,16,2
C00637611,2202018.0,35,2018,20,2
C00637611,2022018.0,50,2018,02,2
C00637611,2162018.0,100,2018,16,2
C00637611,2122018.0,50,2018,12,2
C00637611,2082018.0,20,2018,08,2
C00637611,2062018.0,500,2018,06,2
C00637611,2282018.0,100,2018,28,2
C00637611,2022018.0,1000,2018,02,2
C00637611,2122018.0,50,2018,12,2
C00637611,2092018.0,35,2018,09,2
C00637611,2082018.0,120,2018,08,2
C00637611,2052018.0,25,2018,05,2
C00637611,2072018.0,250,2018,07,2
C00637611,2062018.0,50,2018,06,2
C00637611,2232018.0,53,2018,23,2
C00637611,2202018.0,250,2018,20,2
C00637611,2052018.0,250,2018,05,2
C00637611,2062018.0,100,2018,06,2
C00637611,2122018.0,150,2018,12,2
C00637611,2072018.0,250,2018,07,2
C00637611,2052018.0,500,2018,05,2
C00637611,2072018.0,25,2018,07,2
C00637611,2062018.0,500,2018,06,2
C00637611,2202018.0,100,2018,20,2
C00637611,2022018.0,25,2018,02,2
C00637611,2272018.0,250,2018,27,2
C00637611,2022018.0,250,2018,02,2
C00637611,2122018.0,100,2018,12,2
C00637611,2022018.0,35,2018,02,2
C00637611,2052018.0,50,2018,05,2
C00637611,2122018.0,25,2018,12,2
C00637611,2122018.0,100,2018,12,2
C00637611,2022018.0,500,2018,02,2
C00637611,2162018.0,50,2018,16,2
C00637611,2022018.0,100,2018,02,2
C00637611,2092018.0,500,2018,09,2
C00637611,2092018.0,500,2018,09,2
C00637611,2202018.0,50,2018,20,2
C00637611,2122018.0,30,2018,12,2
C00637611,2062018.0,500,2018,06,2
C00637611,2202018.0,250,2018,20,2
C00637611,2082018.0,50,2018,08,2
C00637611,2072018.0,50,2018,07,2
C00637611,2022018.0,100,2018,02,2
C00637611,2072018.0,50,2018,07,2
C00637611,2092018.0,100,2018,09,2
C00637611,2192018.0,25,2018,19,2
C00637611,2052018.0,100,2018,05,2
C00637611,2282018.0,50,2018,28,2
C00637611,2062018.0,50,2018,06,2
C00637611,2022018.0,1000,2018,02,2
C00637611,2072018.0,100,2018,07,2
C00637611,2062018.0,50,2018,06,2
C00637611,2062018.0,100,2018,06,2
C00637611,2022018.0,1000,2018,02,2
C00637611,2132018.0,20,2018,13,2
C00637611,2192018.0,100,2018,19,2
C00637611,2062018.0,35,2018,06,2
C00637611,2162018.0,250,2018,16,2
C00637611,2082018.0,35,2018,08,2
C00637611,2102018.0,50,2018,10,2
C00637611,2022018.0,35,2018,02,2
C00637611,2222018.0,25,2018,22,2
C00637611,2022018.0,250,2018,02,2
C00637611,2122018.0,100,2018,12,2
C00637611,2062018.0,50,2018,06,2
C00637611,2162018.0,50,2018,16,2
C00637611,2172018.0,50,2018,17,2
C00637611,2062018.0,100,2018,06,2
C00637611,2012018.0,35,2018,01,2
C00637611,2022018.0,1000,2018,02,2
C00637611,2022018.0,100,2018,02,2
C00637611,2122018.0,250,2018,12,2
C00637611,2082018.0,45,2018,08,2
C00637611,2022018.0,50,2018,02,2
C00637611,2022018.0,50,2018,02,2
C00637611,2012018.0,25,2018,01,2
C00637611,2022018.0,100,2018,02,2
C00637611,2062018.0,250,2018,06,2
C00637611,2082018.0,100,2018,08,2
C00637611,2012018.0,50,2018,01,2
C00637611,2152018.0,5,2018,15,2
C00637611,2062018.0,50,2018,06,2
C00637611,2082018.0,100,2018,08,2
C00637611,2192018.0,25,2018,19,2
C00637611,2022018.0,100,2018,02,2
C00637611,2152018.0,100,2018,15,2
C00637611,2062018.0,100,2018,06,2
C00637611,2022018.0,200,2018,02,2
C00637611,2202018.0,50,2018,20,2
C00637611,2122018.0,335,2018,12,2
C00637611,2062018.0,50,2018,06,2
C00637611,2192018.0,100,2018,19,2
C00637611,2062018.0,200,2018,06,2
C00637611,2202018.0,250,2018,20,2
C00637611,2122018.0,100,2018,12,2
C00637611,2082018.0,100,2018,08,2
C00637611,2062018.0,100,2018,06,2
C00637611,2052018.0,100,2018,05,2
C00637611,2062018.0,100,2018,06,2
C00637611,2082018.0,250,2018,08,2
C00637611,2082018.0,250,2018,08,2
C00637611,2092018.0,100,2018,09,2
C00637611,2022018.0,100,2018,02,2
C00637611,2162018.0,25,2018,16,2
C00637611,2122018.0,50,2018,12,2
C00637611,2062018.0,250,2018,06,2
C00637611,2092018.0,100,2018,09,2
C00637611,2022018.0,25,2018,02,2
C00637611,2022018.0,100,2018,02,2
C00637611,2022018.0,1000,2018,02,2
C00637611,2282018.0,50,2018,28,2
C00637611,2282018.0,250,2018,28,2
C00637611,2082018.0,100,2018,08,2
C00637611,2122018.0,50,2018,12,2
C00637611,2082018.0,25,2018,08,2
C00637611,2202018.0,1000,2018,20,2
C00637611,2262018.0,50,2018,26,2
C00637611,2202018.0,35,2018,20,2
C00637611,2062018.0,100,2018,06,2
C00637611,2262018.0,250,2018,26,2
C00637611,2202018.0,35,2018,20,2
C00431056,2202018.0,0,2018,20,2
C00431056,2062018.0,0,2018,06,2
C00431056,2282018.0,0,2018,28,2
C00492785,2232018.0,100,2018,23,2
C00492785,2262018.0,100,2018,26,2
C00492785,2152018.0,100,2018,15,2
C00571919,2132018.0,10,2018,13,2
C00571919,2232018.0,12,2018,23,2
C00571919,2212018.0,5,2018,21,2
C00571919,2282018.0,12,2018,28,2
C00571919,2162018.0,25,2018,16,2
C00571919,2062018.0,25,2018,06,2
C00571919,2132018.0,5,2018,13,2
C00571919,2172018.0,5,2018,17,2
C00571919,2182018.0,15,2018,18,2
C00571919,2202018.0,2,2018,20,2
C00571919,2282018.0,100,2018,28,2
C00571919,2282018.0,10,2018,28,2
C00571919,2222018.0,12,2018,22,2
C00571919,2222018.0,12,2018,22,2
C00571919,2282018.0,10,2018,28,2
C00571919,2282018.0,6,2018,28,2
C00571919,2282018.0,50,2018,28,2
C00571919,2022018.0,5,2018,02,2
C00571919,2112018.0,5,2018,11,2
C00571919,2112018.0,5,2018,11,2
C00571919,2282018.0,50,2018,28,2
C00571919,2042018.0,5,2018,04,2
C00571919,2162018.0,10,2018,16,2
C00571919,2282018.0,12,2018,28,2
C00571919,2212018.0,100,2018,21,2
C00571919,2042018.0,25,2018,04,2
C00571919,2182018.0,25,2018,18,2
C00571919,2012018.0,25,2018,01,2
C00571919,2172018.0,50,2018,17,2
C00571919,2162018.0,15,2018,16,2
C00571919,2162018.0,15,2018,16,2
C00571919,2042018.0,15,2018,04,2
C00571919,2232018.0,50,2018,23,2
C00571919,2252018.0,25,2018,25,2
C00571919,2162018.0,100,2018,16,2
C00571919,2132018.0,100,2018,13,2
C00571919,2152018.0,25,2018,15,2
C00571919,2172018.0,15,2018,17,2
C00571919,2272018.0,100,2018,27,2
C00571919,2162018.0,15,2018,16,2
C00571919,2112018.0,100,2018,11,2
C00571919,2282018.0,100,2018,28,2
C00571919,2282018.0,50,2018,28,2
C00571919,2272018.0,500,2018,27,2
C00571919,2102018.0,100,2018,10,2
C00571919,2112018.0,25,2018,11,2
C00571919,2112018.0,15,2018,11,2
C00571919,2162018.0,50,2018,16,2
C00571919,2252018.0,25,2018,25,2
C00571919,2032018.0,1000,2018,03,2
C00571919,2172018.0,500,2018,17,2
C00571919,2042018.0,500,2018,04,2
C00571919,2202018.0,7,2018,20,2
C00571919,2182018.0,15,2018,18,2
C00571919,2132018.0,5,2018,13,2
C00571919,2282018.0,10,2018,28,2
C00571919,2222018.0,15,2018,22,2
C00571919,2262018.0,5,2018,26,2
C00571919,2262018.0,100,2018,26,2
C00571919,2182018.0,25,2018,18,2
C00571919,2282018.0,100,2018,28,2
C00571919,2282018.0,50,2018,28,2
C00571919,2282018.0,25,2018,28,2
C00571919,2132018.0,50,2018,13,2
C00571919,2282018.0,10,2018,28,2
C00571919,2282018.0,5,2018,28,2
C00571919,2282018.0,100,2018,28,2
C00571919,2132018.0,3,2018,13,2
C00571919,2162018.0,50,2018,16,2
C00571919,2182018.0,5,2018,18,2
C00571919,2232018.0,10,2018,23,2
C00571919,2162018.0,50,2018,16,2
C00571919,2052018.0,25,2018,05,2
C00571919,2232018.0,12,2018,23,2
C00571919,2262018.0,25,2018,26,2
C00571919,2062018.0,500,2018,06,2
C00571919,2172018.0,2,2018,17,2
C00571919,2282018.0,5,2018,28,2
C00571919,2052018.0,35,2018,05,2
C00571919,2222018.0,50,2018,22,2
C00571919,2182018.0,25,2018,18,2
C00571919,2282018.0,50,2018,28,2
C00571919,2042018.0,50,2018,04,2
C00571919,2282018.0,5,2018,28,2
C00571919,2202018.0,25,2018,20,2
C00571919,2252018.0,5,2018,25,2
C00571919,2222018.0,50,2018,22,2
C00571919,2122018.0,15,2018,12,2
C00571919,2082018.0,15,2018,08,2
C00571919,2142018.0,15,2018,14,2
C00571919,2202018.0,250,2018,20,2
C00571919,2232018.0,50,2018,23,2
C00571919,2242018.0,100,2018,24,2
C00571919,2162018.0,50,2018,16,2
C00571919,2252018.0,100,2018,25,2
C00571919,2282018.0,50,2018,28,2
C00571919,2022018.0,15,2018,02,2
C00571919,2272018.0,5,2018,27,2
C00571919,2042018.0,25,2018,04,2
C00571919,2222018.0,12,2018,22,2
C00571919,2272018.0,25,2018,27,2
C00571919,2032018.0,25,2018,03,2
C00571919,2132018.0,5,2018,13,2
C00571919,2112018.0,25,2018,11,2
C00571919,2272018.0,15,2018,27,2
C00571919,2272018.0,25,2018,27,2
C00571919,2172018.0,7,2018,17,2
C00571919,2172018.0,100,2018,17,2
C00571919,2282018.0,25,2018,28,2
C00571919,2272018.0,100,2018,27,2
C00571919,2042018.0,5,2018,04,2
C00571919,2042018.0,15,2018,04,2
C00571919,2042018.0,11,2018,04,2
C00571919,2252018.0,25,2018,25,2
C00571919,2132018.0,10,2018,13,2
C00571919,2282018.0,10,2018,28,2
C00571919,2012018.0,15,2018,01,2
C00571919,2082018.0,15,2018,08,2
C00571919,2052018.0,50,2018,05,2
C00571919,2082018.0,10,2018,08,2
C00571919,2162018.0,25,2018,16,2
C00571919,2272018.0,100,2018,27,2
C00571919,2132018.0,25,2018,13,2
C00571919,2122018.0,35,2018,12,2
C00571919,2052018.0,18,2018,05,2
C00571919,2172018.0,5,2018,17,2
C00571919,2222018.0,1,2018,22,2
C00571919,2232018.0,3,2018,23,2
C00571919,2282018.0,25,2018,28,2
C00571919,2282018.0,3,2018,28,2
C00571919,2172018.0,15,2018,17,2
C00571919,2222018.0,25,2018,22,2
C00571919,2012018.0,250,2018,01,2
C00571919,2222018.0,25,2018,22,2
C00571919,2272018.0,50,2018,27,2
C00571919,2022018.0,25,2018,02,2
C00571919,2272018.0,25,2018,27,2
C00571919,2042018.0,5,2018,04,2
C00571919,2212018.0,25,2018,21,2
C00571919,2032018.0,100,2018,03,2
C00571919,2012018.0,25,2018,01,2
C00571919,2042018.0,25,2018,04,2
C00571919,2062018.0,10,2018,06,2
C00571919,2112018.0,100,2018,11,2
C00571919,2212018.0,25,2018,21,2
C00571919,2222018.0,5,2018,22,2
C00571919,2252018.0,25,2018,25,2
C00571919,2282018.0,25,2018,28,2
C00571919,2162018.0,5,2018,16,2
C00571919,2012018.0,15,2018,01,2
C00571919,2202018.0,25,2018,20,2
C00571919,2152018.0,25,2018,15,2
C00571919,2042018.0,100,2018,04,2
C00571919,2162018.0,25,2018,16,2
C00571919,2122018.0,50,2018,12,2
C00571919,2162018.0,125,2018,16,2
C00571919,2222018.0,100,2018,22,2
C00571919,2222018.0,125,2018,22,2
C00571919,2112018.0,25,2018,11,2
C00571919,2272018.0,50,2018,27,2
C00571919,2182018.0,100,2018,18,2
C00571919,2162018.0,25,2018,16,2
C00571919,2052018.0,250,2018,05,2
C00571919,2122018.0,100,2018,12,2
C00571919,2222018.0,15,2018,22,2
C00571919,2062018.0,25,2018,06,2
C00571919,2062018.0,10,2018,06,2
C00571919,2242018.0,50,2018,24,2
C00571919,2152018.0,10,2018,15,2
C00571919,2272018.0,100,2018,27,2
C00571919,2172018.0,25,2018,17,2
C00571919,2072018.0,15,2018,07,2
C00571919,2252018.0,100,2018,25,2
C00571919,2032018.0,50,2018,03,2
C00571919,2032018.0,100,2018,03,2
C00571919,2132018.0,30,2018,13,2
C00571919,2012018.0,25,2018,01,2
C00571919,2212018.0,25,2018,21,2
C00571919,2042018.0,15,2018,04,2
C00571919,2012018.0,500,2018,01,2
C00571919,2032018.0,15,2018,03,2
C00571919,2222018.0,50,2018,22,2
C00571919,2192018.0,50,2018,19,2
C00571919,2042018.0,50,2018,04,2
C00571919,2132018.0,25,2018,13,2
C00571919,2022018.0,15,2018,02,2
C00571919,2282018.0,25,2018,28,2
C00571919,2032018.0,25,2018,03,2
C00571919,2252018.0,50,2018,25,2
C00571919,2252018.0,25,2018,25,2
C00571919,2212018.0,100,2018,21,2
C00571919,2222018.0,100,2018,22,2
C00571919,2252018.0,100,2018,25,2
C00571919,2032018.0,15,2018,03,2
C00571919,2282018.0,25,2018,28,2
C00571919,2052018.0,100,2018,05,2
C00571919,2212018.0,15,2018,21,2
C00571919,2112018.0,50,2018,11,2
C00571919,2282018.0,25,2018,28,2
C00571919,2182018.0,50,2018,18,2
C00571919,2212018.0,2,2018,21,2
C00571919,2262018.0,25,2018,26,2
C00571919,2282018.0,12,2018,28,2
C00571919,2112018.0,8,2018,11,2
C00571919,2052018.0,11,2018,05,2
C00571919,2172018.0,12,2018,17,2
C00571919,2262018.0,50,2018,26,2
C00571919,2042018.0,50,2018,04,2
C00571919,2282018.0,25,2018,28,2
C00571919,2172018.0,5,2018,17,2
C00571919,2212018.0,15,2018,21,2
C00571919,2222018.0,12,2018,22,2
C00571919,2012018.0,35,2018,01,2
C00571919,2282018.0,25,2018,28,2
C00571919,2232018.0,35,2018,23,2
C00571919,2282018.0,6,2018,28,2
C00571919,2062018.0,15,2018,06,2
C00571919,2132018.0,15,2018,13,2
C00571919,2172018.0,5,2018,17,2
C00571919,2202018.0,10,2018,20,2
C00571919,2232018.0,25,2018,23,2
C00571919,2272018.0,10,2018,27,2
C00571919,2282018.0,10,2018,28,2
C00571919,2162018.0,50,2018,16,2
C00571919,2222018.0,10,2018,22,2
C00571919,2242018.0,15,2018,24,2
C00571919,2282018.0,10,2018,28,2
C00571919,2282018.0,15,2018,28,2
C00571919,2282018.0,10,2018,28,2
C00571919,2232018.0,15,2018,23,2
C00571919,2272018.0,5,2018,27,2
C00571919,2162018.0,5,2018,16,2
C00571919,2242018.0,10,2018,24,2
C00571919,2232018.0,25,2018,23,2
C00571919,2252018.0,5,2018,25,2
C00571919,2022018.0,100,2018,02,2
C00571919,2182018.0,15,2018,18,2
C00571919,2262018.0,10,2018,26,2
C00571919,2022018.0,5,2018,02,2
C00571919,2182018.0,50,2018,18,2
C00571919,2252018.0,25,2018,25,2
C00571919,2272018.0,50,2018,27,2
C00571919,2032018.0,25,2018,03,2
C00571919,2162018.0,12,2018,16,2
C00571919,2232018.0,100,2018,23,2
C00571919,2112018.0,25,2018,11,2
C00571919,2032018.0,5,2018,03,2
C00571919,2262018.0,50,2018,26,2
C00571919,2272018.0,5,2018,27,2
C00571919,2282018.0,5,2018,28,2
C00571919,2282018.0,15,2018,28,2
C00571919,2162018.0,15,2018,16,2
C00571919,2132018.0,15,2018,13,2
C00571919,2212018.0,3,2018,21,2
C00571919,2252018.0,15,2018,25,2
C00571919,2282018.0,25,2018,28,2
C00571919,2162018.0,7,2018,16,2
C00571919,2232018.0,10,2018,23,2
C00571919,2232018.0,15,2018,23,2
C00571919,2282018.0,15,2018,28,2
C00571919,2042018.0,100,2018,04,2
C00571919,2062018.0,25,2018,06,2
C00571919,2152018.0,15,2018,15,2
C00571919,2212018.0,25,2018,21,2
C00571919,2012018.0,2,2018,01,2
C00571919,2282018.0,15,2018,28,2
C00571919,2162018.0,15,2018,16,2
C00571919,2212018.0,25,2018,21,2
C00571919,2252018.0,35,2018,25,2
C00571919,2222018.0,2,2018,22,2
C00571919,2162018.0,2,2018,16,2
C00571919,2172018.0,15,2018,17,2
C00571919,2202018.0,25,2018,20,2
C00571919,2282018.0,25,2018,28,2
C00571919,2032018.0,25,2018,03,2
C00571919,2052018.0,5,2018,05,2
C00571919,2222018.0,2,2018,22,2
C00571919,2142018.0,25,2018,14,2
C00571919,2142018.0,5,2018,14,2
C00571919,2272018.0,100,2018,27,2
C00571919,2282018.0,25,2018,28,2
C00571919,2242018.0,25,2018,24,2
C00571919,2032018.0,15,2018,03,2
C00571919,2022018.0,25,2018,02,2
C00571919,2282018.0,25,2018,28,2
C00571919,2282018.0,10,2018,28,2
C00571919,2172018.0,15,2018,17,2
C00571919,2262018.0,25,2018,26,2
C00571919,2222018.0,100,2018,22,2
C00571919,2012018.0,25,2018,01,2
C00571919,2092018.0,15,2018,09,2
C00571919,2152018.0,5,2018,15,2
C00571919,2122018.0,15,2018,12,2
C00571919,2282018.0,15,2018,28,2
C00571919,2022018.0,100,2018,02,2
C00571919,2012018.0,100,2018,01,2
C00571919,2172018.0,15,2018,17,2
C00571919,2062018.0,5,2018,06,2
C00571919,2172018.0,2,2018,17,2
C00571919,2222018.0,2,2018,22,2
C00571919,2232018.0,5,2018,23,2
C00571919,2282018.0,25,2018,28,2
C00571919,2012018.0,25,2018,01,2
C00571919,2032018.0,15,2018,03,2
C00571919,2162018.0,5,2018,16,2
C00571919,2142018.0,5,2018,14,2
C00571919,2022018.0,100,2018,02,2
C00571919,2162018.0,2,2018,16,2
C00571919,2192018.0,15,2018,19,2
C00571919,2202018.0,15,2018,20,2
C00571919,2282018.0,5,2018,28,2
C00571919,2232018.0,10,2018,23,2
C00571919,2282018.0,25,2018,28,2
C00571919,2282018.0,25,2018,28,2
C00571919,2222018.0,2,2018,22,2
C00571919,2232018.0,5,2018,23,2
C00571919,2242018.0,15,2018,24,2
C00571919,2212018.0,6,2018,21,2
C00571919,2172018.0,10,2018,17,2
C00571919,2162018.0,50,2018,16,2
C00571919,2202018.0,35,2018,20,2
C00571919,2092018.0,100,2018,09,2
C00571919,2132018.0,15,2018,13,2
C00571919,2032018.0,15,2018,03,2
C00571919,2182018.0,5,2018,18,2
C00571919,2072018.0,25,2018,07,2
C00571919,2222018.0,15,2018,22,2
C00571919,2112018.0,25,2018,11,2
C00571919,2222018.0,12,2018,22,2
C00571919,2262018.0,50,2018,26,2
C00571919,2162018.0,250,2018,16,2
C00571919,2232018.0,50,2018,23,2
C00571919,2102018.0,15,2018,10,2
C00571919,2152018.0,15,2018,15,2
C00571919,2262018.0,15,2018,26,2
C00571919,2282018.0,15,2018,28,2
C00571919,2252018.0,25,2018,25,2
C00571919,2272018.0,25,2018,27,2
C00571919,2142018.0,100,2018,14,2
C00571919,2142018.0,100,2018,14,2
C00571919,2262018.0,100,2018,26,2
C00571919,2232018.0,15,2018,23,2
C00571919,2282018.0,15,2018,28,2
C00571919,2222018.0,500,2018,22,2
C00571919,2162018.0,50,2018,16,2
C00571919,2012018.0,50,2018,01,2
C00571919,2012018.0,50,2018,01,2
C00571919,2092018.0,10,2018,09,2
C00571919,2282018.0,10,2018,28,2
C00571919,2212018.0,15,2018,21,2
C00571919,2202018.0,15,2018,20,2
C00571919,2272018.0,25,2018,27,2
C00571919,2222018.0,12,2018,22,2
C00571919,2282018.0,25,2018,28,2
C00571919,2212018.0,5,2018,21,2
C00571919,2122018.0,25,2018,12,2
C00571919,2142018.0,25,2018,14,2
C00571919,2172018.0,15,2018,17,2
C00571919,2222018.0,25,2018,22,2
C00571919,2282018.0,15,2018,28,2
C00571919,2032018.0,50,2018,03,2
C00571919,2262018.0,50,2018,26,2
C00571919,2252018.0,2,2018,25,2
C00571919,2262018.0,15,2018,26,2
C00571919,2222018.0,12,2018,22,2
C00571919,2242018.0,100,2018,24,2
C00571919,2202018.0,50,2018,20,2
C00571919,2162018.0,25,2018,16,2
C00571919,2192018.0,125,2018,19,2
C00571919,2192018.0,25,2018,19,2
C00571919,2272018.0,25,2018,27,2
C00571919,2182018.0,25,2018,18,2
C00571919,2202018.0,25,2018,20,2
C00571919,2212018.0,25,2018,21,2
C00571919,2112018.0,15,2018,11,2
C00571919,2042018.0,5,2018,04,2
C00571919,2012018.0,5,2018,01,2
C00571919,2202018.0,2,2018,20,2
C00571919,2032018.0,15,2018,03,2
C00571919,2042018.0,15,2018,04,2
C00571919,2182018.0,15,2018,18,2
C00571919,2222018.0,25,2018,22,2
C00571919,2012018.0,10,2018,01,2
C00571919,2222018.0,100,2018,22,2
C00571919,2112018.0,15,2018,11,2
C00571919,2232018.0,50,2018,23,2
C00571919,2162018.0,35,2018,16,2
C00571919,2012018.0,10,2018,01,2
C00571919,2132018.0,500,2018,13,2
C00571919,2162018.0,25,2018,16,2
C00571919,2282018.0,25,2018,28,2
C00571919,2282018.0,25,2018,28,2
C00571919,2282018.0,15,2018,28,2
C00571919,2222018.0,50,2018,22,2
C00571919,2032018.0,25,2018,03,2
C00571919,2102018.0,25,2018,10,2
C00571919,2182018.0,50,2018,18,2
C00571919,2172018.0,50,2018,17,2
C00571919,2182018.0,100,2018,18,2
C00571919,2172018.0,25,2018,17,2
C00571919,2012018.0,25,2018,01,2
C00571919,2042018.0,100,2018,04,2
C00571919,2172018.0,25,2018,17,2
C00571919,2252018.0,25,2018,25,2
C00571919,2232018.0,25,2018,23,2
C00571919,2232018.0,5,2018,23,2
C00571919,2272018.0,10,2018,27,2
C00571919,2232018.0,100,2018,23,2
C00571919,2282018.0,25,2018,28,2
C00571919,2092018.0,45,2018,09,2
C00571919,2052018.0,5,2018,05,2
C00571919,2182018.0,15,2018,18,2
C00571919,2172018.0,17,2018,17,2
C00571919,2162018.0,5,2018,16,2
C00571919,2202018.0,5,2018,20,2
C00571919,2162018.0,5,2018,16,2
C00571919,2202018.0,10,2018,20,2
C00571919,2222018.0,2,2018,22,2
C00571919,2142018.0,400,2018,14,2
C00571919,2232018.0,50,2018,23,2
C00571919,2212018.0,100,2018,21,2
C00571919,2032018.0,15,2018,03,2
C00571919,2132018.0,15,2018,13,2
C00571919,2162018.0,50,2018,16,2
C00571919,2192018.0,15,2018,19,2
C00571919,2232018.0,100,2018,23,2
C00571919,2162018.0,10,2018,16,2
C00571919,2142018.0,15,2018,14,2
C00571919,2152018.0,25,2018,15,2
C00571919,2162018.0,5,2018,16,2
C00571919,2042018.0,25,2018,04,2
C00571919,2282018.0,50,2018,28,2
C00571919,2042018.0,35,2018,04,2
C00571919,2162018.0,12,2018,16,2
C00571919,2162018.0,15,2018,16,2
C00571919,2242018.0,25,2018,24,2
C00571919,2042018.0,50,2018,04,2
C00571919,2042018.0,15,2018,04,2
C00571919,2142018.0,10,2018,14,2
C00571919,2162018.0,50,2018,16,2
C00571919,2032018.0,250,2018,03,2
C00571919,2282018.0,15,2018,28,2
C00571919,2262018.0,100,2018,26,2
C00571919,2142018.0,100,2018,14,2
C00571919,2162018.0,15,2018,16,2
C00571919,2122018.0,250,2018,12,2
C00571919,2022018.0,50,2018,02,2
C00571919,2232018.0,15,2018,23,2
C00571919,2092018.0,10,2018,09,2
C00571919,2162018.0,10,2018,16,2
C00571919,2162018.0,5,2018,16,2
C00571919,2142018.0,100,2018,14,2
C00571919,2142018.0,15,2018,14,2
C00571919,2242018.0,15,2018,24,2
C00571919,2282018.0,50,2018,28,2
C00571919,2032018.0,50,2018,03,2
C00571919,2182018.0,25,2018,18,2
C00571919,2182018.0,25,2018,18,2
C00571919,2262018.0,25,2018,26,2
C00571919,2242018.0,5,2018,24,2
C00571919,2252018.0,2,2018,25,2
C00571919,2252018.0,5,2018,25,2
C00571919,2142018.0,15,2018,14,2
C00571919,2042018.0,100,2018,04,2
C00571919,2202018.0,25,2018,20,2
C00571919,2272018.0,15,2018,27,2
C00571919,2022018.0,50,2018,02,2
C00571919,2042018.0,100,2018,04,2
C00571919,2032018.0,100,2018,03,2
C00571919,2132018.0,25,2018,13,2
C00571919,2202018.0,15,2018,20,2
C00571919,2232018.0,15,2018,23,2
C00571919,2012018.0,10,2018,01,2
C00571919,2252018.0,100,2018,25,2
C00571919,2262018.0,15,2018,26,2
C00571919,2042018.0,100,2018,04,2
C00571919,2012018.0,25,2018,01,2
C00571919,2132018.0,25,2018,13,2
C00571919,2162018.0,50,2018,16,2
C00571919,2222018.0,12,2018,22,2
C00571919,2082018.0,25,2018,08,2
C00571919,2102018.0,15,2018,10,2
C00571919,2152018.0,25,2018,15,2
C00571919,2042018.0,100,2018,04,2
C00571919,2202018.0,12,2018,20,2
C00571919,2202018.0,25,2018,20,2
C00571919,2162018.0,5,2018,16,2
C00571919,2222018.0,50,2018,22,2
C00571919,2222018.0,6,2018,22,2
C00571919,2142018.0,50,2018,14,2
C00571919,2172018.0,50,2018,17,2
C00571919,2282018.0,50,2018,28,2
C00571919,2282018.0,150,2018,28,2
C00571919,2082018.0,500,2018,08,2
C00571919,2142018.0,500,2018,14,2
C00571919,2262018.0,15,2018,26,2
C00571919,2242018.0,25,2018,24,2
C00571919,2142018.0,20,2018,14,2
C00571919,2012018.0,5,2018,01,2
C00571919,2012018.0,25,2018,01,2
C00571919,2062018.0,6,2018,06,2
C00571919,2282018.0,25,2018,28,2
C00571919,2162018.0,25,2018,16,2
C00571919,2212018.0,15,2018,21,2
C00571919,2282018.0,50,2018,28,2
C00571919,2222018.0,12,2018,22,2
C00571919,2222018.0,5,2018,22,2
C00571919,2052018.0,15,2018,05,2
C00571919,2242018.0,15,2018,24,2
C00571919,2202018.0,7,2018,20,2
C00571919,2222018.0,50,2018,22,2
C00571919,2132018.0,15,2018,13,2
C00571919,2242018.0,50,2018,24,2
C00571919,2212018.0,25,2018,21,2
C00571919,2092018.0,25,2018,09,2
C00571919,2252018.0,25,2018,25,2
C00571919,2032018.0,15,2018,03,2
C00571919,2272018.0,20,2018,27,2
C00571919,2132018.0,50,2018,13,2
C00571919,2282018.0,25,2018,28,2
C00571919,2252018.0,50,2018,25,2
C00571919,2282018.0,25,2018,28,2
C00571919,2202018.0,12,2018,20,2
C00571919,2132018.0,250,2018,13,2
C00571919,2032018.0,5,2018,03,2
C00571919,2032018.0,10,2018,03,2
C00571919,2282018.0,100,2018,28,2
C00571919,2232018.0,5,2018,23,2
C00571919,2242018.0,5,2018,24,2
C00571919,2242018.0,5,2018,24,2
C00571919,2012018.0,50,2018,01,2
C00571919,2042018.0,15,2018,04,2
C00571919,2222018.0,50,2018,22,2
C00571919,2202018.0,100,2018,20,2
C00571919,2162018.0,25,2018,16,2
C00571919,2272018.0,100,2018,27,2
C00571919,2042018.0,15,2018,04,2
C00571919,2052018.0,25,2018,05,2
C00571919,2172018.0,25,2018,17,2
C00571919,2212018.0,25,2018,21,2
C00571919,2032018.0,50,2018,03,2
C00571919,2112018.0,25,2018,11,2
C00571919,2272018.0,15,2018,27,2
C00571919,2232018.0,15,2018,23,2
C00571919,2082018.0,2,2018,08,2
C00571919,2282018.0,25,2018,28,2
C00571919,2272018.0,25,2018,27,2
C00571919,2232018.0,500,2018,23,2
C00571919,2272018.0,500,2018,27,2
C00571919,2222018.0,1,2018,22,2
C00571919,2082018.0,5,2018,08,2
C00571919,2132018.0,5,2018,13,2
C00571919,2282018.0,50,2018,28,2
C00571919,2072018.0,15,2018,07,2
C00571919,2282018.0,10,2018,28,2
C00571919,2272018.0,100,2018,27,2
C00571919,2192018.0,500,2018,19,2
C00571919,2142018.0,15,2018,14,2
C00571919,2172018.0,10,2018,17,2
C00571919,2162018.0,25,2018,16,2
C00571919,2282018.0,25,2018,28,2
C00571919,2162018.0,12,2018,16,2
C00571919,2072018.0,25,2018,07,2
C00571919,2052018.0,25,2018,05,2
C00571919,2252018.0,25,2018,25,2
C00571919,2222018.0,7,2018,22,2
C00571919,2222018.0,12,2018,22,2
C00571919,2212018.0,15,2018,21,2
C00571919,2012018.0,5,2018,01,2
C00571919,2222018.0,25,2018,22,2
C00571919,2162018.0,20,2018,16,2
C00571919,2212018.0,2675,2018,21,2
C00571919,2212018.0,25,2018,21,2
C00571919,2062018.0,500,2018,06,2
C00571919,2132018.0,15,2018,13,2
C00571919,2242018.0,15,2018,24,2
C00571919,2012018.0,250,2018,01,2
C00571919,2202018.0,250,2018,20,2
C00571919,2152018.0,15,2018,15,2
C00571919,2052018.0,25,2018,05,2
C00571919,2162018.0,25,2018,16,2
C00571919,2052018.0,15,2018,05,2
C00571919,2132018.0,15,2018,13,2
C00571919,2012018.0,25,2018,01,2
C00571919,2092018.0,15,2018,09,2
C00571919,2112018.0,10,2018,11,2
C00571919,2202018.0,25,2018,20,2
C00571919,2072018.0,25,2018,07,2
C00571919,2262018.0,15,2018,26,2
C00571919,2132018.0,25,2018,13,2
C00571919,2132018.0,25,2018,13,2
C00571919,2262018.0,5,2018,26,2
C00571919,2282018.0,15,2018,28,2
C00571919,2202018.0,15,2018,20,2
C00571919,2162018.0,7,2018,16,2
C00571919,2032018.0,25,2018,03,2
C00571919,2202018.0,12,2018,20,2
C00571919,2052018.0,15,2018,05,2
C00571919,2052018.0,5,2018,05,2
C00571919,2182018.0,15,2018,18,2
C00571919,2132018.0,250,2018,13,2
C00571919,2142018.0,5,2018,14,2
C00571919,2222018.0,15,2018,22,2
C00571919,2242018.0,25,2018,24,2
C00571919,2202018.0,7,2018,20,2
C00571919,2142018.0,15,2018,14,2
C00571919,2222018.0,25,2018,22,2
C00571919,2232018.0,100,2018,23,2
C00571919,2222018.0,50,2018,22,2
C00571919,2222018.0,25,2018,22,2
C00571919,2282018.0,50,2018,28,2
C00571919,2152018.0,25,2018,15,2
C00571919,2152018.0,25,2018,15,2
C00571919,2022018.0,6,2018,02,2
C00571919,2052018.0,15,2018,05,2
C00571919,2242018.0,10,2018,24,2
C00571919,2022018.0,10,2018,02,2
C00571919,2192018.0,15,2018,19,2
C00571919,2152018.0,50,2018,15,2
C00571919,2022018.0,100,2018,02,2
C00571919,2212018.0,50,2018,21,2
C00571919,2112018.0,10,2018,11,2
C00571919,2282018.0,25,2018,28,2
C00571919,2132018.0,25,2018,13,2
C00571919,2042018.0,25,2018,04,2
C00571919,2172018.0,12,2018,17,2
C00571919,2212018.0,25,2018,21,2
C00571919,2032018.0,50,2018,03,2
C00571919,2172018.0,25,2018,17,2
C00571919,2132018.0,15,2018,13,2
C00571919,2032018.0,15,2018,03,2
C00571919,2082018.0,25,2018,08,2
C00571919,2172018.0,12,2018,17,2
C00571919,2262018.0,15,2018,26,2
C00571919,2192018.0,50,2018,19,2
C00571919,2022018.0,15,2018,02,2
C00571919,2212018.0,15,2018,21,2
C00571919,2022018.0,2,2018,02,2
C00571919,2052018.0,50,2018,05,2
C00571919,2172018.0,25,2018,17,2
C00571919,2162018.0,50,2018,16,2
C00571919,2252018.0,25,2018,25,2
C00571919,2182018.0,5,2018,18,2
C00571919,2082018.0,12,2018,08,2
C00571919,2042018.0,50,2018,04,2
C00571919,2012018.0,10,2018,01,2
C00571919,2082018.0,50,2018,08,2
C00571919,2272018.0,25,2018,27,2
C00571919,2062018.0,250,2018,06,2
C00571919,2232018.0,4,2018,23,2
C00571919,2022018.0,50,2018,02,2
C00571919,2242018.0,15,2018,24,2
C00571919,2262018.0,20,2018,26,2
C00571919,2282018.0,38,2018,28,2
C00571919,2032018.0,100,2018,03,2
C00571919,2032018.0,100,2018,03,2
C00571919,2282018.0,25,2018,28,2
C00571919,2042018.0,1,2018,04,2
C00571919,2202018.0,7,2018,20,2
C00571919,2092018.0,25,2018,09,2
C00571919,2042018.0,33,2018,04,2
C00571919,2172018.0,15,2018,17,2
C00571919,2282018.0,15,2018,28,2
C00571919,2222018.0,15,2018,22,2
C00571919,2282018.0,12,2018,28,2
C00571919,2172018.0,15,2018,17,2
C00571919,2202018.0,50,2018,20,2
C00571919,2232018.0,25,2018,23,2
C00571919,2202018.0,250,2018,20,2
C00571919,2092018.0,25,2018,09,2
C00571919,2192018.0,25,2018,19,2
C00571919,2112018.0,25,2018,11,2
C00571919,2162018.0,5,2018,16,2
C00571919,2282018.0,25,2018,28,2
C00571919,2282018.0,5,2018,28,2
C00571919,2162018.0,12,2018,16,2
C00571919,2012018.0,25,2018,01,2
C00571919,2172018.0,25,2018,17,2
C00571919,2282018.0,5,2018,28,2
C00571919,2282018.0,10,2018,28,2
C00571919,2202018.0,50,2018,20,2
C00571919,2132018.0,10,2018,13,2
C00571919,2162018.0,5,2018,16,2
C00571919,2202018.0,5,2018,20,2
C00571919,2272018.0,100,2018,27,2
C00571919,2282018.0,6,2018,28,2
C00571919,2222018.0,25,2018,22,2
C00571919,2272018.0,50,2018,27,2
C00571919,2192018.0,50,2018,19,2
C00571919,2232018.0,15,2018,23,2
C00571919,2252018.0,15,2018,25,2
C00571919,2052018.0,25,2018,05,2
C00571919,2152018.0,25,2018,15,2
C00571919,2032018.0,15,2018,03,2
C00571919,2052018.0,100,2018,05,2
C00571919,2272018.0,10,2018,27,2
C00571919,2172018.0,15,2018,17,2
C00571919,2172018.0,15,2018,17,2
C00571919,2222018.0,500,2018,22,2
C00571919,2202018.0,5,2018,20,2
C00571919,2282018.0,15,2018,28,2
C00571919,2202018.0,10,2018,20,2
C00571919,2132018.0,10,2018,13,2
C00571919,2072018.0,25,2018,07,2
C00571919,2042018.0,50,2018,04,2
C00571919,2232018.0,25,2018,23,2
C00571919,2142018.0,50,2018,14,2
C00571919,2222018.0,500,2018,22,2
C00571919,2282018.0,500,2018,28,2
C00571919,2092018.0,20,2018,09,2
C00571919,2172018.0,15,2018,17,2
C00571919,2232018.0,50,2018,23,2
C00571919,2282018.0,50,2018,28,2
C00571919,2262018.0,25,2018,26,2
C00571919,2242018.0,50,2018,24,2
C00571919,2202018.0,25,2018,20,2
C00571919,2072018.0,15,2018,07,2
C00571919,2032018.0,25,2018,03,2
C00571919,2062018.0,25,2018,06,2
C00571919,2242018.0,25,2018,24,2
C00571919,2252018.0,25,2018,25,2
C00571919,2162018.0,25,2018,16,2
C00571919,2252018.0,25,2018,25,2
C00571919,2202018.0,25,2018,20,2
C00571919,2182018.0,25,2018,18,2
C00571919,2282018.0,10,2018,28,2
C00571919,2202018.0,12,2018,20,2
C00571919,2032018.0,25,2018,03,2
C00571919,2222018.0,5,2018,22,2
C00571919,2162018.0,25,2018,16,2
C00571919,2162018.0,25,2018,16,2
C00571919,2042018.0,25,2018,04,2
C00571919,2132018.0,12,2018,13,2
C00571919,2132018.0,15,2018,13,2
C00571919,2242018.0,25,2018,24,2
C00571919,2102018.0,15,2018,10,2
C00571919,2152018.0,15,2018,15,2
C00571919,2042018.0,100,2018,04,2
C00571919,2142018.0,10,2018,14,2
C00571919,2162018.0,25,2018,16,2
C00571919,2202018.0,1000,2018,20,2
C00571919,2032018.0,3,2018,03,2
C00571919,2162018.0,2,2018,16,2
C00571919,2202018.0,3,2018,20,2
C00571919,2092018.0,25,2018,09,2
C00571919,2202018.0,12,2018,20,2
C00571919,2142018.0,10,2018,14,2
C00571919,2142018.0,20,2018,14,2
C00571919,2272018.0,50,2018,27,2
C00571919,2012018.0,100,2018,01,2
C00571919,2122018.0,10,2018,12,2
C00571919,2042018.0,15,2018,04,2
C00571919,2282018.0,50,2018,28,2
C00571919,2262018.0,100,2018,26,2
C00571919,2232018.0,15,2018,23,2
C00571919,2032018.0,100,2018,03,2
C00571919,2282018.0,50,2018,28,2
C00571919,2132018.0,10,2018,13,2
C00571919,2162018.0,12,2018,16,2
C00571919,2062018.0,25,2018,06,2
C00571919,2122018.0,15,2018,12,2
C00571919,2162018.0,12,2018,16,2
C00571919,2272018.0,25,2018,27,2
C00571919,2162018.0,12,2018,16,2
C00571919,2222018.0,12,2018,22,2
C00571919,2282018.0,10,2018,28,2
C00571919,2022018.0,20,2018,02,2
C00571919,2232018.0,15,2018,23,2
C00571919,2192018.0,25,2018,19,2
C00571919,2282018.0,100,2018,28,2
C00571919,2162018.0,15,2018,16,2
C00571919,2042018.0,25,2018,04,2
C00571919,2142018.0,25,2018,14,2
C00571919,2172018.0,12,2018,17,2
C00571919,2132018.0,25,2018,13,2
C00571919,2202018.0,25,2018,20,2
C00571919,2062018.0,100,2018,06,2
C00571919,2202018.0,250,2018,20,2
C00571919,2222018.0,50,2018,22,2
C00571919,2092018.0,15,2018,09,2
C00571919,2212018.0,15,2018,21,2
C00571919,2272018.0,500,2018,27,2
C00571919,2162018.0,15,2018,16,2
C00571919,2132018.0,10,2018,13,2
C00571919,2162018.0,83,2018,16,2
C00571919,2222018.0,5,2018,22,2
C00571919,2242018.0,15,2018,24,2
C00571919,2032018.0,50,2018,03,2
C00571919,2222018.0,12,2018,22,2
C00571919,2282018.0,15,2018,28,2
C00571919,2172018.0,50,2018,17,2
C00571919,2212018.0,50,2018,21,2
C00571919,2132018.0,15,2018,13,2
C00571919,2142018.0,15,2018,14,2
C00571919,2252018.0,15,2018,25,2
C00571919,2282018.0,6,2018,28,2
C00571919,2282018.0,25,2018,28,2
C00571919,2202018.0,25,2018,20,2
C00571919,2202018.0,50,2018,20,2
C00571919,2132018.0,25,2018,13,2
C00571919,2282018.0,50,2018,28,2
C00571919,2272018.0,10,2018,27,2
C00571919,2072018.0,25,2018,07,2
C00571919,2132018.0,5,2018,13,2
C00571919,2162018.0,2,2018,16,2
C00571919,2032018.0,15,2018,03,2
C00571919,2102018.0,25,2018,10,2
C00571919,2162018.0,50,2018,16,2
C00571919,2222018.0,5,2018,22,2
C00571919,2042018.0,250,2018,04,2
C00571919,2032018.0,100,2018,03,2
C00571919,2032018.0,100,2018,03,2
C00571919,2112018.0,50,2018,11,2
C00571919,2132018.0,15,2018,13,2
C00571919,2212018.0,15,2018,21,2
C00571919,2282018.0,0,2018,28,2
C00571919,2272018.0,25,2018,27,2
C00571919,2132018.0,50,2018,13,2
C00571919,2132018.0,50,2018,13,2
C00571919,2262018.0,15,2018,26,2
C00571919,2132018.0,50,2018,13,2
C00571919,2222018.0,50,2018,22,2
C00571919,2232018.0,100,2018,23,2
C00571919,2162018.0,12,2018,16,2
C00571919,2092018.0,5,2018,09,2
C00571919,2182018.0,25,2018,18,2
C00571919,2052018.0,15,2018,05,2
C00571919,2282018.0,25,2018,28,2
C00571919,2162018.0,12,2018,16,2
C00571919,2232018.0,15,2018,23,2
C00571919,2032018.0,3,2018,03,2
C00571919,2162018.0,12,2018,16,2
C00571919,2132018.0,50,2018,13,2
C00571919,2032018.0,25,2018,03,2
C00571919,2202018.0,10,2018,20,2
C00571919,2282018.0,25,2018,28,2
C00571919,2282018.0,15,2018,28,2
C00571919,2172018.0,15,2018,17,2
C00571919,2182018.0,25,2018,18,2
C00571919,2112018.0,15,2018,11,2
C00571919,2212018.0,100,2018,21,2
C00571919,2222018.0,250,2018,22,2
C00571919,2042018.0,100,2018,04,2
C00571919,2162018.0,50,2018,16,2
C00571919,2252018.0,100,2018,25,2
C00571919,2082018.0,50,2018,08,2
C00571919,2142018.0,50,2018,14,2
C00571919,2222018.0,100,2018,22,2
C00571919,2142018.0,25,2018,14,2
C00571919,2082018.0,15,2018,08,2
C00571919,2062018.0,10,2018,06,2
C00571919,2142018.0,10,2018,14,2
C00571919,2272018.0,25,2018,27,2
C00571919,2282018.0,6,2018,28,2
C00571919,2162018.0,7,2018,16,2
C00571919,2162018.0,15,2018,16,2
C00571919,2202018.0,15,2018,20,2
C00571919,2262018.0,25,2018,26,2
C00571919,2032018.0,20,2018,03,2
C00571919,2042018.0,25,2018,04,2
C00571919,2222018.0,25,2018,22,2
C00571919,2022018.0,200,2018,02,2
C00571919,2282018.0,6,2018,28,2
C00571919,2172018.0,12,2018,17,2
C00571919,2222018.0,12,2018,22,2
C00571919,2102018.0,50,2018,10,2
C00571919,2282018.0,25,2018,28,2
C00571919,2282018.0,50,2018,28,2
C00571919,2172018.0,25,2018,17,2
C00571919,2022018.0,25,2018,02,2
C00571919,2282018.0,100,2018,28,2
C00571919,2282018.0,100,2018,28,2
C00571919,2232018.0,100,2018,23,2
C00571919,2012018.0,15,2018,01,2
C00571919,2162018.0,25,2018,16,2
C00571919,2132018.0,25,2018,13,2
C00571919,2152018.0,100,2018,15,2
C00571919,2192018.0,100,2018,19,2
C00571919,2082018.0,5,2018,08,2
C00571919,2272018.0,10,2018,27,2
C00571919,2282018.0,3,2018,28,2
C00571919,2072018.0,5,2018,07,2
C00571919,2152018.0,15,2018,15,2
C00571919,2202018.0,12,2018,20,2
C00571919,2042018.0,10,2018,04,2
C00571919,2132018.0,25,2018,13,2
C00571919,2232018.0,50,2018,23,2
C00571919,2282018.0,50,2018,28,2
C00571919,2222018.0,25,2018,22,2
C00571919,2022018.0,5,2018,02,2
C00571919,2222018.0,25,2018,22,2
C00571919,2202018.0,50,2018,20,2
C00571919,2052018.0,15,2018,05,2
C00571919,2082018.0,5,2018,08,2
C00571919,2222018.0,5,2018,22,2
C00571919,2012018.0,1000,2018,01,2
C00571919,2232018.0,50,2018,23,2
C00571919,2052018.0,25,2018,05,2
C00571919,2222018.0,50,2018,22,2
C00571919,2202018.0,50,2018,20,2
C00571919,2232018.0,250,2018,23,2
C00571919,2272018.0,250,2018,27,2
C00571919,2082018.0,25,2018,08,2
C00571919,2172018.0,25,2018,17,2
C00571919,2202018.0,50,2018,20,2
C00571919,2232018.0,50,2018,23,2
C00571919,2172018.0,25,2018,17,2
C00571919,2112018.0,25,2018,11,2
C00571919,2112018.0,25,2018,11,2
C00571919,2112018.0,15,2018,11,2
C00571919,2142018.0,100,2018,14,2
C00571919,2162018.0,50,2018,16,2
C00571919,2142018.0,25,2018,14,2
C00571919,2032018.0,5,2018,03,2
C00571919,2032018.0,5,2018,03,2
C00571919,2152018.0,5,2018,15,2
C00571919,2132018.0,50,2018,13,2
C00571919,2152018.0,50,2018,15,2
C00571919,2222018.0,15,2018,22,2
C00571919,2282018.0,5,2018,28,2
C00571919,2282018.0,20,2018,28,2
C00571919,2072018.0,150,2018,07,2
C00571919,2162018.0,50,2018,16,2
C00571919,2012018.0,100,2018,01,2
C00571919,2282018.0,100,2018,28,2
C00571919,2082018.0,100,2018,08,2
C00571919,2222018.0,50,2018,22,2
C00571919,2272018.0,50,2018,27,2
C00571919,2042018.0,15,2018,04,2
C00571919,2122018.0,35,2018,12,2
C00571919,2142018.0,100,2018,14,2
C00571919,2162018.0,25,2018,16,2
C00571919,2222018.0,100,2018,22,2
C00571919,2142018.0,50,2018,14,2
C00571919,2042018.0,100,2018,04,2
C00571919,2152018.0,10,2018,15,2
C00571919,2162018.0,5,2018,16,2
C00571919,2162018.0,5,2018,16,2
C00571919,2242018.0,15,2018,24,2
C00571919,2112018.0,15,2018,11,2
C00571919,2282018.0,5,2018,28,2
C00571919,2142018.0,25,2018,14,2
C00571919,2212018.0,15,2018,21,2
C00571919,2252018.0,15,2018,25,2
C00571919,2142018.0,15,2018,14,2
C00571919,2282018.0,25,2018,28,2
C00571919,2172018.0,50,2018,17,2
C00571919,2232018.0,15,2018,23,2
C00571919,2282018.0,15,2018,28,2
C00571919,2032018.0,25,2018,03,2
C00571919,2222018.0,15,2018,22,2
C00571919,2132018.0,15,2018,13,2
C00571919,2282018.0,15,2018,28,2
C00571919,2282018.0,25,2018,28,2
C00571919,2032018.0,25,2018,03,2
C00571919,2172018.0,15,2018,17,2
C00571919,2212018.0,15,2018,21,2
C00571919,2112018.0,25,2018,11,2
C00571919,2032018.0,100,2018,03,2
C00571919,2172018.0,50,2018,17,2
C00571919,2172018.0,12,2018,17,2
C00571919,2082018.0,25,2018,08,2
C00571919,2212018.0,50,2018,21,2
C00571919,2272018.0,15,2018,27,2
C00571919,2222018.0,25,2018,22,2
C00571919,2262018.0,100,2018,26,2
C00571919,2142018.0,15,2018,14,2
C00571919,2052018.0,100,2018,05,2
C00571919,2252018.0,100,2018,25,2
C00571919,2282018.0,15,2018,28,2
C00571919,2032018.0,5,2018,03,2
C00571919,2132018.0,15,2018,13,2
C00571919,2062018.0,100,2018,06,2
C00571919,2232018.0,12,2018,23,2
C00571919,2042018.0,250,2018,04,2
C00571919,2282018.0,15,2018,28,2
C00571919,2142018.0,5,2018,14,2
C00571919,2222018.0,15,2018,22,2
C00571919,2232018.0,15,2018,23,2
C00571919,2272018.0,10,2018,27,2
C00571919,2282018.0,10,2018,28,2
C00571919,2272018.0,15,2018,27,2
C00571919,2222018.0,250,2018,22,2
C00571919,2162018.0,15,2018,16,2
C00571919,2282018.0,5,2018,28,2
C00571919,2122018.0,100,2018,12,2
C00571919,2142018.0,50,2018,14,2
C00571919,2222018.0,50,2018,22,2
C00571919,2062018.0,15,2018,06,2
C00571919,2162018.0,15,2018,16,2
C00571919,2202018.0,5,2018,20,2
C00571919,2212018.0,5,2018,21,2
C00571919,2222018.0,5,2018,22,2
C00571919,2222018.0,5,2018,22,2
C00571919,2212018.0,10,2018,21,2
C00571919,2112018.0,15,2018,11,2
C00571919,2112018.0,35,2018,11,2
C00571919,2092018.0,25,2018,09,2
C00571919,2172018.0,2,2018,17,2
C00571919,2272018.0,15,2018,27,2
C00571919,2242018.0,15,2018,24,2
C00571919,2272018.0,50,2018,27,2
C00571919,2172018.0,15,2018,17,2
C00571919,2232018.0,15,2018,23,2
C00571919,2132018.0,15,2018,13,2
C00571919,2202018.0,25,2018,20,2
C00571919,2282018.0,15,2018,28,2
C00571919,2032018.0,15,2018,03,2
C00571919,2052018.0,25,2018,05,2
C00571919,2132018.0,15,2018,13,2
C00571919,2182018.0,12,2018,18,2
C00571919,2202018.0,5,2018,20,2
C00571919,2222018.0,12,2018,22,2
C00571919,2262018.0,8,2018,26,2
C00571919,2282018.0,25,2018,28,2
C00571919,2132018.0,100,2018,13,2
C00571919,2202018.0,500,2018,20,2
C00571919,2232018.0,50,2018,23,2
C00571919,2162018.0,250,2018,16,2
C00571919,2192018.0,18,2018,19,2
C00571919,2132018.0,15,2018,13,2
C00571919,2142018.0,7,2018,14,2
C00571919,2032018.0,15,2018,03,2
C00571919,2052018.0,15,2018,05,2
C00571919,2062018.0,15,2018,06,2
C00571919,2272018.0,10,2018,27,2
C00571919,2282018.0,5,2018,28,2
C00571919,2132018.0,25,2018,13,2
C00571919,2162018.0,5,2018,16,2
C00571919,2202018.0,15,2018,20,2
C00571919,2212018.0,15,2018,21,2
C00571919,2222018.0,5,2018,22,2
C00571919,2172018.0,25,2018,17,2
C00571919,2212018.0,25,2018,21,2
C00571919,2032018.0,15,2018,03,2
C00571919,2212018.0,15,2018,21,2
C00571919,2162018.0,50,2018,16,2
C00571919,2062018.0,100,2018,06,2
C00571919,2222018.0,50,2018,22,2
C00571919,2282018.0,25,2018,28,2
C00571919,2242018.0,100,2018,24,2
C00571919,2032018.0,25,2018,03,2
C00571919,2272018.0,25,2018,27,2
C00571919,2272018.0,100,2018,27,2
C00571919,2282018.0,25,2018,28,2
C00571919,2152018.0,15,2018,15,2
C00571919,2012018.0,15,2018,01,2
C00571919,2162018.0,99,2018,16,2
C00571919,2142018.0,15,2018,14,2
C00571919,2162018.0,50,2018,16,2
C00571919,2052018.0,100,2018,05,2
C00571919,2022018.0,50,2018,02,2
C00571919,2122018.0,15,2018,12,2
C00571919,2282018.0,15,2018,28,2
C00571919,2032018.0,15,2018,03,2
C00571919,2222018.0,50,2018,22,2
C00571919,2172018.0,50,2018,17,2
C00571919,2042018.0,100,2018,04,2
C00571919,2152018.0,100,2018,15,2
C00571919,2282018.0,10,2018,28,2
C00571919,2102018.0,7,2018,10,2
C00571919,2262018.0,10,2018,26,2
C00571919,2052018.0,25,2018,05,2
C00571919,2132018.0,25,2018,13,2
C00571919,2162018.0,12,2018,16,2
C00571919,2192018.0,25,2018,19,2
C00571919,2162018.0,25,2018,16,2
C00571919,2022018.0,35,2018,02,2
C00571919,2032018.0,25,2018,03,2
C00571919,2222018.0,25,2018,22,2
C00571919,2272018.0,15,2018,27,2
C00571919,2132018.0,100,2018,13,2
C00571919,2242018.0,10,2018,24,2
C00571919,2132018.0,15,2018,13,2
C00571919,2132018.0,25,2018,13,2
C00571919,2062018.0,25,2018,06,2
C00571919,2102018.0,100,2018,10,2
C00571919,2142018.0,6,2018,14,2
C00571919,2222018.0,15,2018,22,2
C00571919,2012018.0,0,2018,01,2
C00571919,2102018.0,10,2018,10,2
C00571919,2142018.0,25,2018,14,2
C00571919,2282018.0,1000,2018,28,2
C00571919,2282018.0,15,2018,28,2
C00571919,2282018.0,25,2018,28,2
C00571919,2282018.0,15,2018,28,2
C00571919,2192018.0,25,2018,19,2
C00571919,2232018.0,50,2018,23,2
C00571919,2052018.0,15,2018,05,2
C00571919,2232018.0,250,2018,23,2
C00571919,2192018.0,50,2018,19,2
C00571919,2272018.0,100,2018,27,2
C00571919,2222018.0,5,2018,22,2
C00571919,2252018.0,100,2018,25,2
C00571919,2172018.0,50,2018,17,2
C00571919,2212018.0,50,2018,21,2
C00571919,2042018.0,4,2018,04,2
C00571919,2212018.0,100,2018,21,2
C00571919,2272018.0,250,2018,27,2
C00571919,2222018.0,50,2018,22,2
C00571919,2282018.0,15,2018,28,2
C00571919,2202018.0,25,2018,20,2
C00571919,2192018.0,25,2018,19,2
C00571919,2232018.0,35,2018,23,2
C00571919,2152018.0,25,2018,15,2
C00571919,2222018.0,25,2018,22,2
C00571919,2202018.0,5,2018,20,2
C00571919,2252018.0,100,2018,25,2
C00571919,2042018.0,5,2018,04,2
C00571919,2052018.0,25,2018,05,2
C00571919,2242018.0,5,2018,24,2
C00571919,2272018.0,2,2018,27,2
C00571919,2162018.0,5,2018,16,2
C00571919,2282018.0,10,2018,28,2
C00571919,2232018.0,25,2018,23,2
C00571919,2272018.0,50,2018,27,2
C00571919,2142018.0,5,2018,14,2
C00571919,2042018.0,50,2018,04,2
C00571919,2012018.0,25,2018,01,2
C00571919,2232018.0,10,2018,23,2
C00571919,2272018.0,10,2018,27,2
C00571919,2282018.0,25,2018,28,2
C00571919,2172018.0,25,2018,17,2
C00571919,2232018.0,25,2018,23,2
C00571919,2272018.0,250,2018,27,2
C00571919,2282018.0,100,2018,28,2
C00571919,2142018.0,25,2018,14,2
C00571919,2172018.0,25,2018,17,2
C00571919,2142018.0,25,2018,14,2
C00571919,2152018.0,25,2018,15,2
C00571919,2162018.0,12,2018,16,2
C00571919,2072018.0,100,2018,07,2
C00571919,2182018.0,25,2018,18,2
C00571919,2202018.0,100,2018,20,2
C00571919,2162018.0,2,2018,16,2
C00571919,2172018.0,125,2018,17,2
C00571919,2062018.0,100,2018,06,2
C00571919,2072018.0,10,2018,07,2
C00571919,2042018.0,100,2018,04,2
C00571919,2112018.0,25,2018,11,2
C00571919,2042018.0,100,2018,04,2
C00571919,2282018.0,25,2018,28,2
C00571919,2262018.0,15,2018,26,2
C00571919,2022018.0,15,2018,02,2
C00571919,2162018.0,15,2018,16,2
C00571919,2272018.0,25,2018,27,2
C00571919,2212018.0,25,2018,21,2
C00571919,2132018.0,25,2018,13,2
C00571919,2162018.0,12,2018,16,2
C00571919,2232018.0,50,2018,23,2
C00571919,2112018.0,25,2018,11,2
C00571919,2032018.0,100,2018,03,2
C00571919,2262018.0,50,2018,26,2
C00571919,2132018.0,500,2018,13,2
C00571919,2142018.0,10,2018,14,2
C00571919,2162018.0,25,2018,16,2
C00571919,2152018.0,25,2018,15,2
C00571919,2222018.0,250,2018,22,2
C00571919,2212018.0,15,2018,21,2
C00571919,2222018.0,12,2018,22,2
C00571919,2232018.0,25,2018,23,2
C00571919,2132018.0,10,2018,13,2
C00571919,2202018.0,25,2018,20,2
C00571919,2262018.0,25,2018,26,2
C00571919,2282018.0,15,2018,28,2
C00571919,2092018.0,100,2018,09,2
C00571919,2182018.0,100,2018,18,2
C00571919,2282018.0,15,2018,28,2
C00571919,2042018.0,15,2018,04,2
C00571919,2152018.0,15,2018,15,2
C00571919,2212018.0,15,2018,21,2
C00571919,2162018.0,50,2018,16,2
C00571919,2132018.0,5,2018,13,2
C00571919,2202018.0,50,2018,20,2
C00571919,2042018.0,50,2018,04,2
C00571919,2262018.0,100,2018,26,2
C00571919,2272018.0,60,2018,27,2
C00571919,2042018.0,15,2018,04,2
C00571919,2252018.0,25,2018,25,2
C00571919,2132018.0,50,2018,13,2
C00571919,2132018.0,10,2018,13,2
C00571919,2262018.0,15,2018,26,2
C00571919,2082018.0,15,2018,08,2
C00571919,2022018.0,15,2018,02,2
C00571919,2042018.0,25,2018,04,2
C00571919,2132018.0,15,2018,13,2
C00571919,2112018.0,5,2018,11,2
C00571919,2202018.0,50,2018,20,2
C00571919,2092018.0,25,2018,09,2
C00571919,2152018.0,15,2018,15,2
C00571919,2042018.0,25,2018,04,2
C00571919,2222018.0,2,2018,22,2
C00571919,2272018.0,0,2018,27,2
C00571919,2042018.0,15,2018,04,2
C00571919,2092018.0,15,2018,09,2
C00571919,2282018.0,3,2018,28,2
C00571919,2172018.0,10,2018,17,2
C00571919,2142018.0,50,2018,14,2
C00571919,2152018.0,15,2018,15,2
C00571919,2282018.0,25,2018,28,2
C00571919,2062018.0,15,2018,06,2
C00571919,2232018.0,5,2018,23,2
C00571919,2282018.0,10,2018,28,2
C00571919,2162018.0,100,2018,16,2
C00571919,2112018.0,15,2018,11,2
C00571919,2092018.0,15,2018,09,2
C00571919,2132018.0,35,2018,13,2
C00571919,2172018.0,15,2018,17,2
C00571919,2182018.0,15,2018,18,2
C00571919,2162018.0,50,2018,16,2
C00571919,2092018.0,50,2018,09,2
C00571919,2252018.0,10,2018,25,2
C00571919,2272018.0,50,2018,27,2
C00571919,2042018.0,50,2018,04,2
C00571919,2232018.0,100,2018,23,2
C00571919,2162018.0,25,2018,16,2
C00571919,2282018.0,6,2018,28,2
C00571919,2132018.0,25,2018,13,2
C00571919,2262018.0,25,2018,26,2
C00571919,2222018.0,125,2018,22,2
C00571919,2042018.0,25,2018,04,2
C00571919,2112018.0,15,2018,11,2
C00571919,2262018.0,25,2018,26,2
C00571919,2202018.0,25,2018,20,2
C00571919,2082018.0,25,2018,08,2
C00571919,2282018.0,25,2018,28,2
C00571919,2042018.0,25,2018,04,2
C00571919,2112018.0,50,2018,11,2
C00571919,2122018.0,50,2018,12,2
C00571919,2262018.0,15,2018,26,2
C00571919,2252018.0,25,2018,25,2
C00571919,2012018.0,100,2018,01,2
C00571919,2252018.0,100,2018,25,2
C00571919,2022018.0,25,2018,02,2
C00571919,2282018.0,10,2018,28,2
C00571919,2282018.0,15,2018,28,2
C00571919,2252018.0,100,2018,25,2
C00571919,2042018.0,25,2018,04,2
C00571919,2092018.0,35,2018,09,2
C00571919,2282018.0,15,2018,28,2
C00571919,2222018.0,12,2018,22,2
C00571919,2112018.0,15,2018,11,2
C00571919,2182018.0,10,2018,18,2
C00571919,2282018.0,10,2018,28,2
C00571919,2012018.0,50,2018,01,2
C00571919,2262018.0,25,2018,26,2
C00571919,2282018.0,100,2018,28,2
C00571919,2062018.0,15,2018,06,2
C00571919,2282018.0,12,2018,28,2
C00571919,2282018.0,15,2018,28,2
C00571919,2282018.0,15,2018,28,2
C00571919,2162018.0,50,2018,16,2
C00571919,2022018.0,50,2018,02,2
C00571919,2222018.0,250,2018,22,2
C00571919,2222018.0,50,2018,22,2
C00571919,2242018.0,25,2018,24,2
C00571919,2082018.0,25,2018,08,2
C00571919,2242018.0,25,2018,24,2
C00571919,2232018.0,50,2018,23,2
C00571919,2232018.0,10,2018,23,2
C00571919,2162018.0,25,2018,16,2
C00571919,2172018.0,50,2018,17,2
C00571919,2082018.0,15,2018,08,2
C00571919,2032018.0,15,2018,03,2
C00571919,2222018.0,12,2018,22,2
C00571919,2222018.0,12,2018,22,2
C00571919,2012018.0,25,2018,01,2
C00571919,2092018.0,15,2018,09,2
C00571919,2132018.0,15,2018,13,2
C00571919,2222018.0,15,2018,22,2
C00571919,2092018.0,15,2018,09,2
C00571919,2282018.0,15,2018,28,2
C00571919,2232018.0,15,2018,23,2
C00571919,2082018.0,25,2018,08,2
C00571919,2282018.0,25,2018,28,2
C00571919,2042018.0,15,2018,04,2
C00571919,2282018.0,15,2018,28,2
C00571919,2222018.0,25,2018,22,2
C00571919,2132018.0,10,2018,13,2
C00571919,2022018.0,5,2018,02,2
C00571919,2142018.0,15,2018,14,2
C00571919,2222018.0,15,2018,22,2
C00571919,2222018.0,25,2018,22,2
C00571919,2272018.0,12,2018,27,2
C00571919,2272018.0,10,2018,27,2
C00571919,2202018.0,25,2018,20,2
C00571919,2232018.0,25,2018,23,2
C00571919,2222018.0,25,2018,22,2
C00571919,2222018.0,5,2018,22,2
C00571919,2242018.0,0,2018,24,2
C00571919,2172018.0,50,2018,17,2
C00571919,2252018.0,50,2018,25,2
C00571919,2092018.0,25,2018,09,2
C00571919,2232018.0,100,2018,23,2
C00571919,2202018.0,50,2018,20,2
C00571919,2062018.0,5,2018,06,2
C00571919,2042018.0,15,2018,04,2
C00571919,2052018.0,15,2018,05,2
C00571919,2182018.0,15,2018,18,2
C00571919,2122018.0,100,2018,12,2
C00571919,2032018.0,50,2018,03,2
C00571919,2162018.0,5,2018,16,2
C00571919,2042018.0,15,2018,04,2
C00571919,2152018.0,50,2018,15,2
C00571919,2192018.0,15,2018,19,2
C00571919,2282018.0,6,2018,28,2
C00571919,2132018.0,10,2018,13,2
C00571919,2232018.0,25,2018,23,2
C00571919,2192018.0,2,2018,19,2
C00571919,2272018.0,200,2018,27,2
C00571919,2272018.0,50,2018,27,2
C00571919,2162018.0,50,2018,16,2
C00571919,2102018.0,15,2018,10,2
C00571919,2022018.0,25,2018,02,2
C00571919,2092018.0,15,2018,09,2
C00571919,2282018.0,25,2018,28,2
C00571919,2032018.0,25,2018,03,2
C00571919,2092018.0,25,2018,09,2
C00571919,2282018.0,10,2018,28,2
C00571919,2272018.0,500,2018,27,2
C00571919,2172018.0,100,2018,17,2
C00571919,2282018.0,25,2018,28,2
C00571919,2182018.0,15,2018,18,2
C00571919,2162018.0,125,2018,16,2
C00571919,2282018.0,50,2018,28,2
C00571919,2062018.0,100,2018,06,2
C00571919,2282018.0,100,2018,28,2
C00571919,2132018.0,100,2018,13,2
C00571919,2162018.0,7,2018,16,2
C00571919,2272018.0,15,2018,27,2
C00571919,2022018.0,15,2018,02,2
C00571919,2272018.0,100,2018,27,2
C00571919,2022018.0,100,2018,02,2
C00571919,2142018.0,25,2018,14,2
C00571919,2162018.0,25,2018,16,2
C00571919,2282018.0,25,2018,28,2
C00571919,2032018.0,10,2018,03,2
C00571919,2272018.0,50,2018,27,2
C00571919,2062018.0,25,2018,06,2
C00571919,2142018.0,25,2018,14,2
C00571919,2072018.0,15,2018,07,2
C00571919,2012018.0,25,2018,01,2
C00571919,2042018.0,250,2018,04,2
C00571919,2252018.0,25,2018,25,2
C00571919,2112018.0,25,2018,11,2
C00571919,2052018.0,5,2018,05,2
C00571919,2042018.0,10,2018,04,2
C00571919,2122018.0,25,2018,12,2
C00571919,2162018.0,12,2018,16,2
C00571919,2222018.0,12,2018,22,2
C00571919,2252018.0,25,2018,25,2
C00571919,2022018.0,15,2018,02,2
C00571919,2272018.0,10,2018,27,2
C00571919,2012018.0,25,2018,01,2
C00571919,2282018.0,5,2018,28,2
C00571919,2142018.0,250,2018,14,2
C00571919,2162018.0,100,2018,16,2
C00571919,2272018.0,250,2018,27,2
C00571919,2032018.0,15,2018,03,2
C00571919,2132018.0,15,2018,13,2
C00571919,2232018.0,100,2018,23,2
C00571919,2052018.0,50,2018,05,2
C00571919,2222018.0,12,2018,22,2
C00571919,2072018.0,15,2018,07,2
C00571919,2182018.0,15,2018,18,2
C00571919,2252018.0,250,2018,25,2
C00571919,2232018.0,6,2018,23,2
C00571919,2032018.0,25,2018,03,2
C00571919,2152018.0,25,2018,15,2
C00571919,2232018.0,15,2018,23,2
C00571919,2162018.0,100,2018,16,2
C00571919,2032018.0,25,2018,03,2
C00571919,2282018.0,50,2018,28,2
C00571919,2242018.0,0,2018,24,2
C00571919,2052018.0,15,2018,05,2
C00571919,2062018.0,15,2018,06,2
C00571919,2202018.0,10,2018,20,2
C00571919,2112018.0,5,2018,11,2
C00571919,2272018.0,15,2018,27,2
C00571919,2062018.0,15,2018,06,2
C00571919,2162018.0,12,2018,16,2
C00571919,2232018.0,100,2018,23,2
C00571919,2042018.0,5,2018,04,2
C00571919,2102018.0,15,2018,10,2
C00571919,2142018.0,10,2018,14,2
C00571919,2082018.0,25,2018,08,2
C00571919,2132018.0,15,2018,13,2
C00571919,2212018.0,25,2018,21,2
C00571919,2282018.0,100,2018,28,2
C00571919,2132018.0,25,2018,13,2
C00571919,2132018.0,15,2018,13,2
C00571919,2162018.0,1,2018,16,2
C00571919,2062018.0,25,2018,06,2
C00571919,2182018.0,25,2018,18,2
C00571919,2022018.0,250,2018,02,2
C00571919,2142018.0,25,2018,14,2
C00571919,2222018.0,25,2018,22,2
C00571919,2282018.0,25,2018,28,2
C00571919,2262018.0,25,2018,26,2
C00571919,2252018.0,100,2018,25,2
C00571919,2072018.0,50,2018,07,2
C00571919,2102018.0,2,2018,10,2
C00571919,2192018.0,6,2018,19,2
C00571919,2022018.0,15,2018,02,2
C00571919,2012018.0,15,2018,01,2
C00571919,2012018.0,25,2018,01,2
C00571919,2152018.0,15,2018,15,2
C00571919,2072018.0,25,2018,07,2
C00571919,2172018.0,100,2018,17,2
C00571919,2012018.0,10,2018,01,2
C00571919,2132018.0,25,2018,13,2
C00571919,2282018.0,25,2018,28,2
C00571919,2282018.0,25,2018,28,2
C00571919,2082018.0,25,2018,08,2
C00571919,2212018.0,250,2018,21,2
C00571919,2162018.0,15,2018,16,2
C00571919,2252018.0,100,2018,25,2
C00571919,2282018.0,500,2018,28,2
C00571919,2282018.0,50,2018,28,2
C00571919,2272018.0,25,2018,27,2
C00571919,2142018.0,15,2018,14,2
C00571919,2242018.0,500,2018,24,2
C00571919,2092018.0,15,2018,09,2
C00571919,2222018.0,5,2018,22,2
C00571919,2272018.0,5,2018,27,2
C00571919,2232018.0,100,2018,23,2
C00571919,2062018.0,50,2018,06,2
C00571919,2022018.0,50,2018,02,2
C00571919,2282018.0,15,2018,28,2
C00571919,2102018.0,15,2018,10,2
C00571919,2282018.0,10,2018,28,2
C00571919,2242018.0,25,2018,24,2
C00571919,2092018.0,15,2018,09,2
C00571919,2162018.0,25,2018,16,2
C00571919,2172018.0,15,2018,17,2
C00571919,2132018.0,10,2018,13,2
C00571919,2212018.0,5,2018,21,2
C00571919,2252018.0,5,2018,25,2
C00571919,2112018.0,25,2018,11,2
C00571919,2062018.0,15,2018,06,2
C00571919,2192018.0,250,2018,19,2
C00571919,2222018.0,0,2018,22,2
C00571919,2132018.0,100,2018,13,2
C00571919,2082018.0,25,2018,08,2
C00571919,2032018.0,250,2018,03,2
C00571919,2282018.0,25,2018,28,2
C00571919,2142018.0,100,2018,14,2
C00571919,2282018.0,100,2018,28,2
C00571919,2042018.0,25,2018,04,2
C00571919,2042018.0,10,2018,04,2
C00571919,2042018.0,15,2018,04,2
C00571919,2182018.0,15,2018,18,2
C00571919,2252018.0,15,2018,25,2
C00571919,2272018.0,50,2018,27,2
C00571919,2272018.0,100,2018,27,2
C00571919,2072018.0,25,2018,07,2
C00571919,2282018.0,25,2018,28,2
C00571919,2222018.0,12,2018,22,2
C00571919,2022018.0,7,2018,02,2
C00571919,2052018.0,25,2018,05,2
C00571919,2222018.0,50,2018,22,2
C00571919,2162018.0,25,2018,16,2
C00571919,2162018.0,10,2018,16,2
C00571919,2062018.0,0,2018,06,2
C00571919,2242018.0,15,2018,24,2
C00571919,2252018.0,25,2018,25,2
C00571919,2022018.0,5,2018,02,2
C00571919,2042018.0,5,2018,04,2
C00571919,2092018.0,2,2018,09,2
C00571919,2182018.0,10,2018,18,2
C00571919,2142018.0,15,2018,14,2
C00571919,2282018.0,25,2018,28,2
C00571919,2152018.0,15,2018,15,2
C00571919,2102018.0,5,2018,10,2
C00571919,2242018.0,4,2018,24,2
C00571919,2272018.0,10,2018,27,2
C00571919,2032018.0,15,2018,03,2
C00571919,2112018.0,15,2018,11,2
C00571919,2052018.0,250,2018,05,2
C00571919,2212018.0,100,2018,21,2
C00571919,2142018.0,15,2018,14,2
C00571919,2282018.0,0,2018,28,2
C00571919,2192018.0,25,2018,19,2
C00571919,2282018.0,50,2018,28,2
C00571919,2282018.0,10,2018,28,2
C00571919,2272018.0,10,2018,27,2
C00571919,2252018.0,25,2018,25,2
C00571919,2282018.0,25,2018,28,2
C00571919,2172018.0,30,2018,17,2
C00571919,2172018.0,10,2018,17,2
C00571919,2282018.0,5,2018,28,2
C00571919,2282018.0,100,2018,28,2
C00571919,2022018.0,100,2018,02,2
C00571919,2202018.0,12,2018,20,2
C00571919,2282018.0,50,2018,28,2
C00571919,2032018.0,50,2018,03,2
C00571919,2212018.0,15,2018,21,2
C00571919,2282018.0,50,2018,28,2
C00571919,2282018.0,25,2018,28,2
C00571919,2132018.0,100,2018,13,2
C00571919,2162018.0,50,2018,16,2
C00571919,2272018.0,25,2018,27,2
C00571919,2182018.0,50,2018,18,2
C00571919,2282018.0,50,2018,28,2
C00571919,2042018.0,100,2018,04,2
C00571919,2112018.0,100,2018,11,2
C00571919,2172018.0,12,2018,17,2
C00571919,2262018.0,50,2018,26,2
C00571919,2152018.0,15,2018,15,2
C00571919,2212018.0,15,2018,21,2
C00571919,2032018.0,15,2018,03,2
C00571919,2222018.0,5,2018,22,2
C00571919,2162018.0,10,2018,16,2
C00571919,2222018.0,50,2018,22,2
C00571919,2012018.0,100,2018,01,2
C00571919,2182018.0,15,2018,18,2
C00571919,2112018.0,100,2018,11,2
C00571919,2032018.0,25,2018,03,2
C00571919,2112018.0,25,2018,11,2
C00571919,2162018.0,25,2018,16,2
C00571919,2072018.0,15,2018,07,2
C00571919,2262018.0,15,2018,26,2
C00571919,2282018.0,15,2018,28,2
C00571919,2282018.0,15,2018,28,2
C00571919,2042018.0,10,2018,04,2
C00571919,2042018.0,25,2018,04,2
C00571919,2082018.0,15,2018,08,2
C00571919,2212018.0,25,2018,21,2
C00571919,2212018.0,15,2018,21,2
C00571919,2172018.0,100,2018,17,2
C00571919,2262018.0,500,2018,26,2
C00571919,2032018.0,15,2018,03,2
C00571919,2202018.0,30,2018,20,2
C00571919,2262018.0,15,2018,26,2
C00571919,2182018.0,25,2018,18,2
C00571919,2032018.0,250,2018,03,2
C00571919,2182018.0,50,2018,18,2
C00571919,2162018.0,25,2018,16,2
C00571919,2052018.0,50,2018,05,2
C00571919,2162018.0,250,2018,16,2
C00571919,2032018.0,50,2018,03,2
C00571919,2272018.0,100,2018,27,2
C00571919,2262018.0,500,2018,26,2
C00571919,2282018.0,100,2018,28,2
C00571919,2042018.0,500,2018,04,2
C00571919,2142018.0,1000,2018,14,2
C00571919,2072018.0,50,2018,07,2
C00571919,2222018.0,500,2018,22,2
C00571919,2222018.0,15,2018,22,2
C00571919,2112018.0,500,2018,11,2
C00571919,2232018.0,50,2018,23,2
C00571919,2232018.0,50,2018,23,2
C00571919,2172018.0,50,2018,17,2
C00571919,2282018.0,200,2018,28,2
C00571919,2282018.0,25,2018,28,2
C00571919,2232018.0,100,2018,23,2
C00571919,2112018.0,500,2018,11,2
C00504704,2232018.0,5400,2018,23,2
C00466482,2202018.0,500,2018,20,2
C00466482,2232018.0,250,2018,23,2
C00466482,2232018.0,250,2018,23,2
C00466482,2202018.0,1000,2018,20,2
C00466482,2272018.0,1000,2018,27,2
C00466482,2282018.0,250,2018,28,2
C00466482,2262018.0,1000,2018,26,2
C00466482,2142018.0,1000,2018,14,2
C00466482,2272018.0,2700,2018,27,2
C00466482,2232018.0,250,2018,23,2
C00466482,2282018.0,250,2018,28,2
C00466482,2272018.0,250,2018,27,2
C00466482,2232018.0,250,2018,23,2
C00466482,2272018.0,100,2018,27,2
C00466482,2232018.0,250,2018,23,2
C00606939,2122018.0,25,2018,12,2
C00606939,2162018.0,750,2018,16,2
C00606939,2122018.0,100,2018,12,2
C00606939,2242018.0,100,2018,24,2
C00606939,2272018.0,25,2018,27,2
C00606939,2042018.0,100,2018,04,2
C00606939,2042018.0,100,2018,04,2
C00606939,2152018.0,180,2018,15,2
C00606939,2262018.0,250,2018,26,2
C00606939,2222018.0,2100,2018,22,2
C00606939,2182018.0,25,2018,18,2
C00606939,2182018.0,25,2018,18,2
C00606939,2112018.0,150,2018,11,2
C00606939,2262018.0,1000,2018,26,2
C00606939,2042018.0,1500,2018,04,2
C00606939,2222018.0,2700,2018,22,2
C00606939,2262018.0,800,2018,26,2
C00606939,2182018.0,50,2018,18,2
C00606939,2232018.0,25,2018,23,2
C00606939,2112018.0,1000,2018,11,2
C00606939,2052018.0,50,2018,05,2
C00606939,2192018.0,1,2018,19,2
C00606939,2222018.0,10,2018,22,2
C00606939,2032018.0,250,2018,03,2
C00606939,2202018.0,100,2018,20,2
C00606939,2212018.0,10,2018,21,2
C00606939,2222018.0,15,2018,22,2
C00606939,2112018.0,1,2018,11,2
C00606939,2092018.0,600,2018,09,2
C00606939,2042018.0,15,2018,04,2
C00606939,2212018.0,5,2018,21,2
C00606939,2012018.0,25,2018,01,2
C00606939,2282018.0,100,2018,28,2
C00606939,2282018.0,500,2018,28,2
C00606939,2202018.0,50,2018,20,2
C00606939,2212018.0,10,2018,21,2
C00606939,2282018.0,10,2018,28,2
C00606939,2122018.0,17,2018,12,2
C00606939,2172018.0,6,2018,17,2
C00606939,2042018.0,5,2018,04,2
C00606939,2202018.0,300,2018,20,2
C00606939,2162018.0,50,2018,16,2
C00606939,2202018.0,10,2018,20,2
C00606939,2192018.0,80,2018,19,2
C00606939,2092018.0,25,2018,09,2
C00606939,2142018.0,100,2018,14,2
C00606939,2062018.0,10,2018,06,2
C00606939,2122018.0,200,2018,12,2
C00606939,2192018.0,25,2018,19,2
C00606939,2242018.0,5,2018,24,2
C00606939,2252018.0,25,2018,25,2
C00606939,2152018.0,25,2018,15,2
C00606939,2182018.0,100,2018,18,2
C00606939,2232018.0,100,2018,23,2
C00606939,2192018.0,50,2018,19,2
C00606939,2172018.0,250,2018,17,2
C00606939,2222018.0,30,2018,22,2
C00606939,2202018.0,5,2018,20,2
C00606939,2032018.0,10,2018,03,2
C00606939,2172018.0,10,2018,17,2
C00606939,2132018.0,25,2018,13,2
C00606939,2082018.0,5,2018,08,2
C00606939,2112018.0,1,2018,11,2
C00606939,2062018.0,15,2018,06,2
C00606939,2122018.0,25,2018,12,2
C00606939,2132018.0,7,2018,13,2
C00606939,2172018.0,50,2018,17,2
C00606939,2232018.0,10,2018,23,2
C00606939,2022018.0,50,2018,02,2
C00606939,2192018.0,5,2018,19,2
C00606939,2012018.0,100,2018,01,2
C00606939,2122018.0,1500,2018,12,2
C00606939,2032018.0,25,2018,03,2
C00606939,2132018.0,100,2018,13,2
C00606939,2182018.0,25,2018,18,2
C00606939,2132018.0,500,2018,13,2
C00606939,2052018.0,11,2018,05,2
C00606939,2062018.0,100,2018,06,2
C00606939,2172018.0,25,2018,17,2
C00606939,2082018.0,50,2018,08,2
C00606939,2282018.0,50,2018,28,2
C00606939,2102018.0,10,2018,10,2
C00606939,2112018.0,50,2018,11,2
C00606939,2192018.0,100,2018,19,2
C00606939,2282018.0,25,2018,28,2
C00606939,2282018.0,2700,2018,28,2
C00606939,2112018.0,25,2018,11,2
C00606939,2122018.0,50,2018,12,2
C00606939,2282018.0,100,2018,28,2
C00606939,2152018.0,250,2018,15,2
C00606939,2192018.0,17,2018,19,2
C00606939,2052018.0,15,2018,05,2
C00606939,2052018.0,5,2018,05,2
C00606939,2252018.0,50,2018,25,2
C00606939,2102018.0,100,2018,10,2
C00606939,2152018.0,15,2018,15,2
C00606939,2172018.0,50,2018,17,2
C00606939,2192018.0,25,2018,19,2
C00606939,2132018.0,100,2018,13,2
C00606939,2092018.0,50,2018,09,2
C00606939,2242018.0,25,2018,24,2
C00606939,2282018.0,1,2018,28,2
C00606939,2132018.0,100,2018,13,2
C00606939,2152018.0,250,2018,15,2
C00606939,2202018.0,2700,2018,20,2
C00606939,2042018.0,100,2018,04,2
C00606939,2052018.0,50,2018,05,2
C00606939,2152018.0,50,2018,15,2
C00606939,2102018.0,100,2018,10,2
C00606939,2112018.0,25,2018,11,2
C00606939,2072018.0,100,2018,07,2
C00606939,2112018.0,300,2018,11,2
C00606939,2142018.0,10,2018,14,2
C00606939,2262018.0,25,2018,26,2
C00606939,2182018.0,1000,2018,18,2
C00606939,2102018.0,25,2018,10,2
C00606939,2092018.0,50,2018,09,2
C00606939,2032018.0,100,2018,03,2
C00606939,2152018.0,100,2018,15,2
C00606939,2202018.0,100,2018,20,2
C00606939,2012018.0,1000,2018,01,2
C00606939,2192018.0,500,2018,19,2
C00606939,2042018.0,25,2018,04,2
C00606939,2142018.0,50,2018,14,2
C00606939,2232018.0,250,2018,23,2
C00606939,2022018.0,50,2018,02,2
C00606939,2012018.0,25,2018,01,2
C00606939,2042018.0,6,2018,04,2
C00606939,2182018.0,10,2018,18,2
C00606939,2282018.0,25,2018,28,2
C00606939,2232018.0,25,2018,23,2
C00606939,2242018.0,35,2018,24,2
C00606939,2262018.0,15,2018,26,2
C00606939,2202018.0,100,2018,20,2
C00606939,2052018.0,750,2018,05,2
C00606939,2152018.0,200,2018,15,2
C00606939,2222018.0,250,2018,22,2
C00606939,2232018.0,100,2018,23,2
C00606939,2172018.0,50,2018,17,2
C00606939,2102018.0,10,2018,10,2
C00606939,2212018.0,500,2018,21,2
C00606939,2072018.0,1000,2018,07,2
C00606939,2092018.0,500,2018,09,2
C00606939,2092018.0,25,2018,09,2
C00606939,2252018.0,10,2018,25,2
C00606939,2222018.0,3,2018,22,2
C00606939,2252018.0,50,2018,25,2
C00606939,2282018.0,15,2018,28,2
C00606939,2282018.0,50,2018,28,2
C00606939,2272018.0,2000,2018,27,2
C00606939,2082018.0,25,2018,08,2
C00606939,2152018.0,5,2018,15,2
C00606939,2122018.0,1000,2018,12,2
C00606939,2222018.0,15,2018,22,2
C00606939,2162018.0,329,2018,16,2
C00606939,2072018.0,50,2018,07,2
C00606939,2052018.0,1000,2018,05,2
C00606939,2092018.0,10,2018,09,2
C00606939,2282018.0,300,2018,28,2
C00606939,2182018.0,250,2018,18,2
C00606939,2282018.0,50,2018,28,2
C00606939,2092018.0,50,2018,09,2
C00606939,2062018.0,10,2018,06,2
C00606939,2102018.0,25,2018,10,2
C00606939,2142018.0,10,2018,14,2
C00606939,2172018.0,50,2018,17,2
C00606939,2172018.0,35,2018,17,2
C00606939,2282018.0,25,2018,28,2
C00606939,2142018.0,500,2018,14,2
C00606939,2152018.0,1,2018,15,2
C00606939,2102018.0,50,2018,10,2
C00606939,2152018.0,50,2018,15,2
C00606939,2252018.0,25,2018,25,2
C00606939,2192018.0,250,2018,19,2
C00606939,2142018.0,25,2018,14,2
C00606939,2242018.0,1,2018,24,2
C00606939,2232018.0,15,2018,23,2
C00606939,2282018.0,6,2018,28,2
C00606939,2172018.0,25,2018,17,2
C00606939,2192018.0,2700,2018,19,2
C00606939,2052018.0,10,2018,05,2
C00606939,2202018.0,200,2018,20,2
C00606939,2122018.0,50,2018,12,2
C00606939,2032018.0,500,2018,03,2
C00606939,2042018.0,50,2018,04,2
C00606939,2212018.0,50,2018,21,2
C00606939,2152018.0,100,2018,15,2
C00606939,2142018.0,1000,2018,14,2
C00606939,2202018.0,500,2018,20,2
C00606939,2102018.0,5,2018,10,2
C00606939,2102018.0,1,2018,10,2
C00606939,2012018.0,6,2018,01,2
C00606939,2042018.0,10,2018,04,2
C00606939,2172018.0,10,2018,17,2
C00606939,2162018.0,25,2018,16,2
C00606939,2172018.0,1,2018,17,2
C00606939,2202018.0,7,2018,20,2
C00606939,2042018.0,50,2018,04,2
C00606939,2222018.0,1000,2018,22,2
C00606939,2272018.0,500,2018,27,2
C00606939,2072018.0,25,2018,07,2
C00606939,2172018.0,25,2018,17,2
C00606939,2132018.0,25,2018,13,2
C00606939,2282018.0,50,2018,28,2
C00606939,2282018.0,15,2018,28,2
C00606939,2122018.0,10,2018,12,2
C00606939,2172018.0,40,2018,17,2
C00606939,2022018.0,100,2018,02,2
C00606939,2012018.0,10,2018,01,2
C00606939,2052018.0,2700,2018,05,2
C00606939,2222018.0,5,2018,22,2
C00606939,2122018.0,5,2018,12,2
C00606939,2072018.0,10000,2018,07,2
C00606939,2122018.0,40,2018,12,2
C00606939,2152018.0,250,2018,15,2
C00606939,2182018.0,25,2018,18,2
C00606939,2062018.0,3,2018,06,2
C00606939,2092018.0,2700,2018,09,2
C00606939,2062018.0,1000,2018,06,2
C00606939,2262018.0,100,2018,26,2
C00606939,2142018.0,4,2018,14,2
C00606939,2202018.0,600,2018,20,2
C00606939,2122018.0,25,2018,12,2
C00606939,2062018.0,100,2018,06,2
C00606939,2122018.0,100,2018,12,2
C00606939,2032018.0,50,2018,03,2
C00606939,2032018.0,15,2018,03,2
C00606939,2072018.0,10,2018,07,2
C00606939,2142018.0,2000,2018,14,2
C00606939,2222018.0,20,2018,22,2
C00606939,2012018.0,250,2018,01,2
C00606939,2062018.0,10,2018,06,2
C00606939,2112018.0,3,2018,11,2
C00606939,2032018.0,25,2018,03,2
C00606939,2062018.0,25,2018,06,2
C00606939,2102018.0,400,2018,10,2
C00606939,2122018.0,25,2018,12,2
C00606939,2122018.0,25,2018,12,2
C00606939,2162018.0,750,2018,16,2
C00606939,2092018.0,25,2018,09,2
C00606939,2162018.0,25,2018,16,2
C00606939,2202018.0,100,2018,20,2
C00606939,2162018.0,250,2018,16,2
C00606939,2242018.0,200,2018,24,2
C00606939,2202018.0,100,2018,20,2
C00606939,2232018.0,100,2018,23,2
C00606939,2152018.0,250,2018,15,2
C00606939,2042018.0,500,2018,04,2
C00606939,2222018.0,250,2018,22,2
C00606939,2132018.0,35,2018,13,2
C00606939,2152018.0,50,2018,15,2
C00606939,2202018.0,100,2018,20,2
C00606939,2222018.0,200,2018,22,2
C00606939,2132018.0,25,2018,13,2
C00606939,2012018.0,500,2018,01,2
C00606939,2032018.0,5,2018,03,2
C00606939,2252018.0,40,2018,25,2
C00606939,2092018.0,100,2018,09,2
C00606939,2062018.0,2700,2018,06,2
C00606939,2072018.0,10,2018,07,2
C00606939,2122018.0,1000,2018,12,2
C00606939,2192018.0,250,2018,19,2
C00606939,2232018.0,25,2018,23,2
C00606939,2132018.0,50,2018,13,2
C00606939,2212018.0,1,2018,21,2
C00606939,2122018.0,25,2018,12,2
C00606939,2082018.0,1250,2018,08,2
C00606939,2112018.0,5,2018,11,2
C00606939,2062018.0,25,2018,06,2
C00606939,2052018.0,100,2018,05,2
C00606939,2232018.0,30,2018,23,2
C00606939,2282018.0,25,2018,28,2
C00606939,2092018.0,25,2018,09,2
C00606939,2042018.0,100,2018,04,2
C00606939,2052018.0,100,2018,05,2
C00606939,2082018.0,50,2018,08,2
C00606939,2212018.0,10,2018,21,2
C00606939,2222018.0,500,2018,22,2
C00606939,2122018.0,15,2018,12,2
C00606939,2142018.0,250,2018,14,2
C00606939,2062018.0,1000,2018,06,2
C00606939,2022018.0,15,2018,02,2
C00606939,2252018.0,50,2018,25,2
C00606939,2032018.0,50,2018,03,2
C00606939,2202018.0,100,2018,20,2
C00606939,2212018.0,50,2018,21,2
C00606939,2242018.0,500,2018,24,2
C00606939,2232018.0,25,2018,23,2
C00606939,2032018.0,100,2018,03,2
C00606939,2222018.0,25,2018,22,2
C00606939,2152018.0,25,2018,15,2
C00606939,2092018.0,100,2018,09,2
C00606939,2102018.0,5,2018,10,2
C00606939,2282018.0,5,2018,28,2
C00606939,2052018.0,5,2018,05,2
C00606939,2132018.0,25,2018,13,2
C00606939,2222018.0,50,2018,22,2
C00606939,2232018.0,1,2018,23,2
C00606939,2172018.0,1000,2018,17,2
C00606939,2042018.0,25,2018,04,2
C00606939,2222018.0,1000,2018,22,2
C00606939,2232018.0,3,2018,23,2
C00606939,2222018.0,400,2018,22,2
C00606939,2212018.0,30,2018,21,2
C00606939,2252018.0,100,2018,25,2
C00606939,2192018.0,50,2018,19,2
C00606939,2032018.0,250,2018,03,2
C00606939,2042018.0,10,2018,04,2
C00606939,2052018.0,250,2018,05,2
C00606939,2262018.0,250,2018,26,2
C00606939,2252018.0,25,2018,25,2
C00606939,2282018.0,100,2018,28,2
C00606939,2132018.0,1000,2018,13,2
C00606939,2112018.0,250,2018,11,2
C00606939,2152018.0,250,2018,15,2
C00606939,2262018.0,10,2018,26,2
C00606939,2272018.0,5,2018,27,2
C00606939,2282018.0,350,2018,28,2
C00606939,2082018.0,50,2018,08,2
C00606939,2042018.0,1000,2018,04,2
C00606939,2282018.0,100,2018,28,2
C00606939,2092018.0,5,2018,09,2
C00606939,2062018.0,25,2018,06,2
C00606939,2122018.0,100,2018,12,2
C00606939,2232018.0,100,2018,23,2
C00606939,2222018.0,1,2018,22,2
C00606939,2242018.0,100,2018,24,2
C00606939,2132018.0,50,2018,13,2
C00606939,2032018.0,25,2018,03,2
C00606939,2042018.0,10,2018,04,2
C00606939,2082018.0,50,2018,08,2
C00606939,2232018.0,1000,2018,23,2
C00606939,2082018.0,100,2018,08,2
C00606939,2112018.0,50,2018,11,2
C00606939,2172018.0,15,2018,17,2
C00606939,2052018.0,15,2018,05,2
C00606939,2082018.0,15,2018,08,2
C00606939,2122018.0,1000,2018,12,2
C00606939,2052018.0,100,2018,05,2
C00606939,2202018.0,20,2018,20,2
C00606939,2202018.0,400,2018,20,2
C00606939,2232018.0,25,2018,23,2
C00606939,2272018.0,25,2018,27,2
C00606939,2092018.0,100,2018,09,2
C00606939,2282018.0,10,2018,28,2
C00606939,2192018.0,30,2018,19,2
C00606939,2112018.0,100,2018,11,2
C00606939,2052018.0,1,2018,05,2
C00606939,2232018.0,25,2018,23,2
C00606939,2022018.0,1700,2018,02,2
C00606939,2052018.0,10,2018,05,2
C00606939,2122018.0,200,2018,12,2
C00606939,2182018.0,25,2018,18,2
C00606939,2202018.0,200,2018,20,2
C00606939,2072018.0,1000,2018,07,2
C00606939,2162018.0,1,2018,16,2
C00606939,2182018.0,25,2018,18,2
C00606939,2272018.0,10,2018,27,2
C00606939,2072018.0,5,2018,07,2
C00606939,2112018.0,50,2018,11,2
C00606939,2162018.0,1000,2018,16,2
C00606939,2232018.0,80,2018,23,2
C00606939,2252018.0,25,2018,25,2
C00606939,2232018.0,1,2018,23,2
C00606939,2222018.0,30,2018,22,2
C00606939,2142018.0,75,2018,14,2
C00606939,2142018.0,50,2018,14,2
C00606939,2122018.0,5,2018,12,2
C00606939,2132018.0,100,2018,13,2
C00606939,2112018.0,50,2018,11,2
C00606939,2012018.0,10,2018,01,2
C00606939,2012018.0,50,2018,01,2
C00606939,2122018.0,50,2018,12,2
C00606939,2172018.0,500,2018,17,2
C00606939,2222018.0,4,2018,22,2
C00606939,2082018.0,100,2018,08,2
C00606939,2282018.0,25,2018,28,2
C00606939,2022018.0,1000,2018,02,2
C00606939,2092018.0,35,2018,09,2
C00606939,2102018.0,10,2018,10,2
C00606939,2262018.0,5,2018,26,2
C00606939,2282018.0,2700,2018,28,2
C00606939,2022018.0,25,2018,02,2
C00606939,2062018.0,250,2018,06,2
C00606939,2092018.0,15,2018,09,2
C00606939,2092018.0,25,2018,09,2
C00606939,2062018.0,25,2018,06,2
C00606939,2072018.0,25,2018,07,2
C00606939,2092018.0,50,2018,09,2
C00606939,2082018.0,25,2018,08,2
C00606939,2102018.0,50,2018,10,2
C00606939,2162018.0,20,2018,16,2
C00606939,2072018.0,250,2018,07,2
C00606939,2112018.0,25,2018,11,2
C00606939,2222018.0,100,2018,22,2
C00606939,2182018.0,37,2018,18,2
C00606939,2092018.0,25,2018,09,2
C00606939,2282018.0,1000,2018,28,2
C00606939,2212018.0,10,2018,21,2
C00606939,2272018.0,10,2018,27,2
C00606939,2262018.0,2700,2018,26,2
C00606939,2122018.0,5,2018,12,2
C00606939,2152018.0,50,2018,15,2
C00606939,2152018.0,6,2018,15,2
C00606939,2122018.0,100,2018,12,2
C00606939,2202018.0,250,2018,20,2
C00606939,2062018.0,250,2018,06,2
C00606939,2132018.0,25,2018,13,2
C00606939,2132018.0,25,2018,13,2
C00606939,2022018.0,5,2018,02,2
C00606939,2092018.0,200,2018,09,2
C00606939,2152018.0,100,2018,15,2
C00606939,2262018.0,25,2018,26,2
C00606939,2262018.0,500,2018,26,2
C00606939,2212018.0,75,2018,21,2
C00606939,2232018.0,100,2018,23,2
C00606939,2102018.0,5,2018,10,2
C00606939,2222018.0,100,2018,22,2
C00606939,2212018.0,25,2018,21,2
C00606939,2122018.0,10,2018,12,2
C00606939,2122018.0,7,2018,12,2
C00606939,2152018.0,300,2018,15,2
C00606939,2182018.0,25,2018,18,2
C00606939,2122018.0,1000,2018,12,2
C00606939,2262018.0,250,2018,26,2
C00606939,2272018.0,1,2018,27,2
C00606939,2282018.0,75,2018,28,2
C00606939,2242018.0,400,2018,24,2
C00606939,2122018.0,25,2018,12,2
C00606939,2062018.0,15,2018,06,2
C00606939,2082018.0,25,2018,08,2
C00606939,2242018.0,20,2018,24,2
C00606939,2032018.0,50,2018,03,2
C00606939,2052018.0,50,2018,05,2
C00606939,2192018.0,100,2018,19,2
C00606939,2172018.0,100,2018,17,2
C00606939,2092018.0,2700,2018,09,2
C00606939,2062018.0,30,2018,06,2
C00606939,2102018.0,11,2018,10,2
C00606939,2202018.0,400,2018,20,2
C00606939,2202018.0,100,2018,20,2
C00606939,2072018.0,25,2018,07,2
C00606939,2282018.0,6,2018,28,2
C00606939,2132018.0,25,2018,13,2
C00606939,2192018.0,20,2018,19,2
C00606939,2072018.0,100,2018,07,2
C00606939,2122018.0,100,2018,12,2
C00606939,2092018.0,500,2018,09,2
C00606939,2192018.0,180,2018,19,2
C00606939,2082018.0,25,2018,08,2
C00606939,2142018.0,50,2018,14,2
C00606939,2122018.0,5,2018,12,2
C00606939,2082018.0,25,2018,08,2
C00606939,2272018.0,180,2018,27,2
C00606939,2082018.0,1000,2018,08,2
C00606939,2262018.0,100,2018,26,2
C00606939,2092018.0,50,2018,09,2
C00606939,2282018.0,1000,2018,28,2
C00606939,2282018.0,25,2018,28,2
C00606939,2222018.0,50,2018,22,2
C00606939,2282018.0,200,2018,28,2
C00606939,2052018.0,50,2018,05,2
C00606939,2052018.0,125,2018,05,2
C00606939,2052018.0,25,2018,05,2
C00606939,2082018.0,50,2018,08,2
C00606939,2072018.0,10,2018,07,2
C00606939,2252018.0,500,2018,25,2
C00606939,2082018.0,100,2018,08,2
C00606939,2112018.0,25,2018,11,2
C00606939,2042018.0,5,2018,04,2
C00606939,2242018.0,50,2018,24,2
C00606939,2122018.0,50,2018,12,2
C00606939,2232018.0,25,2018,23,2
C00606939,2202018.0,100,2018,20,2
C00606939,2262018.0,25,2018,26,2
C00606939,2102018.0,50,2018,10,2
C00606939,2012018.0,1,2018,01,2
C00606939,2102018.0,150,2018,10,2
C00606939,2282018.0,15,2018,28,2
C00606939,2062018.0,1000,2018,06,2
C00606939,2202018.0,10,2018,20,2
C00606939,2282018.0,25,2018,28,2
C00606939,2072018.0,4,2018,07,2
C00606939,2072018.0,250,2018,07,2
C00606939,2102018.0,1000,2018,10,2
C00606939,2082018.0,50,2018,08,2
C00606939,2112018.0,25,2018,11,2
C00606939,2052018.0,5,2018,05,2
C00606939,2082018.0,5,2018,08,2
C00606939,2282018.0,20,2018,28,2
C00606939,2052018.0,6,2018,05,2
C00606939,2052018.0,10,2018,05,2
C00606939,2092018.0,700,2018,09,2
C00606939,2122018.0,5,2018,12,2
C00606939,2222018.0,100,2018,22,2
C00606939,2242018.0,19,2018,24,2
C00606939,2282018.0,1,2018,28,2
C00606939,2192018.0,50,2018,19,2
C00606939,2232018.0,25,2018,23,2
C00606939,2282018.0,10,2018,28,2
C00606939,2082018.0,300,2018,08,2
C00606939,2282018.0,25,2018,28,2
C00606939,2182018.0,1,2018,18,2
C00606939,2182018.0,10,2018,18,2
C00606939,2092018.0,50,2018,09,2
C00606939,2132018.0,5,2018,13,2
C00606939,2152018.0,25,2018,15,2
C00606939,2092018.0,25,2018,09,2
C00606939,2132018.0,40,2018,13,2
C00606939,2212018.0,200,2018,21,2
C00606939,2202018.0,5,2018,20,2
C00606939,2252018.0,50,2018,25,2
C00606939,2162018.0,200,2018,16,2
C00606939,2072018.0,1000,2018,07,2
C00606939,2112018.0,5,2018,11,2
C00606939,2212018.0,1,2018,21,2
C00606939,2132018.0,250,2018,13,2
C00606939,2162018.0,50,2018,16,2
C00606939,2182018.0,83,2018,18,2
C00606939,2022018.0,5,2018,02,2
C00606939,2242018.0,100,2018,24,2
C00606939,2052018.0,40,2018,05,2
C00606939,2282018.0,5,2018,28,2
C00606939,2092018.0,50,2018,09,2
C00606939,2172018.0,50,2018,17,2
C00606939,2012018.0,2000,2018,01,2
C00606939,2172018.0,500,2018,17,2
C00606939,2172018.0,50,2018,17,2
C00606939,2072018.0,50,2018,07,2
C00606939,2232018.0,100,2018,23,2
C00606939,2192018.0,2700,2018,19,2
C00606939,2142018.0,100,2018,14,2
C00606939,2062018.0,100,2018,06,2
C00606939,2052018.0,10,2018,05,2
C00606939,2172018.0,50,2018,17,2
C00606939,2162018.0,5,2018,16,2
C00606939,2282018.0,250,2018,28,2
C00606939,2152018.0,50,2018,15,2
C00606939,2112018.0,100,2018,11,2
C00606939,2172018.0,5,2018,17,2
C00606939,2112018.0,50,2018,11,2
C00606939,2172018.0,100,2018,17,2
C00606939,2072018.0,2700,2018,07,2
C00606939,2082018.0,50,2018,08,2
C00606939,2282018.0,100,2018,28,2
C00606939,2132018.0,5,2018,13,2
C00606939,2092018.0,25,2018,09,2
C00606939,2132018.0,25,2018,13,2
C00606939,2052018.0,25,2018,05,2
C00606939,2062018.0,50,2018,06,2
C00606939,2092018.0,25,2018,09,2
C00606939,2252018.0,25,2018,25,2
C00606939,2182018.0,50,2018,18,2
C00606939,2172018.0,200,2018,17,2
C00606939,2012018.0,200,2018,01,2
C00606939,2062018.0,5,2018,06,2
C00606939,2022018.0,25,2018,02,2
C00606939,2022018.0,100,2018,02,2
C00606939,2022018.0,10,2018,02,2
C00606939,2242018.0,500,2018,24,2
C00606939,2232018.0,1000,2018,23,2
C00606939,2122018.0,100,2018,12,2
C00606939,2242018.0,100,2018,24,2
C00606939,2112018.0,500,2018,11,2
C00606939,2152018.0,100,2018,15,2
C00606939,2012018.0,2700,2018,01,2
C00606939,2202018.0,50,2018,20,2
C00606939,2062018.0,250,2018,06,2
C00606939,2232018.0,25,2018,23,2
C00606939,2122018.0,200,2018,12,2
C00606939,2062018.0,5,2018,06,2
C00606939,2152018.0,10,2018,15,2
C00606939,2142018.0,2000,2018,14,2
C00606939,2012018.0,30,2018,01,2
C00606939,2152018.0,500,2018,15,2
C00606939,2242018.0,50,2018,24,2
C00606939,2252018.0,100,2018,25,2
C00606939,2042018.0,250,2018,04,2
C00606939,2142018.0,50,2018,14,2
C00606939,2192018.0,500,2018,19,2
C00606939,2022018.0,3,2018,02,2
C00606939,2272018.0,20,2018,27,2
C00606939,2102018.0,250,2018,10,2
C00606939,2142018.0,100,2018,14,2
C00606939,2182018.0,100,2018,18,2
C00606939,2072018.0,100,2018,07,2
C00606939,2272018.0,100,2018,27,2
C00606939,2132018.0,25,2018,13,2
C00606939,2282018.0,25,2018,28,2
C00606939,2282018.0,2700,2018,28,2
C00606939,2052018.0,3,2018,05,2
C00606939,2232018.0,15,2018,23,2
C00606939,2082018.0,25,2018,08,2
C00606939,2282018.0,3,2018,28,2
C00606939,2192018.0,1000,2018,19,2
C00606939,2062018.0,50,2018,06,2
C00606939,2042018.0,5,2018,04,2
C00606939,2232018.0,1,2018,23,2
C00606939,2142018.0,50,2018,14,2
C00606939,2032018.0,10,2018,03,2
C00606939,2062018.0,7,2018,06,2
C00606939,2192018.0,50,2018,19,2
C00606939,2202018.0,80,2018,20,2
C00606939,2132018.0,100,2018,13,2
C00606939,2052018.0,4,2018,05,2
C00606939,2122018.0,100,2018,12,2
C00606939,2222018.0,400,2018,22,2
C00606939,2192018.0,5,2018,19,2
C00606939,2162018.0,200,2018,16,2
C00606939,2182018.0,50,2018,18,2
C00606939,2022018.0,25,2018,02,2
C00606939,2022018.0,50,2018,02,2
C00606939,2052018.0,50,2018,05,2
C00606939,2192018.0,100,2018,19,2
C00606939,2202018.0,250,2018,20,2
C00606939,2032018.0,25,2018,03,2
C00606939,2202018.0,105,2018,20,2
C00606939,2262018.0,1,2018,26,2
C00606939,2212018.0,25,2018,21,2
C00606939,2282018.0,25,2018,28,2
C00606939,2082018.0,50,2018,08,2
C00606939,2262018.0,25,2018,26,2
C00606939,2272018.0,110,2018,27,2
C00606939,2202018.0,100,2018,20,2
C00606939,2122018.0,400,2018,12,2
C00606939,2032018.0,5,2018,03,2
C00606939,2192018.0,15,2018,19,2
C00606939,2262018.0,2700,2018,26,2
C00606939,2142018.0,25,2018,14,2
C00606939,2082018.0,20,2018,08,2
C00606939,2222018.0,200,2018,22,2
C00606939,2192018.0,10,2018,19,2
C00606939,2092018.0,10000,2018,09,2
C00606939,2022018.0,35,2018,02,2
C00606939,2172018.0,500,2018,17,2
C00606939,2042018.0,100,2018,04,2
C00606939,2232018.0,50,2018,23,2
C00606939,2212018.0,25,2018,21,2
C00606939,2242018.0,5400,2018,24,2
C00606939,2272018.0,500,2018,27,2
C00606939,2282018.0,6,2018,28,2
C00606939,2192018.0,10,2018,19,2
C00606939,2082018.0,50,2018,08,2
C00606939,2102018.0,15,2018,10,2
C00606939,2102018.0,16,2018,10,2
C00606939,2212018.0,50,2018,21,2
C00606939,2112018.0,5,2018,11,2
C00606939,2232018.0,400,2018,23,2
C00606939,2112018.0,20,2018,11,2
C00606939,2012018.0,100,2018,01,2
C00606939,2192018.0,25,2018,19,2
C00606939,2162018.0,500,2018,16,2
C00606939,2222018.0,100,2018,22,2
C00606939,2132018.0,2700,2018,13,2
C00606939,2122018.0,25,2018,12,2
C00606939,2242018.0,50,2018,24,2
C00606939,2262018.0,500,2018,26,2
C00606939,2122018.0,17,2018,12,2
C00606939,2172018.0,250,2018,17,2
C00606939,2082018.0,500,2018,08,2
C00606939,2012018.0,50,2018,01,2
C00606939,2212018.0,100,2018,21,2
C00606939,2132018.0,3,2018,13,2
C00606939,2112018.0,50,2018,11,2
C00606939,2142018.0,100,2018,14,2
C00606939,2202018.0,25,2018,20,2
C00606939,2202018.0,250,2018,20,2
C00606939,2072018.0,25,2018,07,2
C00606939,2112018.0,200,2018,11,2
C00606939,2022018.0,1000,2018,02,2
C00606939,2052018.0,25,2018,05,2
C00606939,2072018.0,25,2018,07,2
C00606939,2202018.0,25,2018,20,2
C00606939,2282018.0,50,2018,28,2
C00606939,2202018.0,25,2018,20,2
C00606939,2272018.0,1000,2018,27,2
C00606939,2282018.0,5,2018,28,2
C00606939,2272018.0,20,2018,27,2
C00606939,2012018.0,10,2018,01,2
C00606939,2102018.0,1999,2018,10,2
C00606939,2062018.0,50,2018,06,2
C00606939,2152018.0,25,2018,15,2
C00606939,2282018.0,50,2018,28,2
C00606939,2272018.0,2700,2018,27,2
C00606939,2162018.0,25,2018,16,2
C00606939,2242018.0,8,2018,24,2
C00606939,2222018.0,25,2018,22,2
C00606939,2192018.0,25,2018,19,2
C00606939,2252018.0,100,2018,25,2
C00606939,2232018.0,50,2018,23,2
C00606939,2172018.0,100,2018,17,2
C00606939,2112018.0,50,2018,11,2
C00606939,2172018.0,250,2018,17,2
C00606939,2152018.0,10,2018,15,2
C00606939,2172018.0,40,2018,17,2
C00606939,2282018.0,100,2018,28,2
C00606939,2162018.0,35,2018,16,2
C00606939,2152018.0,2700,2018,15,2
C00606939,2202018.0,50,2018,20,2
C00606939,2232018.0,25,2018,23,2
C00606939,2262018.0,1000,2018,26,2
C00606939,2222018.0,25,2018,22,2
C00606939,2162018.0,50,2018,16,2
C00606939,2262018.0,50,2018,26,2
C00606939,2172018.0,100,2018,17,2
C00606939,2202018.0,100,2018,20,2
C00606939,2262018.0,25,2018,26,2
C00606939,2202018.0,250,2018,20,2
C00606939,2172018.0,250,2018,17,2
C00606939,2262018.0,1,2018,26,2
C00606939,2192018.0,50,2018,19,2
C00606939,2172018.0,25,2018,17,2
C00606939,2102018.0,10,2018,10,2
C00606939,2282018.0,25,2018,28,2
C00606939,2282018.0,2700,2018,28,2
C00606939,2272018.0,35,2018,27,2
C00606939,2282018.0,50,2018,28,2
C00606939,2282018.0,25,2018,28,2
C00606939,2052018.0,2700,2018,05,2
C00606939,2252018.0,10,2018,25,2
C00606939,2252018.0,10,2018,25,2
C00606939,2182018.0,50,2018,18,2
C00606939,2262018.0,25,2018,26,2
C00606939,2282018.0,100,2018,28,2
C00606939,2282018.0,27,2018,28,2
C00606939,2092018.0,3,2018,09,2
C00606939,2192018.0,35,2018,19,2
C00606939,2052018.0,1000,2018,05,2
C00606939,2202018.0,500,2018,20,2
C00606939,2162018.0,35,2018,16,2
C00606939,2082018.0,1000,2018,08,2
C00606939,2192018.0,20,2018,19,2
C00606939,2262018.0,500,2018,26,2
C00606939,2262018.0,500,2018,26,2
C00606939,2082018.0,50,2018,08,2
C00606939,2242018.0,100,2018,24,2
C00606939,2072018.0,25,2018,07,2
C00606939,2062018.0,5,2018,06,2
C00606939,2062018.0,35,2018,06,2
C00606939,2012018.0,50,2018,01,2
C00606939,2272018.0,100,2018,27,2
C00606939,2082018.0,100,2018,08,2
C00606939,2052018.0,100,2018,05,2
C00606939,2222018.0,50,2018,22,2
C00606939,2212018.0,25,2018,21,2
C00606939,2062018.0,1000,2018,06,2
C00606939,2112018.0,50,2018,11,2
C00606939,2032018.0,100,2018,03,2
C00606939,2052018.0,250,2018,05,2
C00606939,2202018.0,100,2018,20,2
C00606939,2132018.0,25,2018,13,2
C00606939,2152018.0,1700,2018,15,2
C00606939,2082018.0,50,2018,08,2
C00606939,2222018.0,5,2018,22,2
C00606939,2222018.0,35,2018,22,2
C00606939,2212018.0,15,2018,21,2
C00606939,2232018.0,1000,2018,23,2
C00606939,2242018.0,200,2018,24,2
C00606939,2232018.0,250,2018,23,2
C00606939,2202018.0,50,2018,20,2
C00606939,2272018.0,500,2018,27,2
C00606939,2142018.0,50,2018,14,2
C00606939,2232018.0,25,2018,23,2
C00606939,2202018.0,50,2018,20,2
C00606939,2202018.0,5,2018,20,2
C00606939,2212018.0,15,2018,21,2
C00606939,2222018.0,5,2018,22,2
C00606939,2282018.0,1,2018,28,2
C00606939,2112018.0,20,2018,11,2
C00606939,2112018.0,2700,2018,11,2
C00606939,2252018.0,50,2018,25,2
C00606939,2242018.0,400,2018,24,2
C00606939,2102018.0,100,2018,10,2
C00606939,2222018.0,25,2018,22,2
C00606939,2242018.0,25,2018,24,2
C00606939,2092018.0,10,2018,09,2
C00606939,2282018.0,100,2018,28,2
C00606939,2282018.0,250,2018,28,2
C00606939,2182018.0,30,2018,18,2
C00606939,2212018.0,25,2018,21,2
C00606939,2252018.0,200,2018,25,2
C00606939,2172018.0,250,2018,17,2
C00606939,2022018.0,25,2018,02,2
C00606939,2212018.0,25,2018,21,2
C00606939,2132018.0,12,2018,13,2
C00606939,2162018.0,50,2018,16,2
C00606939,2112018.0,10,2018,11,2
C00606939,2282018.0,10,2018,28,2
C00606939,2182018.0,25,2018,18,2
C00606939,2132018.0,250,2018,13,2
C00606939,2052018.0,100,2018,05,2
C00606939,2282018.0,20,2018,28,2
C00606939,2132018.0,100,2018,13,2
C00606939,2232018.0,100,2018,23,2
C00606939,2132018.0,50,2018,13,2
C00606939,2042018.0,10,2018,04,2
C00606939,2172018.0,100,2018,17,2
C00606939,2102018.0,150,2018,10,2
C00606939,2132018.0,10,2018,13,2
C00606939,2242018.0,10,2018,24,2
C00606939,2132018.0,17,2018,13,2
C00606939,2212018.0,2700,2018,21,2
C00606939,2132018.0,50,2018,13,2
C00606939,2232018.0,35,2018,23,2
C00606939,2252018.0,2000,2018,25,2
C00606939,2282018.0,35,2018,28,2
C00606939,2132018.0,40,2018,13,2
C00606939,2232018.0,2700,2018,23,2
C00606939,2082018.0,300,2018,08,2
C00606939,2082018.0,5,2018,08,2
C00606939,2132018.0,150,2018,13,2
C00606939,2072018.0,100,2018,07,2
C00606939,2092018.0,1000,2018,09,2
C00606939,2122018.0,50,2018,12,2
C00606939,2122018.0,200,2018,12,2
C00606939,2022018.0,200,2018,02,2
C00606939,2202018.0,25,2018,20,2
C00606939,2262018.0,100,2018,26,2
C00606939,2052018.0,10,2018,05,2
C00606939,2112018.0,50,2018,11,2
C00606939,2072018.0,25,2018,07,2
C00606939,2072018.0,25,2018,07,2
C00606939,2022018.0,700,2018,02,2
C00606939,2022018.0,3,2018,02,2
C00606939,2132018.0,50,2018,13,2
C00606939,2052018.0,50,2018,05,2
C00606939,2272018.0,25,2018,27,2
C00606939,2222018.0,10,2018,22,2
C00606939,2102018.0,25,2018,10,2
C00606939,2192018.0,500,2018,19,2
C00606939,2062018.0,20,2018,06,2
C00606939,2262018.0,25,2018,26,2
C00606939,2162018.0,25,2018,16,2
C00606939,2202018.0,150,2018,20,2
C00606939,2122018.0,1000,2018,12,2
C00606939,2262018.0,50,2018,26,2
C00606939,2242018.0,5,2018,24,2
C00606939,2052018.0,45,2018,05,2
C00606939,2092018.0,1000,2018,09,2
C00606939,2122018.0,35,2018,12,2
C00606939,2192018.0,25,2018,19,2
C00606939,2072018.0,10,2018,07,2
C00606939,2122018.0,40,2018,12,2
C00606939,2042018.0,25,2018,04,2
C00606939,2262018.0,25,2018,26,2
C00606939,2282018.0,20,2018,28,2
C00606939,2282018.0,10,2018,28,2
C00606939,2072018.0,50,2018,07,2
C00606939,2232018.0,25,2018,23,2
C00606939,2262018.0,10,2018,26,2
C00606939,2022018.0,25,2018,02,2
C00606939,2242018.0,30,2018,24,2
C00606939,2212018.0,5,2018,21,2
C00606939,2212018.0,25,2018,21,2
C00606939,2232018.0,5,2018,23,2
C00606939,2092018.0,1000,2018,09,2
C00606939,2232018.0,50,2018,23,2
C00606939,2032018.0,100,2018,03,2
C00606939,2082018.0,35,2018,08,2
C00606939,2192018.0,100,2018,19,2
C00606939,2202018.0,7,2018,20,2
C00606939,2192018.0,2700,2018,19,2
C00606939,2062018.0,50,2018,06,2
C00606939,2282018.0,25,2018,28,2
C00606939,2162018.0,1,2018,16,2
C00606939,2172018.0,250,2018,17,2
C00606939,2232018.0,100,2018,23,2
C00606939,2232018.0,100,2018,23,2
C00606939,2042018.0,1,2018,04,2
C00606939,2012018.0,0,2018,01,2
C00606939,2052018.0,17,2018,05,2
C00606939,2082018.0,6,2018,08,2
C00606939,2262018.0,5,2018,26,2
C00606939,2282018.0,25,2018,28,2
C00606939,2212018.0,10,2018,21,2
C00606939,2102018.0,25,2018,10,2
C00606939,2122018.0,35,2018,12,2
C00606939,2222018.0,250,2018,22,2
C00606939,2162018.0,1000,2018,16,2
C00606939,2072018.0,2700,2018,07,2
C00606939,2052018.0,25,2018,05,2
C00606939,2212018.0,100,2018,21,2
C00606939,2202018.0,100,2018,20,2
C00606939,2202018.0,100,2018,20,2
C00606939,2222018.0,10,2018,22,2
C00606939,2162018.0,500,2018,16,2
C00606939,2062018.0,1000,2018,06,2
C00606939,2142018.0,2700,2018,14,2
C00606939,2102018.0,50,2018,10,2
C00606939,2212018.0,20,2018,21,2
C00606939,2232018.0,250,2018,23,2
C00606939,2172018.0,250,2018,17,2
C00606939,2262018.0,200,2018,26,2
C00606939,2092018.0,100,2018,09,2
C00606939,2222018.0,4,2018,22,2
C00606939,2172018.0,1,2018,17,2
C00606939,2082018.0,35,2018,08,2
C00606939,2122018.0,1000,2018,12,2
C00606939,2162018.0,35,2018,16,2
C00606939,2172018.0,200,2018,17,2
C00606939,2262018.0,10,2018,26,2
C00606939,2282018.0,35,2018,28,2
C00606939,2122018.0,1,2018,12,2
C00606939,2202018.0,1000,2018,20,2
C00606939,2142018.0,6,2018,14,2
C00606939,2152018.0,25,2018,15,2
C00606939,2182018.0,25,2018,18,2
C00606939,2232018.0,25,2018,23,2
C00606939,2232018.0,100,2018,23,2
C00606939,2092018.0,10,2018,09,2
C00606939,2212018.0,50,2018,21,2
C00606939,2142018.0,50,2018,14,2
C00606939,2012018.0,25,2018,01,2
C00606939,2212018.0,30,2018,21,2
C00606939,2202018.0,50,2018,20,2
C00606939,2162018.0,70,2018,16,2
C00606939,2112018.0,10,2018,11,2
C00606939,2282018.0,25,2018,28,2
C00606939,2022018.0,10,2018,02,2
C00606939,2282018.0,15,2018,28,2
C00606939,2022018.0,5,2018,02,2
C00606939,2032018.0,100,2018,03,2
C00606939,2042018.0,35,2018,04,2
C00606939,2052018.0,50,2018,05,2
C00606939,2142018.0,50,2018,14,2
C00606939,2152018.0,25,2018,15,2
C00606939,2192018.0,100,2018,19,2
C00606939,2072018.0,50,2018,07,2
C00606939,2022018.0,100,2018,02,2
C00606939,2032018.0,1,2018,03,2
C00606939,2242018.0,25,2018,24,2
C00606939,2072018.0,10,2018,07,2
C00606939,2072018.0,5,2018,07,2
C00606939,2012018.0,500,2018,01,2
C00606939,2082018.0,6,2018,08,2
C00606939,2222018.0,1000,2018,22,2
C00606939,2042018.0,1,2018,04,2
C00606939,2212018.0,25,2018,21,2
C00606939,2222018.0,10,2018,22,2
C00606939,2232018.0,250,2018,23,2
C00606939,2232018.0,100,2018,23,2
C00606939,2032018.0,10,2018,03,2
C00606939,2152018.0,500,2018,15,2
C00606939,2112018.0,400,2018,11,2
C00606939,2182018.0,200,2018,18,2
C00606939,2162018.0,2700,2018,16,2
C00606939,2142018.0,50,2018,14,2
C00606939,2212018.0,12,2018,21,2
C00606939,2232018.0,150,2018,23,2
C00606939,2192018.0,25,2018,19,2
C00606939,2232018.0,500,2018,23,2
C00606939,2042018.0,10,2018,04,2
C00606939,2262018.0,5,2018,26,2
C00606939,2062018.0,1000,2018,06,2
C00606939,2052018.0,50,2018,05,2
C00606939,2072018.0,10,2018,07,2
C00606939,2082018.0,1000,2018,08,2
C00606939,2112018.0,25,2018,11,2
C00606939,2032018.0,500,2018,03,2
C00606939,2162018.0,100,2018,16,2
C00606939,2142018.0,25,2018,14,2
C00606939,2122018.0,1,2018,12,2
C00606939,2172018.0,100,2018,17,2
C00606939,2152018.0,10,2018,15,2
C00606939,2032018.0,2700,2018,03,2
C00606939,2192018.0,10,2018,19,2
C00606939,2262018.0,4,2018,26,2
C00606939,2222018.0,100,2018,22,2
C00606939,2202018.0,1,2018,20,2
C00606939,2252018.0,7,2018,25,2
C00606939,2232018.0,20,2018,23,2
C00606939,2272018.0,500,2018,27,2
C00606939,2082018.0,118,2018,08,2
C00606939,2092018.0,100,2018,09,2
C00606939,2282018.0,4,2018,28,2
C00606939,2262018.0,10,2018,26,2
C00606939,2282018.0,2700,2018,28,2
C00606939,2052018.0,250,2018,05,2
C00606939,2222018.0,20,2018,22,2
C00606939,2262018.0,70,2018,26,2
C00606939,2272018.0,200,2018,27,2
C00606939,2072018.0,25,2018,07,2
C00606939,2202018.0,200,2018,20,2
C00606939,2222018.0,1250,2018,22,2
C00606939,2022018.0,200,2018,02,2
C00606939,2052018.0,50,2018,05,2
C00606939,2212018.0,250,2018,21,2
C00606939,2052018.0,500,2018,05,2
C00606939,2162018.0,500,2018,16,2
C00606939,2062018.0,250,2018,06,2
C00606939,2192018.0,400,2018,19,2
C00606939,2122018.0,1000,2018,12,2
C00606939,2192018.0,5,2018,19,2
C00606939,2272018.0,110,2018,27,2
C00606939,2262018.0,2700,2018,26,2
C00606939,2212018.0,50,2018,21,2
C00606939,2122018.0,1700,2018,12,2
C00606939,2112018.0,2700,2018,11,2
C00606939,2072018.0,100,2018,07,2
C00606939,2092018.0,2700,2018,09,2
C00606939,2102018.0,25,2018,10,2
C00606939,2212018.0,50,2018,21,2
C00606939,2022018.0,100,2018,02,2
C00606939,2072018.0,50,2018,07,2
C00606939,2102018.0,1,2018,10,2
C00606939,2092018.0,100,2018,09,2
C00606939,2112018.0,10,2018,11,2
C00606939,2162018.0,50,2018,16,2
C00606939,2142018.0,100,2018,14,2
C00606939,2152018.0,2700,2018,15,2
C00606939,2282018.0,25,2018,28,2
C00606939,2212018.0,9,2018,21,2
C00606939,2242018.0,5,2018,24,2
C00606939,2142018.0,15,2018,14,2
C00606939,2062018.0,10,2018,06,2
C00606939,2062018.0,1000,2018,06,2
C00606939,2182018.0,500,2018,18,2
C00606939,2172018.0,5,2018,17,2
C00606939,2072018.0,50,2018,07,2
C00606939,2152018.0,5,2018,15,2
C00606939,2032018.0,25,2018,03,2
C00606939,2152018.0,2700,2018,15,2
C00606939,2182018.0,250,2018,18,2
C00606939,2202018.0,100,2018,20,2
C00606939,2202018.0,50,2018,20,2
C00606939,2062018.0,1,2018,06,2
C00606939,2132018.0,25,2018,13,2
C00606939,2072018.0,1000,2018,07,2
C00606939,2092018.0,300,2018,09,2
C00606939,2092018.0,1,2018,09,2
C00606939,2092018.0,50,2018,09,2
C00606939,2072018.0,2700,2018,07,2
C00606939,2192018.0,100,2018,19,2
C00606939,2252018.0,250,2018,25,2
C00606939,2052018.0,50,2018,05,2
C00606939,2082018.0,50,2018,08,2
C00606939,2282018.0,20,2018,28,2
C00606939,2142018.0,100,2018,14,2
C00606939,2262018.0,200,2018,26,2
C00606939,2222018.0,50,2018,22,2
C00606939,2072018.0,25,2018,07,2
C00606939,2062018.0,10,2018,06,2
C00606939,2202018.0,12,2018,20,2
C00606939,2222018.0,1,2018,22,2
C00606939,2162018.0,2700,2018,16,2
C00606939,2062018.0,35,2018,06,2
C00606939,2232018.0,50,2018,23,2
C00606939,2072018.0,100,2018,07,2
C00606939,2062018.0,10,2018,06,2
C00606939,2062018.0,1000,2018,06,2
C00606939,2092018.0,100,2018,09,2
C00606939,2122018.0,250,2018,12,2
C00606939,2282018.0,25,2018,28,2
C00606939,2272018.0,35,2018,27,2
C00606939,2112018.0,50,2018,11,2
C00606939,2062018.0,50,2018,06,2
C00606939,2102018.0,50,2018,10,2
C00606939,2162018.0,50,2018,16,2
C00606939,2222018.0,50,2018,22,2
C00606939,2152018.0,100,2018,15,2
C00606939,2202018.0,25,2018,20,2
C00606939,2052018.0,1000,2018,05,2
C00606939,2202018.0,5,2018,20,2
C00606939,2252018.0,200,2018,25,2
C00606939,2122018.0,2,2018,12,2
C00606939,2272018.0,4,2018,27,2
C00606939,2062018.0,1000,2018,06,2
C00606939,2092018.0,50,2018,09,2
C00606939,2262018.0,25,2018,26,2
C00606939,2152018.0,5,2018,15,2
C00606939,2272018.0,50,2018,27,2
C00606939,2272018.0,10,2018,27,2
C00606939,2162018.0,400,2018,16,2
C00606939,2072018.0,250,2018,07,2
C00606939,2022018.0,25,2018,02,2
C00606939,2152018.0,50,2018,15,2
C00606939,2222018.0,1,2018,22,2
C00606939,2262018.0,50,2018,26,2
C00606939,2092018.0,2700,2018,09,2
C00606939,2052018.0,10,2018,05,2
C00606939,2262018.0,25,2018,26,2
C00606939,2062018.0,25,2018,06,2
C00606939,2062018.0,10,2018,06,2
C00606939,2092018.0,1000,2018,09,2
C00606939,2052018.0,35,2018,05,2
C00606939,2242018.0,5,2018,24,2
C00606939,2262018.0,50,2018,26,2
C00606939,2152018.0,50,2018,15,2
C00606939,2182018.0,25,2018,18,2
C00606939,2122018.0,5,2018,12,2
C00606939,2132018.0,1000,2018,13,2
C00606939,2272018.0,5,2018,27,2
C00606939,2282018.0,7,2018,28,2
C00606939,2142018.0,35,2018,14,2
C00606939,2032018.0,20,2018,03,2
C00606939,2192018.0,50,2018,19,2
C00606939,2082018.0,50,2018,08,2
C00606939,2232018.0,50,2018,23,2
C00606939,2212018.0,25,2018,21,2
C00606939,2262018.0,200,2018,26,2
C00606939,2192018.0,50,2018,19,2
C00606939,2032018.0,7,2018,03,2
C00606939,2152018.0,10,2018,15,2
C00606939,2112018.0,50,2018,11,2
C00606939,2202018.0,100,2018,20,2
C00606939,2032018.0,25,2018,03,2
C00606939,2022018.0,0,2018,02,2
C00606939,2062018.0,25,2018,06,2
C00606939,2252018.0,50,2018,25,2
C00606939,2142018.0,5,2018,14,2
C00606939,2152018.0,5,2018,15,2
C00606939,2202018.0,300,2018,20,2
C00606939,2102018.0,15,2018,10,2
C00606939,2112018.0,6,2018,11,2
C00606939,2082018.0,25,2018,08,2
C00606939,2282018.0,10,2018,28,2
C00606939,2172018.0,10,2018,17,2
C00606939,2032018.0,575,2018,03,2
C00606939,2142018.0,5,2018,14,2
C00606939,2172018.0,100,2018,17,2
C00606939,2062018.0,100,2018,06,2
C00606939,2062018.0,7,2018,06,2
C00606939,2072018.0,15,2018,07,2
C00606939,2082018.0,50,2018,08,2
C00606939,2092018.0,40,2018,09,2
C00606939,2052018.0,1,2018,05,2
C00606939,2282018.0,200,2018,28,2
C00606939,2282018.0,25,2018,28,2
C00606939,2192018.0,10,2018,19,2
C00606939,2102018.0,50,2018,10,2
C00606939,2022018.0,25,2018,02,2
C00606939,2062018.0,25,2018,06,2
C00606939,2282018.0,200,2018,28,2
C00606939,2282018.0,50,2018,28,2
C00606939,2162018.0,50,2018,16,2
C00606939,2152018.0,100,2018,15,2
C00606939,2062018.0,35,2018,06,2
C00606939,2222018.0,5,2018,22,2
C00606939,2052018.0,50,2018,05,2
C00606939,2142018.0,400,2018,14,2
C00606939,2162018.0,50,2018,16,2
C00606939,2112018.0,50,2018,11,2
C00606939,2162018.0,100,2018,16,2
C00606939,2032018.0,10,2018,03,2
C00606939,2262018.0,2700,2018,26,2
C00606939,2262018.0,500,2018,26,2
C00606939,2182018.0,25,2018,18,2
C00606939,2092018.0,50,2018,09,2
C00606939,2052018.0,300,2018,05,2
C00606939,2032018.0,5,2018,03,2
C00606939,2222018.0,25,2018,22,2
C00606939,2102018.0,5,2018,10,2
C00606939,2082018.0,1,2018,08,2
C00606939,2112018.0,10,2018,11,2
C00606939,2102018.0,25,2018,10,2
C00606939,2202018.0,1,2018,20,2
C00606939,2172018.0,50,2018,17,2
C00606939,2122018.0,100,2018,12,2
C00606939,2282018.0,100,2018,28,2
C00606939,2172018.0,25,2018,17,2
C00606939,2062018.0,50,2018,06,2
C00606939,2192018.0,70,2018,19,2
C00606939,2172018.0,200,2018,17,2
C00606939,2122018.0,50,2018,12,2
C00606939,2222018.0,25,2018,22,2
C00606939,2182018.0,25,2018,18,2
C00606939,2252018.0,50,2018,25,2
C00606939,2012018.0,25,2018,01,2
C00606939,2282018.0,25,2018,28,2
C00606939,2012018.0,50,2018,01,2
C00606939,2152018.0,200,2018,15,2
C00606939,2062018.0,500,2018,06,2
C00606939,2052018.0,50,2018,05,2
C00606939,2082018.0,100,2018,08,2
C00606939,2282018.0,50,2018,28,2
C00606939,2162018.0,70,2018,16,2
C00606939,2222018.0,2700,2018,22,2
C00606939,2152018.0,1000,2018,15,2
C00606939,2152018.0,25,2018,15,2
C00606939,2272018.0,5,2018,27,2
C00606939,2282018.0,50,2018,28,2
C00606939,2282018.0,1700,2018,28,2
C00606939,2132018.0,200,2018,13,2
C00606939,2262018.0,50,2018,26,2
C00606939,2182018.0,16,2018,18,2
C00606939,2222018.0,500,2018,22,2
C00606939,2252018.0,6,2018,25,2
C00606939,2192018.0,100,2018,19,2
C00606939,2062018.0,50,2018,06,2
C00606939,2262018.0,35,2018,26,2
C00606939,2032018.0,5,2018,03,2
C00606939,2262018.0,500,2018,26,2
C00606939,2232018.0,100,2018,23,2
C00606939,2022018.0,800,2018,02,2
C00606939,2262018.0,1,2018,26,2
C00606939,2272018.0,50,2018,27,2
C00606939,2252018.0,5,2018,25,2
C00606939,2112018.0,15,2018,11,2
C00606939,2022018.0,1300,2018,02,2
C00606939,2102018.0,17,2018,10,2
C00606939,2272018.0,100,2018,27,2
C00606939,2222018.0,4,2018,22,2
C00606939,2042018.0,25,2018,04,2
C00606939,2172018.0,5,2018,17,2
C00606939,2092018.0,100,2018,09,2
C00606939,2122018.0,25,2018,12,2
C00606939,2042018.0,75,2018,04,2
C00606939,2222018.0,400,2018,22,2
C00606939,2212018.0,25,2018,21,2
C00606939,2122018.0,30,2018,12,2
C00606939,2092018.0,2700,2018,09,2
C00606939,2102018.0,10,2018,10,2
C00606939,2182018.0,250,2018,18,2
C00606939,2152018.0,25,2018,15,2
C00606939,2242018.0,100,2018,24,2
C00606939,2082018.0,1000,2018,08,2
C00606939,2102018.0,50,2018,10,2
C00606939,2142018.0,10,2018,14,2
C00606939,2092018.0,25,2018,09,2
C00606939,2122018.0,5,2018,12,2
C00606939,2172018.0,100,2018,17,2
C00606939,2172018.0,100,2018,17,2
C00606939,2062018.0,25,2018,06,2
C00606939,2202018.0,250,2018,20,2
C00606939,2212018.0,25,2018,21,2
C00606939,2082018.0,50,2018,08,2
C00606939,2092018.0,0,2018,09,2
C00606939,2122018.0,50,2018,12,2
C00606939,2122018.0,10,2018,12,2
C00606939,2272018.0,1,2018,27,2
C00606939,2122018.0,50,2018,12,2
C00606939,2152018.0,50,2018,15,2
C00606939,2172018.0,200,2018,17,2
C00606939,2202018.0,2700,2018,20,2
C00606939,2182018.0,25,2018,18,2
C00606939,2072018.0,15,2018,07,2
C00606939,2112018.0,50,2018,11,2
C00606939,2122018.0,25,2018,12,2
C00606939,2262018.0,100,2018,26,2
C00606939,2082018.0,50,2018,08,2
C00606939,2092018.0,10,2018,09,2
C00606939,2232018.0,15,2018,23,2
C00606939,2032018.0,10,2018,03,2
C00606939,2192018.0,25,2018,19,2
C00606939,2252018.0,100,2018,25,2
C00606939,2252018.0,100,2018,25,2
C00606939,2212018.0,1000,2018,21,2
C00606939,2112018.0,35,2018,11,2
C00606939,2212018.0,1,2018,21,2
C00606939,2252018.0,30,2018,25,2
C00606939,2092018.0,100,2018,09,2
C00606939,2192018.0,15,2018,19,2
C00606939,2202018.0,100,2018,20,2
C00606939,2242018.0,45,2018,24,2
C00606939,2182018.0,35,2018,18,2
C00606939,2022018.0,20,2018,02,2
C00606939,2222018.0,100,2018,22,2
C00606939,2252018.0,8,2018,25,2
C00606939,2092018.0,5,2018,09,2
C00606939,2052018.0,10,2018,05,2
C00606939,2062018.0,50,2018,06,2
C00606939,2172018.0,5,2018,17,2
C00606939,2182018.0,100,2018,18,2
C00606939,2032018.0,100,2018,03,2
C00606939,2082018.0,50,2018,08,2
C00606939,2282018.0,15,2018,28,2
C00606939,2262018.0,250,2018,26,2
C00606939,2172018.0,25,2018,17,2
C00606939,2162018.0,70,2018,16,2
C00606939,2032018.0,5,2018,03,2
C00606939,2042018.0,15,2018,04,2
C00606939,2092018.0,50,2018,09,2
C00606939,2132018.0,200,2018,13,2
C00606939,2132018.0,50,2018,13,2
C00606939,2132018.0,25,2018,13,2
C00606939,2282018.0,5,2018,28,2
C00606939,2162018.0,20,2018,16,2
C00606939,2032018.0,15,2018,03,2
C00606939,2222018.0,1,2018,22,2
C00606939,2122018.0,100,2018,12,2
C00606939,2202018.0,250,2018,20,2
C00606939,2212018.0,100,2018,21,2
C00606939,2202018.0,35,2018,20,2
C00606939,2012018.0,25,2018,01,2
C00606939,2062018.0,100,2018,06,2
C00606939,2132018.0,15,2018,13,2
C00606939,2202018.0,27,2018,20,2
C00606939,2062018.0,2500,2018,06,2
C00606939,2092018.0,6,2018,09,2
C00606939,2222018.0,100,2018,22,2
C00606939,2122018.0,100,2018,12,2
C00606939,2032018.0,15,2018,03,2
C00606939,2252018.0,100,2018,25,2
C00606939,2232018.0,300,2018,23,2
C00606939,2082018.0,50,2018,08,2
C00606939,2082018.0,50,2018,08,2
C00606939,2272018.0,50,2018,27,2
C00606939,2132018.0,200,2018,13,2
C00606939,2152018.0,50,2018,15,2
C00606939,2162018.0,10,2018,16,2
C00606939,2272018.0,50,2018,27,2
C00606939,2102018.0,10,2018,10,2
C00606939,2112018.0,100,2018,11,2
C00606939,2212018.0,2700,2018,21,2
C00606939,2162018.0,25,2018,16,2
C00606939,2232018.0,250,2018,23,2
C00606939,2012018.0,1000,2018,01,2
C00606939,2092018.0,50,2018,09,2
C00606939,2032018.0,200,2018,03,2
C00606939,2202018.0,10,2018,20,2
C00606939,2222018.0,50,2018,22,2
C00606939,2152018.0,16,2018,15,2
C00606939,2142018.0,1,2018,14,2
C00606939,2172018.0,10,2018,17,2
C00606939,2152018.0,16,2018,15,2
C00606939,2152018.0,7,2018,15,2
C00606939,2062018.0,5,2018,06,2
C00606939,2282018.0,100,2018,28,2
C00606939,2172018.0,20,2018,17,2
C00606939,2162018.0,1,2018,16,2
C00606939,2122018.0,1,2018,12,2
C00606939,2222018.0,1000,2018,22,2
C00606939,2202018.0,250,2018,20,2
C00606939,2032018.0,5,2018,03,2
C00606939,2192018.0,500,2018,19,2
C00606939,2262018.0,10,2018,26,2
C00606939,2212018.0,35,2018,21,2
C00606939,2132018.0,20,2018,13,2
C00606939,2212018.0,40,2018,21,2
C00606939,2182018.0,100,2018,18,2
C00606939,2282018.0,100,2018,28,2
C00606939,2112018.0,15,2018,11,2
C00606939,2152018.0,25,2018,15,2
C00606939,2072018.0,25,2018,07,2
C00606939,2262018.0,50,2018,26,2
C00606939,2272018.0,25,2018,27,2
C00606939,2282018.0,10,2018,28,2
C00606939,2172018.0,25,2018,17,2
C00606939,2212018.0,400,2018,21,2
C00606939,2232018.0,4,2018,23,2
C00606939,2162018.0,2700,2018,16,2
C00606939,2042018.0,10,2018,04,2
C00606939,2122018.0,25,2018,12,2
C00606939,2072018.0,50,2018,07,2
C00606939,2092018.0,45,2018,09,2
C00606939,2082018.0,250,2018,08,2
C00606939,2052018.0,200,2018,05,2
C00606939,2272018.0,100,2018,27,2
C00606939,2232018.0,100,2018,23,2
C00606939,2032018.0,100,2018,03,2
C00606939,2172018.0,5,2018,17,2
C00606939,2172018.0,100,2018,17,2
C00606939,2182018.0,15,2018,18,2
C00606939,2082018.0,15,2018,08,2
C00606939,2082018.0,100,2018,08,2
C00606939,2172018.0,15,2018,17,2
C00606939,2062018.0,1000,2018,06,2
C00606939,2272018.0,50,2018,27,2
C00606939,2152018.0,25,2018,15,2
C00606939,2162018.0,100,2018,16,2
C00606939,2282018.0,500,2018,28,2
C00606939,2122018.0,2700,2018,12,2
C00606939,2032018.0,40,2018,03,2
C00606939,2202018.0,60,2018,20,2
C00606939,2122018.0,50,2018,12,2
C00606939,2222018.0,250,2018,22,2
C00606939,2062018.0,25,2018,06,2
C00606939,2102018.0,30,2018,10,2
C00606939,2102018.0,200,2018,10,2
C00606939,2072018.0,1,2018,07,2
C00606939,2112018.0,10,2018,11,2
C00606939,2032018.0,50,2018,03,2
C00606939,2172018.0,500,2018,17,2
C00606939,2182018.0,25,2018,18,2
C00606939,2182018.0,10,2018,18,2
C00606939,2282018.0,5,2018,28,2
C00606939,2282018.0,200,2018,28,2
C00606939,2262018.0,50,2018,26,2
C00606939,2122018.0,100,2018,12,2
C00606939,2272018.0,50,2018,27,2
C00606939,2222018.0,30,2018,22,2
C00606939,2082018.0,35,2018,08,2
C00606939,2272018.0,500,2018,27,2
C00606939,2282018.0,15,2018,28,2
C00606939,2032018.0,10,2018,03,2
C00606939,2202018.0,100,2018,20,2
C00606939,2212018.0,10,2018,21,2
C00606939,2262018.0,50,2018,26,2
C00606939,2212018.0,100,2018,21,2
C00606939,2222018.0,300,2018,22,2
C00606939,2172018.0,250,2018,17,2
C00606939,2202018.0,50,2018,20,2
C00606939,2222018.0,4,2018,22,2
C00606939,2222018.0,250,2018,22,2
C00606939,2152018.0,100,2018,15,2
C00606939,2222018.0,50,2018,22,2
C00606939,2162018.0,27,2018,16,2
C00606939,2132018.0,200,2018,13,2
C00606939,2282018.0,50,2018,28,2
C00606939,2202018.0,25,2018,20,2
C00606939,2232018.0,500,2018,23,2
C00606939,2272018.0,100,2018,27,2
C00606939,2162018.0,1000,2018,16,2
C00606939,2162018.0,2700,2018,16,2
C00606939,2152018.0,25,2018,15,2
C00606939,2152018.0,250,2018,15,2
C00606939,2252018.0,1,2018,25,2
C00606939,2162018.0,2300,2018,16,2
C00606939,2232018.0,100,2018,23,2
C00606939,2232018.0,100,2018,23,2
C00606939,2262018.0,100,2018,26,2
C00606939,2062018.0,25,2018,06,2
C00606939,2222018.0,5,2018,22,2
C00606939,2222018.0,25,2018,22,2
C00606939,2202018.0,1000,2018,20,2
C00606939,2192018.0,100,2018,19,2
C00606939,2232018.0,25,2018,23,2
C00606939,2202018.0,10,2018,20,2
C00606939,2092018.0,500,2018,09,2
C00606939,2142018.0,50,2018,14,2
C00606939,2252018.0,10,2018,25,2
C00606939,2242018.0,25,2018,24,2
C00606939,2282018.0,10,2018,28,2
C00606939,2232018.0,250,2018,23,2
C00606939,2262018.0,100,2018,26,2
C00606939,2132018.0,50,2018,13,2
C00606939,2012018.0,10,2018,01,2
C00606939,2222018.0,25,2018,22,2
C00606939,2212018.0,10,2018,21,2
C00606939,2072018.0,6,2018,07,2
C00606939,2112018.0,14,2018,11,2
C00606939,2202018.0,100,2018,20,2
C00606939,2282018.0,25,2018,28,2
C00606939,2202018.0,50,2018,20,2
C00606939,2092018.0,250,2018,09,2
C00606939,2162018.0,100,2018,16,2
C00606939,2062018.0,1000,2018,06,2
C00606939,2102018.0,50,2018,10,2
C00606939,2192018.0,20,2018,19,2
C00606939,2212018.0,25,2018,21,2
C00606939,2192018.0,25,2018,19,2
C00606939,2152018.0,50,2018,15,2
C00606939,2222018.0,25,2018,22,2
C00606939,2122018.0,500,2018,12,2
C00606939,2092018.0,50,2018,09,2
C00606939,2092018.0,10,2018,09,2
C00606939,2102018.0,10,2018,10,2
C00606939,2112018.0,18,2018,11,2
C00606939,2072018.0,1000,2018,07,2
C00606939,2072018.0,1000,2018,07,2
C00606939,2102018.0,25,2018,10,2
C00606939,2102018.0,25,2018,10,2
C00606939,2122018.0,20,2018,12,2
C00606939,2082018.0,25,2018,08,2
C00606939,2082018.0,25,2018,08,2
C00606939,2262018.0,5,2018,26,2
C00606939,2132018.0,100,2018,13,2
C00606939,2232018.0,50,2018,23,2
C00606939,2242018.0,117,2018,24,2
C00606939,2122018.0,1,2018,12,2
C00606939,2192018.0,500,2018,19,2
C00606939,2122018.0,7,2018,12,2
C00606939,2132018.0,25,2018,13,2
C00606939,2102018.0,1,2018,10,2
C00606939,2112018.0,5,2018,11,2
C00606939,2112018.0,360,2018,11,2
C00606939,2282018.0,250,2018,28,2
C00606939,2202018.0,250,2018,20,2
C00606939,2072018.0,180,2018,07,2
C00606939,2032018.0,100,2018,03,2
C00606939,2112018.0,700,2018,11,2
C00606939,2162018.0,25,2018,16,2
C00606939,2162018.0,10,2018,16,2
C00606939,2202018.0,1000,2018,20,2
C00606939,2072018.0,50,2018,07,2
C00606939,2072018.0,400,2018,07,2
C00606939,2052018.0,1000,2018,05,2
C00606939,2192018.0,3,2018,19,2
C00606939,2272018.0,10,2018,27,2
C00606939,2092018.0,50,2018,09,2
C00606939,2102018.0,25,2018,10,2
C00606939,2032018.0,5,2018,03,2
C00606939,2202018.0,15,2018,20,2
C00606939,2212018.0,100,2018,21,2
C00606939,2072018.0,25,2018,07,2
C00606939,2262018.0,525,2018,26,2
C00606939,2022018.0,1,2018,02,2
C00606939,2202018.0,6,2018,20,2
C00606939,2242018.0,250,2018,24,2
C00606939,2162018.0,50,2018,16,2
C00606939,2062018.0,200,2018,06,2
C00606939,2122018.0,500,2018,12,2
C00606939,2272018.0,25,2018,27,2
C00606939,2282018.0,25,2018,28,2
C00606939,2212018.0,50,2018,21,2
C00606939,2262018.0,100,2018,26,2
C00606939,2082018.0,20,2018,08,2
C00606939,2092018.0,10,2018,09,2
C00606939,2032018.0,1,2018,03,2
C00606939,2202018.0,2700,2018,20,2
C00606939,2212018.0,50,2018,21,2
C00606939,2152018.0,5,2018,15,2
C00606939,2182018.0,25,2018,18,2
C00606939,2082018.0,100,2018,08,2
C00606939,2162018.0,200,2018,16,2
C00606939,2182018.0,25,2018,18,2
C00606939,2062018.0,300,2018,06,2
C00606939,2132018.0,1,2018,13,2
C00606939,2172018.0,5,2018,17,2
C00606939,2062018.0,500,2018,06,2
C00606939,2272018.0,200,2018,27,2
C00606939,2132018.0,25,2018,13,2
C00606939,2232018.0,30,2018,23,2
C00606939,2202018.0,105,2018,20,2
C00606939,2202018.0,25,2018,20,2
C00606939,2052018.0,100,2018,05,2
C00606939,2112018.0,5,2018,11,2
C00606939,2192018.0,1,2018,19,2
C00606939,2132018.0,50,2018,13,2
C00606939,2212018.0,2700,2018,21,2
C00606939,2192018.0,10,2018,19,2
C00606939,2272018.0,6,2018,27,2
C00606939,2262018.0,1000,2018,26,2
C00606939,2262018.0,250,2018,26,2
C00606939,2272018.0,20,2018,27,2
C00606939,2122018.0,50,2018,12,2
C00606939,2162018.0,100,2018,16,2
C00606939,2172018.0,25,2018,17,2
C00606939,2022018.0,5,2018,02,2
C00606939,2122018.0,50,2018,12,2
C00606939,2122018.0,50,2018,12,2
C00606939,2082018.0,15,2018,08,2
C00606939,2272018.0,9,2018,27,2
C00606939,2092018.0,50,2018,09,2
C00606939,2182018.0,6,2018,18,2
C00606939,2022018.0,5,2018,02,2
C00606939,2202018.0,100,2018,20,2
C00606939,2272018.0,250,2018,27,2
C00606939,2222018.0,250,2018,22,2
C00606939,2162018.0,66,2018,16,2
C00606939,2142018.0,250,2018,14,2
C00606939,2172018.0,15,2018,17,2
C00606939,2062018.0,1000,2018,06,2
C00606939,2192018.0,200,2018,19,2
C00606939,2052018.0,25,2018,05,2
C00606939,2022018.0,10,2018,02,2
C00606939,2122018.0,25,2018,12,2
C00606939,2142018.0,1,2018,14,2
C00606939,2282018.0,1,2018,28,2
C00606939,2152018.0,5,2018,15,2
C00606939,2202018.0,100,2018,20,2
C00606939,2062018.0,100,2018,06,2
C00606939,2102018.0,25,2018,10,2
C00606939,2192018.0,5,2018,19,2
C00606939,2252018.0,25,2018,25,2
C00606939,2282018.0,1000,2018,28,2
C00606939,2202018.0,25,2018,20,2
C00606939,2212018.0,125,2018,21,2
C00606939,2232018.0,5,2018,23,2
C00606939,2232018.0,5,2018,23,2
C00606939,2212018.0,35,2018,21,2
C00606939,2132018.0,25,2018,13,2
C00606939,2172018.0,5,2018,17,2
C00606939,2072018.0,1000,2018,07,2
C00606939,2232018.0,200,2018,23,2
C00606939,2122018.0,25,2018,12,2
C00606939,2122018.0,100,2018,12,2
C00606939,2132018.0,35,2018,13,2
C00606939,2202018.0,100,2018,20,2
C00606939,2192018.0,5,2018,19,2
C00606939,2282018.0,100,2018,28,2
C00606939,2092018.0,30,2018,09,2
C00606939,2202018.0,25,2018,20,2
C00606939,2222018.0,400,2018,22,2
C00606939,2222018.0,50,2018,22,2
C00606939,2052018.0,500,2018,05,2
C00606939,2112018.0,100,2018,11,2
C00606939,2122018.0,40,2018,12,2
C00606939,2142018.0,100,2018,14,2
C00606939,2142018.0,120,2018,14,2
C00606939,2082018.0,200,2018,08,2
C00606939,2122018.0,50,2018,12,2
C00606939,2222018.0,25,2018,22,2
C00606939,2242018.0,250,2018,24,2
C00606939,2252018.0,0,2018,25,2
C00606939,2222018.0,100,2018,22,2
C00606939,2172018.0,25,2018,17,2
C00606939,2242018.0,10,2018,24,2
C00606939,2252018.0,10,2018,25,2
C00606939,2162018.0,50,2018,16,2
C00606939,2282018.0,10,2018,28,2
C00606939,2252018.0,500,2018,25,2
C00606939,2162018.0,35,2018,16,2
C00606939,2132018.0,50,2018,13,2
C00606939,2222018.0,100,2018,22,2
C00606939,2022018.0,25,2018,02,2
C00606939,2092018.0,5,2018,09,2
C00606939,2092018.0,500,2018,09,2
C00606939,2232018.0,5,2018,23,2
C00606939,2272018.0,25,2018,27,2
C00606939,2172018.0,5,2018,17,2
C00606939,2212018.0,10,2018,21,2
C00606939,2212018.0,2,2018,21,2
C00606939,2272018.0,25,2018,27,2
C00606939,2022018.0,1000,2018,02,2
C00606939,2092018.0,50,2018,09,2
C00606939,2182018.0,15,2018,18,2
C00606939,2052018.0,50,2018,05,2
C00606939,2092018.0,5,2018,09,2
C00606939,2242018.0,1,2018,24,2
C00606939,2252018.0,25,2018,25,2
C00606939,2192018.0,250,2018,19,2
C00606939,2182018.0,50,2018,18,2
C00606939,2192018.0,100,2018,19,2
C00606939,2202018.0,35,2018,20,2
C00606939,2192018.0,250,2018,19,2
C00606939,2232018.0,6,2018,23,2
C00606939,2282018.0,100,2018,28,2
C00606939,2182018.0,500,2018,18,2
C00606939,2062018.0,3,2018,06,2
C00606939,2132018.0,25,2018,13,2
C00606939,2162018.0,35,2018,16,2
C00606939,2172018.0,10,2018,17,2
C00606939,2202018.0,25,2018,20,2
C00606939,2202018.0,5,2018,20,2
C00606939,2232018.0,250,2018,23,2
C00606939,2222018.0,25,2018,22,2
C00606939,2162018.0,25,2018,16,2
C00606939,2242018.0,50,2018,24,2
C00606939,2242018.0,10,2018,24,2
C00606939,2042018.0,50,2018,04,2
C00606939,2052018.0,25,2018,05,2
C00606939,2102018.0,5,2018,10,2
C00606939,2042018.0,25,2018,04,2
C00606939,2192018.0,50,2018,19,2
C00606939,2192018.0,10,2018,19,2
C00606939,2202018.0,500,2018,20,2
C00606939,2112018.0,50,2018,11,2
C00606939,2212018.0,25,2018,21,2
C00606939,2232018.0,15,2018,23,2
C00606939,2232018.0,250,2018,23,2
C00606939,2122018.0,5,2018,12,2
C00606939,2152018.0,25,2018,15,2
C00606939,2172018.0,100,2018,17,2
C00606939,2182018.0,5,2018,18,2
C00606939,2262018.0,5,2018,26,2
C00606939,2072018.0,1,2018,07,2
C00606939,2102018.0,25,2018,10,2
C00606939,2282018.0,25,2018,28,2
C00606939,2052018.0,250,2018,05,2
C00606939,2082018.0,50,2018,08,2
C00606939,2012018.0,35,2018,01,2
C00606939,2262018.0,100,2018,26,2
C00606939,2232018.0,50,2018,23,2
C00606939,2162018.0,2700,2018,16,2
C00606939,2222018.0,250,2018,22,2
C00606939,2272018.0,25,2018,27,2
C00606939,2222018.0,15,2018,22,2
C00606939,2282018.0,20,2018,28,2
C00606939,2282018.0,5,2018,28,2
C00606939,2282018.0,30,2018,28,2
C00606939,2152018.0,25,2018,15,2
C00606939,2192018.0,15,2018,19,2
C00606939,2202018.0,2000,2018,20,2
C00606939,2202018.0,5,2018,20,2
C00606939,2172018.0,1000,2018,17,2
C00606939,2102018.0,25,2018,10,2
C00606939,2232018.0,250,2018,23,2
C00606939,2252018.0,500,2018,25,2
C00606939,2242018.0,25,2018,24,2
C00606939,2262018.0,15,2018,26,2
C00606939,2282018.0,25,2018,28,2
C00606939,2082018.0,15,2018,08,2
C00606939,2072018.0,25,2018,07,2
C00606939,2262018.0,250,2018,26,2
C00606939,2282018.0,10,2018,28,2
C00606939,2202018.0,25,2018,20,2
C00606939,2222018.0,2700,2018,22,2
C00606939,2232018.0,50,2018,23,2
C00606939,2022018.0,10,2018,02,2
C00606939,2282018.0,1000,2018,28,2
C00606939,2062018.0,20,2018,06,2
C00606939,2102018.0,25,2018,10,2
C00606939,2172018.0,5,2018,17,2
C00606939,2142018.0,20,2018,14,2
C00606939,2232018.0,35,2018,23,2
C00606939,2262018.0,50,2018,26,2
C00606939,2132018.0,50,2018,13,2
C00606939,2182018.0,500,2018,18,2
C00606939,2212018.0,25,2018,21,2
C00606939,2232018.0,25,2018,23,2
C00606939,2232018.0,250,2018,23,2
C00606939,2042018.0,25,2018,04,2
C00606939,2122018.0,1,2018,12,2
C00606939,2172018.0,25,2018,17,2
C00606939,2182018.0,50,2018,18,2
C00606939,2182018.0,10,2018,18,2
C00606939,2122018.0,1000,2018,12,2
C00606939,2202018.0,25,2018,20,2
C00606939,2092018.0,5,2018,09,2
C00606939,2052018.0,100,2018,05,2
C00606939,2202018.0,225,2018,20,2
C00606939,2132018.0,35,2018,13,2
C00606939,2022018.0,100,2018,02,2
C00606939,2072018.0,25,2018,07,2
C00606939,2012018.0,10,2018,01,2
C00606939,2022018.0,50,2018,02,2
C00606939,2152018.0,50,2018,15,2
C00606939,2172018.0,100,2018,17,2
C00606939,2072018.0,0,2018,07,2
C00606939,2182018.0,25,2018,18,2
C00606939,2042018.0,6,2018,04,2
C00606939,2122018.0,250,2018,12,2
C00606939,2152018.0,100,2018,15,2
C00606939,2142018.0,250,2018,14,2
C00606939,2152018.0,250,2018,15,2
C00606939,2082018.0,50,2018,08,2
C00606939,2102018.0,25,2018,10,2
C00606939,2072018.0,10,2018,07,2
C00606939,2082018.0,3,2018,08,2
C00606939,2052018.0,25,2018,05,2
C00606939,2062018.0,50,2018,06,2
C00606939,2092018.0,400,2018,09,2
C00606939,2122018.0,500,2018,12,2
C00606939,2282018.0,6,2018,28,2
C00606939,2132018.0,50,2018,13,2
C00606939,2212018.0,500,2018,21,2
C00606939,2022018.0,50,2018,02,2
C00606939,2032018.0,425,2018,03,2
C00606939,2152018.0,100,2018,15,2
C00606939,2122018.0,50,2018,12,2
C00606939,2072018.0,25,2018,07,2
C00606939,2112018.0,200,2018,11,2
C00606939,2022018.0,1000,2018,02,2
C00606939,2212018.0,1,2018,21,2
C00606939,2192018.0,15,2018,19,2
C00606939,2202018.0,2000,2018,20,2
C00606939,2202018.0,5,2018,20,2
C00606939,2222018.0,300,2018,22,2
C00606939,2072018.0,100,2018,07,2
C00606939,2102018.0,50,2018,10,2
C00606939,2212018.0,35,2018,21,2
C00606939,2102018.0,30,2018,10,2
C00606939,2102018.0,200,2018,10,2
C00606939,2172018.0,50,2018,17,2
C00606939,2182018.0,25,2018,18,2
C00606939,2022018.0,10,2018,02,2
C00606939,2122018.0,7,2018,12,2
C00606939,2052018.0,25,2018,05,2
C00606939,2102018.0,15,2018,10,2
C00606939,2102018.0,16,2018,10,2
C00606939,2202018.0,1,2018,20,2
C00606939,2222018.0,100,2018,22,2
C00606939,2252018.0,7,2018,25,2
C00606939,2262018.0,50,2018,26,2
C00606939,2122018.0,5,2018,12,2
C00606939,2172018.0,100,2018,17,2
C00606939,2192018.0,20,2018,19,2
C00606939,2042018.0,5,2018,04,2
C00606939,2032018.0,5,2018,03,2
C00606939,2132018.0,25,2018,13,2
C00606939,2232018.0,50,2018,23,2
C00606939,2152018.0,25,2018,15,2
C00606939,2082018.0,25,2018,08,2
C00606939,2232018.0,250,2018,23,2
C00606939,2172018.0,10,2018,17,2
C00606939,2282018.0,10,2018,28,2
C00606939,2252018.0,200,2018,25,2
C00606939,2212018.0,25,2018,21,2
C00606939,2222018.0,1000,2018,22,2
C00606939,2112018.0,25,2018,11,2
C00606939,2132018.0,50,2018,13,2
C00606939,2022018.0,100,2018,02,2
C00606939,2222018.0,50,2018,22,2
C00606939,2162018.0,1000,2018,16,2
C00606939,2162018.0,2700,2018,16,2
C00606939,2222018.0,400,2018,22,2
C00606939,2112018.0,50,2018,11,2
C00606939,2082018.0,50,2018,08,2
C00606939,2132018.0,25,2018,13,2
C00606939,2162018.0,1,2018,16,2
C00606939,2082018.0,25,2018,08,2
C00606939,2172018.0,15,2018,17,2
C00606939,2092018.0,10,2018,09,2
C00606939,2092018.0,25,2018,09,2
C00606939,2092018.0,25,2018,09,2
C00606939,2132018.0,25,2018,13,2
C00606939,2162018.0,50,2018,16,2
C00606939,2202018.0,300,2018,20,2
C00606939,2132018.0,25,2018,13,2
C00606939,2182018.0,25,2018,18,2
C00606939,2072018.0,250,2018,07,2
C00606939,2072018.0,10,2018,07,2
C00606939,2142018.0,50,2018,14,2
C00606939,2082018.0,5,2018,08,2
C00606939,2262018.0,100,2018,26,2
C00606939,2152018.0,50,2018,15,2
C00606939,2132018.0,12,2018,13,2
C00606939,2182018.0,25,2018,18,2
C00606939,2242018.0,25,2018,24,2
C00606939,2232018.0,15,2018,23,2
C00606939,2162018.0,100,2018,16,2
C00606939,2282018.0,500,2018,28,2
C00606939,2282018.0,100,2018,28,2
C00606939,2062018.0,10,2018,06,2
C00606939,2092018.0,10,2018,09,2
C00606939,2192018.0,50,2018,19,2
C00606939,2162018.0,50,2018,16,2
C00606939,2082018.0,50,2018,08,2
C00606939,2062018.0,50,2018,06,2
C00606939,2192018.0,2700,2018,19,2
C00606939,2282018.0,50,2018,28,2
C00606939,2082018.0,35,2018,08,2
C00606939,2222018.0,50,2018,22,2
C00606939,2062018.0,100,2018,06,2
C00606939,2052018.0,10,2018,05,2
C00606939,2102018.0,50,2018,10,2
C00606939,2092018.0,25,2018,09,2
C00606939,2112018.0,35,2018,11,2
C00606939,2032018.0,10,2018,03,2
C00606939,2152018.0,6,2018,15,2
C00606939,2192018.0,70,2018,19,2
C00606939,2172018.0,25,2018,17,2
C00606939,2102018.0,25,2018,10,2
C00606939,2122018.0,17,2018,12,2
C00606939,2052018.0,50,2018,05,2
C00606939,2082018.0,50,2018,08,2
C00606939,2272018.0,20,2018,27,2
C00606939,2172018.0,1000,2018,17,2
C00606939,2272018.0,100,2018,27,2
C00606939,2282018.0,10,2018,28,2
C00606939,2262018.0,100,2018,26,2
C00606939,2182018.0,16,2018,18,2
C00606939,2082018.0,100,2018,08,2
C00606939,2092018.0,50,2018,09,2
C00606939,2082018.0,15,2018,08,2
C00606939,2152018.0,16,2018,15,2
C00606939,2142018.0,1,2018,14,2
C00606939,2282018.0,15,2018,28,2
C00606939,2012018.0,10,2018,01,2
C00606939,2052018.0,200,2018,05,2
C00606939,2062018.0,50,2018,06,2
C00606939,2172018.0,25,2018,17,2
C00606939,2202018.0,105,2018,20,2
C00606939,2062018.0,1000,2018,06,2
C00606939,2052018.0,10,2018,05,2
C00606939,2032018.0,100,2018,03,2
C00606939,2112018.0,5,2018,11,2
C00606939,2052018.0,2700,2018,05,2
C00606939,2222018.0,5,2018,22,2
C00606939,2232018.0,20,2018,23,2
C00606939,2232018.0,100,2018,23,2
C00606939,2052018.0,50,2018,05,2
C00606939,2132018.0,25,2018,13,2
C00606939,2152018.0,100,2018,15,2
C00606939,2202018.0,100,2018,20,2
C00606939,2192018.0,100,2018,19,2
C00606939,2202018.0,1,2018,20,2
C00606939,2222018.0,1,2018,22,2
C00606939,2042018.0,75,2018,04,2
C00606939,2222018.0,400,2018,22,2
C00606939,2282018.0,5,2018,28,2
C00606939,2242018.0,5,2018,24,2
C00606939,2282018.0,10,2018,28,2
C00606939,2282018.0,8,2018,28,2
C00606939,2072018.0,250,2018,07,2
C00606939,2022018.0,25,2018,02,2
C00606939,2212018.0,200,2018,21,2
C00606939,2212018.0,50,2018,21,2
C00606939,2242018.0,500,2018,24,2
C00606939,2042018.0,500,2018,04,2
C00606939,2232018.0,25,2018,23,2
C00606939,2282018.0,25,2018,28,2
C00606939,2122018.0,250,2018,12,2
C00606939,2152018.0,100,2018,15,2
C00606939,2142018.0,250,2018,14,2
C00606939,2082018.0,3,2018,08,2
C00606939,2032018.0,50,2018,03,2
C00606939,2272018.0,200,2018,27,2
C00606939,2182018.0,25,2018,18,2
C00606939,2132018.0,25,2018,13,2
C00606939,2262018.0,250,2018,26,2
C00606939,2272018.0,20,2018,27,2
C00606939,2122018.0,100,2018,12,2
C00606939,2102018.0,11,2018,10,2
C00606939,2222018.0,250,2018,22,2
C00606939,2282018.0,1,2018,28,2
C00606939,2202018.0,100,2018,20,2
C00606939,2032018.0,50,2018,03,2
C00606939,2202018.0,100,2018,20,2
C00606939,2122018.0,50,2018,12,2
C00606939,2122018.0,50,2018,12,2
C00606939,2162018.0,2700,2018,16,2
C00606939,2152018.0,2700,2018,15,2
C00606939,2112018.0,2700,2018,11,2
C00606939,2202018.0,100,2018,20,2
C00606939,2222018.0,10,2018,22,2
C00606939,2162018.0,500,2018,16,2
C00606939,2062018.0,1000,2018,06,2
C00606939,2042018.0,10,2018,04,2
C00606939,2192018.0,250,2018,19,2
C00606939,2122018.0,1,2018,12,2
C00606939,2182018.0,50,2018,18,2
C00606939,2172018.0,25,2018,17,2
C00606939,2182018.0,10,2018,18,2
C00606939,2122018.0,1000,2018,12,2
C00606939,2162018.0,70,2018,16,2
C00606939,2232018.0,6,2018,23,2
C00606939,2212018.0,15,2018,21,2
C00606939,2232018.0,30,2018,23,2
C00606939,2202018.0,100,2018,20,2
C00606939,2082018.0,1,2018,08,2
C00606939,2112018.0,10,2018,11,2
C00606939,2092018.0,5,2018,09,2
C00606939,2012018.0,50,2018,01,2
C00606939,2202018.0,25,2018,20,2
C00606939,2192018.0,5,2018,19,2
C00606939,2222018.0,2700,2018,22,2
C00606939,2082018.0,20,2018,08,2
C00606939,2282018.0,25,2018,28,2
C00606939,2112018.0,10,2018,11,2
C00606939,2122018.0,100,2018,12,2
C00494229,2012018.0,2700,2018,01,2
C00494229,2012018.0,300,2018,01,2
C00494229,2222018.0,1500,2018,22,2
C00494229,2262018.0,60,2018,26,2
C00494229,2162018.0,25,2018,16,2
C00494229,2222018.0,15,2018,22,2
C00494229,2262018.0,50,2018,26,2
C00494229,2222018.0,-2300,2018,22,2
C00494229,2222018.0,2300,2018,22,2
C00494229,2222018.0,250,2018,22,2
C00494229,2052018.0,250,2018,05,2
C00494229,2282018.0,1000,2018,28,2
C00494229,2152018.0,5400,2018,15,2
C00494229,2152018.0,-2700,2018,15,2
C00494229,2152018.0,2700,2018,15,2
C00494229,2222018.0,5000,2018,22,2
C00494229,2252018.0,500,2018,25,2
C00494229,2082018.0,5400,2018,08,2
C00494229,2082018.0,-500,2018,08,2
C00494229,2082018.0,500,2018,08,2
C00494229,2082018.0,2700,2018,08,2
C00494229,2152018.0,-2300,2018,15,2
C00494229,2152018.0,2300,2018,15,2
C00494229,2222018.0,350,2018,22,2
C00494229,2252018.0,1000,2018,25,2
C00494229,2222018.0,1000,2018,22,2
C00494229,2282018.0,5000,2018,28,2
C00494229,2282018.0,-2300,2018,28,2
C00494229,2282018.0,2700,2018,28,2
C00494229,2282018.0,2500,2018,28,2
C00494229,2282018.0,1000,2018,28,2
C00494229,2222018.0,500,2018,22,2
C00494229,2192018.0,25,2018,19,2
C00494229,2152018.0,1000,2018,15,2
C00494229,2192018.0,100,2018,19,2
C00494229,2082018.0,1000,2018,08,2
C00494229,2282018.0,500,2018,28,2
C00494229,2222018.0,1000,2018,22,2
C00494229,2282018.0,500,2018,28,2
C00494229,2282018.0,2700,2018,28,2
C00494229,2152018.0,2000,2018,15,2
C00494229,2162018.0,-2700,2018,16,2
C00494229,2162018.0,2700,2018,16,2
C00494229,2162018.0,2700,2018,16,2
C00494229,2282018.0,1000,2018,28,2
C00494229,2232018.0,50,2018,23,2
C00494229,2222018.0,25,2018,22,2
C00494229,2222018.0,100,2018,22,2
C00494229,2282018.0,500,2018,28,2
C00494229,2222018.0,250,2018,22,2
C00494229,2222018.0,50,2018,22,2
C00494229,2152018.0,250,2018,15,2
C00494229,2162018.0,50,2018,16,2
C00494229,2252018.0,500,2018,25,2
C00494229,2192018.0,100,2018,19,2
C00494229,2252018.0,500,2018,25,2
C00494229,2252018.0,500,2018,25,2
C00494229,2172018.0,500,2018,17,2
C00494229,2282018.0,500,2018,28,2
C00494229,2282018.0,5,2018,28,2
C00494229,2262018.0,50,2018,26,2
C00494229,2262018.0,250,2018,26,2
C00494229,2282018.0,500,2018,28,2
C00494229,2252018.0,1000,2018,25,2
C00494229,2222018.0,250,2018,22,2
C00494229,2252018.0,500,2018,25,2
C00494229,2082018.0,1000,2018,08,2
C00494229,2222018.0,250,2018,22,2
C00494229,2222018.0,2700,2018,22,2
C00494229,2282018.0,500,2018,28,2
C00494229,2282018.0,2000,2018,28,2
C00494229,2282018.0,500,2018,28,2
C00494229,2262018.0,250,2018,26,2
C00494229,2152018.0,1000,2018,15,2
C00494229,2152018.0,50,2018,15,2
C00494229,2152018.0,500,2018,15,2
C00494229,2092018.0,25,2018,09,2
C00494229,2222018.0,-2300,2018,22,2
C00494229,2222018.0,2300,2018,22,2
C00494229,2282018.0,1000,2018,28,2
C00494229,2222018.0,500,2018,22,2
C00494229,2172018.0,100,2018,17,2
C00494229,2082018.0,2500,2018,08,2
C00494229,2222018.0,500,2018,22,2
C00494229,2282018.0,1000,2018,28,2
C00494229,2252018.0,250,2018,25,2
C00494229,2222018.0,50,2018,22,2
C00494229,2192018.0,250,2018,19,2
C00494229,2222018.0,100,2018,22,2
C00494229,2282018.0,-2300,2018,28,2
C00494229,2282018.0,2300,2018,28,2
C00494229,2252018.0,5000,2018,25,2
C00494229,2252018.0,2300,2018,25,2
C00494229,2252018.0,-2300,2018,25,2
C00494229,2222018.0,50,2018,22,2
C00494229,2282018.0,1000,2018,28,2
C00494229,2252018.0,500,2018,25,2
C00494229,2082018.0,500,2018,08,2
C00494229,2222018.0,100,2018,22,2
C00494229,2152018.0,250,2018,15,2
C00494229,2282018.0,1000,2018,28,2
C00494229,2162018.0,50,2018,16,2
C00494229,2152018.0,1000,2018,15,2
C00494229,2202018.0,200,2018,20,2
C00494229,2262018.0,100,2018,26,2
C00494229,2222018.0,500,2018,22,2
C00494229,2152018.0,75,2018,15,2
C00494229,2222018.0,500,2018,22,2
C00494229,2152018.0,1000,2018,15,2
C00494229,2282018.0,500,2018,28,2
C00494229,2282018.0,250,2018,28,2
C00494229,2252018.0,1000,2018,25,2
C00494229,2222018.0,75,2018,22,2
C00494229,2282018.0,500,2018,28,2
C00494229,2282018.0,500,2018,28,2
C00494229,2172018.0,1000,2018,17,2
C00494229,2252018.0,500,2018,25,2
C00494229,2202018.0,30,2018,20,2
C00494229,2282018.0,500,2018,28,2
C00494229,2162018.0,200,2018,16,2
C00494229,2082018.0,2700,2018,08,2
C00494229,2152018.0,50,2018,15,2
C00494229,2222018.0,200,2018,22,2
C00494229,2282018.0,1000,2018,28,2
C00494229,2152018.0,100,2018,15,2
C00494229,2282018.0,500,2018,28,2
C00494229,2282018.0,1000,2018,28,2
C00494229,2152018.0,250,2018,15,2
C00494229,2252018.0,500,2018,25,2
C00494229,2282018.0,2500,2018,28,2
C00494229,2222018.0,50,2018,22,2
C00494229,2282018.0,1000,2018,28,2
C00494229,2202018.0,100,2018,20,2
C00494229,2152018.0,1000,2018,15,2
C00494229,2252018.0,1000,2018,25,2
C00494229,2082018.0,500,2018,08,2
C00494229,2222018.0,1000,2018,22,2
C00494229,2222018.0,500,2018,22,2
C00494229,2222018.0,25,2018,22,2
C00494229,2282018.0,500,2018,28,2
C00494229,2222018.0,2500,2018,22,2
C00494229,2252018.0,500,2018,25,2
C00494229,2052018.0,100,2018,05,2
C00494229,2282018.0,1000,2018,28,2
C00494229,2282018.0,1000,2018,28,2
C00494229,2082018.0,1000,2018,08,2
C00494229,2152018.0,500,2018,15,2
C00494229,2282018.0,500,2018,28,2
C00494229,2282018.0,5000,2018,28,2
C00494229,2222018.0,100,2018,22,2
C00494229,2062018.0,250,2018,06,2
C00494229,2282018.0,25,2018,28,2
C00494229,2282018.0,1000,2018,28,2
C00494229,2282018.0,500,2018,28,2
C00494229,2282018.0,500,2018,28,2
C00494229,2012018.0,500,2018,01,2
C00494229,2222018.0,200,2018,22,2
C00494229,2222018.0,100,2018,22,2
C00494229,2202018.0,25,2018,20,2
C00494229,2282018.0,1000,2018,28,2
C00494229,2192018.0,100,2018,19,2
C00494229,2152018.0,2500,2018,15,2
C00494229,2282018.0,250,2018,28,2
C00494229,2282018.0,500,2018,28,2
C00494229,2082018.0,500,2018,08,2
C00494229,2252018.0,250,2018,25,2
C00494229,2202018.0,100,2018,20,2
C00494229,2282018.0,2000,2018,28,2
C00494229,2082018.0,1000,2018,08,2
C00494229,2252018.0,500,2018,25,2
C00494229,2262018.0,150,2018,26,2
C00494229,2062018.0,250,2018,06,2
C00494229,2222018.0,250,2018,22,2
C00494229,2222018.0,-2700,2018,22,2
C00494229,2222018.0,2700,2018,22,2
C00494229,2262018.0,100,2018,26,2
C00494229,2222018.0,250,2018,22,2
C00494229,2202018.0,100,2018,20,2
C00494229,2182018.0,250,2018,18,2
C00494229,2222018.0,5000,2018,22,2
C00494229,2082018.0,500,2018,08,2
C00494229,2282018.0,500,2018,28,2
C00494229,2252018.0,5000,2018,25,2
C00494229,2252018.0,2300,2018,25,2
C00494229,2252018.0,-2300,2018,25,2
C00494229,2152018.0,100,2018,15,2
C00494229,2162018.0,25,2018,16,2
C00494229,2282018.0,500,2018,28,2
C00494229,2282018.0,500,2018,28,2
C00494229,2282018.0,500,2018,28,2
C00494229,2152018.0,1500,2018,15,2
C00494229,2282018.0,1000,2018,28,2
C00494229,2282018.0,500,2018,28,2
C00494229,2282018.0,500,2018,28,2
C00494229,2282018.0,500,2018,28,2
C00494229,2152018.0,5000,2018,15,2
C00494229,2282018.0,2300,2018,28,2
C00494229,2222018.0,5400,2018,22,2
C00494229,2192018.0,100,2018,19,2
C00494229,2232018.0,200,2018,23,2
C00494229,2082018.0,500,2018,08,2
C00494229,2222018.0,5000,2018,22,2
C00494229,2222018.0,-2300,2018,22,2
C00494229,2222018.0,2300,2018,22,2
C00494229,2222018.0,50,2018,22,2
C00494229,2082018.0,2000,2018,08,2
C00494229,2252018.0,2700,2018,25,2
C00494229,2202018.0,25,2018,20,2
C00494229,2082018.0,500,2018,08,2
C00494229,2082018.0,-2700,2018,08,2
C00494229,2222018.0,2700,2018,22,2
C00494229,2222018.0,-2700,2018,22,2
C00494229,2222018.0,2700,2018,22,2
C00494229,2252018.0,5400,2018,25,2
C00494229,2252018.0,-2700,2018,25,2
C00494229,2252018.0,2700,2018,25,2
C00494229,2282018.0,1000,2018,28,2
C00494229,2152018.0,25,2018,15,2
C00494229,2192018.0,100,2018,19,2
C00494229,2282018.0,500,2018,28,2
C00494229,2232018.0,250,2018,23,2
C00494229,2062018.0,250,2018,06,2
C00494229,2222018.0,1000,2018,22,2
C00494229,2012018.0,2700,2018,01,2
C00494229,2162018.0,2700,2018,16,2
C00494229,2162018.0,-2700,2018,16,2
C00494229,2082018.0,1000,2018,08,2
C00494229,2282018.0,-2300,2018,28,2
C00494229,2012018.0,300,2018,01,2
C00494229,2152018.0,500,2018,15,2
C00494229,2282018.0,2300,2018,28,2
C00494229,2082018.0,5400,2018,08,2
C00494229,2082018.0,-500,2018,08,2
C00494229,2162018.0,-2700,2018,16,2
C00494229,2162018.0,2700,2018,16,2
C00548289,2072018.0,5400,2018,07,2
C00548289,2062018.0,2700,2018,06,2
C00548289,2072018.0,2700,2018,07,2
C00548289,2072018.0,5000,2018,07,2
C00431304,2222018.0,133,2018,22,2
C00431056,2192018.0,250,2018,19,2
C00431056,2072018.0,1000,2018,07,2
C00431056,2222018.0,100,2018,22,2
C00431056,2222018.0,100,2018,22,2
C00431056,2132018.0,55,2018,13,2
C00431056,2012018.0,100,2018,01,2
C00431056,2202018.0,15,2018,20,2
C00431056,2072018.0,20,2018,07,2
C00431056,2262018.0,100,2018,26,2
C00431056,2202018.0,200,2018,20,2
C00431056,2182018.0,10,2018,18,2
C00431056,2282018.0,25,2018,28,2
C00431056,2192018.0,50,2018,19,2
C00431056,2222018.0,500,2018,22,2
C00431056,2042018.0,25,2018,04,2
C00431056,2202018.0,5,2018,20,2
C00431056,2212018.0,2700,2018,21,2
C00431056,2202018.0,3,2018,20,2
C00431056,2222018.0,50,2018,22,2
C00431056,2102018.0,5,2018,10,2
C00431056,2232018.0,25,2018,23,2
C00431056,2062018.0,25,2018,06,2
C00431056,2222018.0,30,2018,22,2
C00431056,2122018.0,200,2018,12,2
C00431056,2132018.0,2700,2018,13,2
C00431056,2082018.0,10,2018,08,2
C00431056,2062018.0,200,2018,06,2
C00431056,2262018.0,50,2018,26,2
C00431056,2282018.0,50,2018,28,2
C00431056,2062018.0,250,2018,06,2
C00431056,2282018.0,15,2018,28,2
C00431056,2082018.0,30,2018,08,2
C00431056,2222018.0,50,2018,22,2
C00431056,2272018.0,10,2018,27,2
C00431056,2182018.0,15,2018,18,2
C00431056,2202018.0,500,2018,20,2
C00431056,2222018.0,50,2018,22,2
C00431056,2202018.0,2400,2018,20,2
C00431056,2032018.0,100,2018,03,2
C00431056,2062018.0,500,2018,06,2
C00431056,2082018.0,25,2018,08,2
C00431056,2142018.0,25,2018,14,2
C00431056,2192018.0,500,2018,19,2
C00431056,2122018.0,40,2018,12,2
C00431056,2072018.0,3,2018,07,2
C00431056,2072018.0,2,2018,07,2
C00431056,2062018.0,20,2018,06,2
C00431056,2082018.0,2,2018,08,2
C00431056,2132018.0,25,2018,13,2
C00431056,2182018.0,5,2018,18,2
C00431056,2282018.0,100,2018,28,2
C00431056,2112018.0,1000,2018,11,2
C00431056,2242018.0,3,2018,24,2
C00431056,2242018.0,2,2018,24,2
C00431056,2252018.0,2,2018,25,2
C00431056,2262018.0,1,2018,26,2
C00431056,2262018.0,2,2018,26,2
C00431056,2012018.0,25,2018,01,2
C00431056,2132018.0,5,2018,13,2
C00431056,2072018.0,250,2018,07,2
C00431056,2192018.0,100,2018,19,2
C00431056,2222018.0,50,2018,22,2
C00431056,2082018.0,5,2018,08,2
C00431056,2122018.0,250,2018,12,2
C00431056,2192018.0,100,2018,19,2
C00431056,2212018.0,250,2018,21,2
C00431056,2262018.0,2,2018,26,2
C00431056,2272018.0,2,2018,27,2
C00431056,2282018.0,25,2018,28,2
C00431056,2182018.0,75,2018,18,2
C00431056,2132018.0,70,2018,13,2
C00431056,2272018.0,10,2018,27,2
C00431056,2272018.0,100,2018,27,2
C00431056,2272018.0,15,2018,27,2
C00431056,2272018.0,35,2018,27,2
C00431056,2262018.0,80,2018,26,2
C00431056,2072018.0,75,2018,07,2
C00431056,2202018.0,10,2018,20,2
C00431056,2242018.0,25,2018,24,2
C00431056,2282018.0,25,2018,28,2
C00431056,2252018.0,10,2018,25,2
C00431056,2202018.0,1500,2018,20,2
C00431056,2132018.0,500,2018,13,2
C00431056,2212018.0,186,2018,21,2
C00431056,2162018.0,10,2018,16,2
C00431056,2272018.0,5,2018,27,2
C00431056,2202018.0,25,2018,20,2
C00431056,2282018.0,10,2018,28,2
C00431056,2282018.0,25,2018,28,2
C00431056,2282018.0,10,2018,28,2
C00431056,2222018.0,250,2018,22,2
C00431056,2142018.0,50,2018,14,2
C00431056,2252018.0,50,2018,25,2
C00431056,2222018.0,500,2018,22,2
C00431056,2272018.0,25,2018,27,2
C00431056,2162018.0,25,2018,16,2
C00431056,2222018.0,50,2018,22,2
C00431056,2082018.0,35,2018,08,2
C00431056,2172018.0,40,2018,17,2
C00431056,2242018.0,5,2018,24,2
C00431056,2252018.0,25,2018,25,2
C00431056,2272018.0,60,2018,27,2
C00431056,2212018.0,20,2018,21,2
C00431056,2232018.0,25,2018,23,2
C00431056,2012018.0,25,2018,01,2
C00431056,2282018.0,600,2018,28,2
C00431056,2112018.0,30,2018,11,2
C00431056,2182018.0,25,2018,18,2
C00431056,2122018.0,50,2018,12,2
C00431056,2062018.0,10,2018,06,2
C00431056,2282018.0,250,2018,28,2
C00431056,2222018.0,1000,2018,22,2
C00431056,2072018.0,10,2018,07,2
C00431056,2012018.0,25,2018,01,2
C00431056,2092018.0,20,2018,09,2
C00431056,2182018.0,100,2018,18,2
C00431056,2042018.0,10,2018,04,2
C00431056,2032018.0,10,2018,03,2
C00431056,2072018.0,300,2018,07,2
C00431056,2282018.0,25,2018,28,2
C00431056,2242018.0,10,2018,24,2
C00431056,2192018.0,1000,2018,19,2
C00431056,2152018.0,25,2018,15,2
C00431056,2132018.0,250,2018,13,2
C00431056,2072018.0,25,2018,07,2
C00431056,2262018.0,500,2018,26,2
C00431056,2062018.0,100,2018,06,2
C00431056,2202018.0,500,2018,20,2
C00431056,2102018.0,5,2018,10,2
C00431056,2172018.0,5,2018,17,2
C00431056,2222018.0,150,2018,22,2
C00431056,2222018.0,250,2018,22,2
C00431056,2232018.0,2000,2018,23,2
C00431056,2172018.0,25,2018,17,2
C00431056,2242018.0,2300,2018,24,2
C00431056,2162018.0,500,2018,16,2
C00431056,2062018.0,2500,2018,06,2
C00431056,2152018.0,1000,2018,15,2
C00431056,2072018.0,25,2018,07,2
C00431056,2192018.0,100,2018,19,2
C00431056,2052018.0,500,2018,05,2
C00431056,2102018.0,25,2018,10,2
C00431056,2062018.0,80,2018,06,2
C00431056,2132018.0,100,2018,13,2
C00431056,2132018.0,10,2018,13,2
C00431056,2232018.0,10,2018,23,2
C00431056,2202018.0,10,2018,20,2
C00431056,2042018.0,15,2018,04,2
C00431056,2122018.0,25,2018,12,2
C00431056,2202018.0,2400,2018,20,2
C00431056,2282018.0,5,2018,28,2
C00431056,2242018.0,40,2018,24,2
C00431056,2062018.0,25,2018,06,2
C00431056,2022018.0,1000,2018,02,2
C00431056,2062018.0,50,2018,06,2
C00431056,2222018.0,25,2018,22,2
C00431056,2042018.0,50,2018,04,2
C00431056,2182018.0,25,2018,18,2
C00431056,2152018.0,50,2018,15,2
C00431056,2172018.0,25,2018,17,2
C00431056,2212018.0,25,2018,21,2
C00431056,2282018.0,50,2018,28,2
C00431056,2212018.0,50,2018,21,2
C00431056,2152018.0,10,2018,15,2
C00431056,2172018.0,5,2018,17,2
C00431056,2222018.0,25,2018,22,2
C00431056,2092018.0,20,2018,09,2
C00431056,2192018.0,10,2018,19,2
C00431056,2202018.0,5,2018,20,2
C00431056,2282018.0,1000,2018,28,2
C00431056,2222018.0,1000,2018,22,2
C00431056,2142018.0,5,2018,14,2
C00431056,2252018.0,25,2018,25,2
C00431056,2282018.0,200,2018,28,2
C00431056,2282018.0,250,2018,28,2
C00431056,2042018.0,20,2018,04,2
C00431056,2032018.0,50,2018,03,2
C00431056,2062018.0,100,2018,06,2
C00431056,2052018.0,1000,2018,05,2
C00431056,2132018.0,500,2018,13,2
C00431056,2142018.0,40,2018,14,2
C00431056,2272018.0,100,2018,27,2
C00431056,2232018.0,5,2018,23,2
C00431056,2282018.0,2,2018,28,2
C00431056,2232018.0,2600,2018,23,2
C00431056,2282018.0,1000,2018,28,2
C00431056,2092018.0,1000,2018,09,2
C00431056,2222018.0,100,2018,22,2
C00431056,2212018.0,100,2018,21,2
C00431056,2212018.0,100,2018,21,2
C00431056,2212018.0,50,2018,21,2
C00431056,2282018.0,100,2018,28,2
C00431056,2122018.0,25,2018,12,2
C00431056,2192018.0,50,2018,19,2
C00431056,2022018.0,115,2018,02,2
C00431056,2262018.0,5,2018,26,2
C00431056,2282018.0,30,2018,28,2
C00431056,2272018.0,250,2018,27,2
C00431056,2212018.0,100,2018,21,2
C00431056,2052018.0,10,2018,05,2
C00431056,2052018.0,25,2018,05,2
C00431056,2192018.0,25,2018,19,2
C00431056,2262018.0,25,2018,26,2
C00431056,2262018.0,10,2018,26,2
C00431056,2192018.0,10,2018,19,2
C00431056,2232018.0,25,2018,23,2
C00431056,2022018.0,1500,2018,02,2
C00431056,2242018.0,10,2018,24,2
C00431056,2142018.0,25,2018,14,2
C00431056,2232018.0,2700,2018,23,2
C00431056,2182018.0,25,2018,18,2
C00431056,2072018.0,25,2018,07,2
C00431056,2132018.0,14,2018,13,2
C00431056,2082018.0,25,2018,08,2
C00431056,2272018.0,10,2018,27,2
C00431056,2092018.0,400,2018,09,2
C00431056,2022018.0,25,2018,02,2
C00431056,2132018.0,2700,2018,13,2
C00431056,2112018.0,50,2018,11,2
C00431056,2242018.0,40,2018,24,2
C00431056,2122018.0,250,2018,12,2
C00431056,2222018.0,100,2018,22,2
C00431056,2282018.0,150,2018,28,2
C00431056,2032018.0,100,2018,03,2
C00431056,2142018.0,10,2018,14,2
C00431056,2182018.0,10,2018,18,2
C00431056,2202018.0,10,2018,20,2
C00431056,2052018.0,2700,2018,05,2
C00431056,2052018.0,2700,2018,05,2
C00431056,2212018.0,300,2018,21,2
C00431056,2242018.0,50,2018,24,2
C00431056,2062018.0,50,2018,06,2
C00431056,2272018.0,10,2018,27,2
C00431056,2072018.0,50,2018,07,2
C00431056,2082018.0,80,2018,08,2
C00431056,2192018.0,60,2018,19,2
C00431056,2212018.0,15,2018,21,2
C00431056,2222018.0,25,2018,22,2
C00431056,2092018.0,5,2018,09,2
C00431056,2162018.0,1,2018,16,2
C00431056,2172018.0,250,2018,17,2
C00431056,2192018.0,100,2018,19,2
C00431056,2282018.0,50,2018,28,2
C00431056,2222018.0,15,2018,22,2
C00431056,2212018.0,500,2018,21,2
C00431056,2132018.0,1000,2018,13,2
C00431056,2202018.0,3,2018,20,2
C00431056,2122018.0,10,2018,12,2
C00431056,2202018.0,8,2018,20,2
C00431056,2252018.0,8,2018,25,2
C00431056,2032018.0,2,2018,03,2
C00431056,2152018.0,150,2018,15,2
C00431056,2242018.0,25,2018,24,2
C00431056,2282018.0,50,2018,28,2
C00431056,2132018.0,20,2018,13,2
C00431056,2282018.0,350,2018,28,2
C00431056,2282018.0,30,2018,28,2
C00431056,2092018.0,20,2018,09,2
C00431056,2072018.0,100,2018,07,2
C00431056,2192018.0,100,2018,19,2
C00431056,2232018.0,25,2018,23,2
C00431056,2182018.0,25,2018,18,2
C00431056,2132018.0,50,2018,13,2
C00431056,2132018.0,2700,2018,13,2
C00431056,2132018.0,2700,2018,13,2
C00431056,2282018.0,2700,2018,28,2
C00431056,2132018.0,1700,2018,13,2
C00431056,2192018.0,25,2018,19,2
C00431056,2282018.0,20,2018,28,2
C00431056,2132018.0,25,2018,13,2
C00431056,2132018.0,100,2018,13,2
C00431056,2192018.0,150,2018,19,2
C00431056,2072018.0,40,2018,07,2
C00431056,2212018.0,500,2018,21,2
C00431056,2242018.0,200,2018,24,2
C00431056,2162018.0,5,2018,16,2
C00431056,2262018.0,50,2018,26,2
C00431056,2282018.0,10,2018,28,2
C00431056,2192018.0,50,2018,19,2
C00431056,2222018.0,100,2018,22,2
C00431056,2262018.0,500,2018,26,2
C00431056,2222018.0,1000,2018,22,2
C00431056,2262018.0,250,2018,26,2
C00431056,2192018.0,300,2018,19,2
C00431056,2022018.0,100,2018,02,2
C00431056,2052018.0,25,2018,05,2
C00431056,2032018.0,25,2018,03,2
C00431056,2222018.0,30,2018,22,2
C00431056,2162018.0,25,2018,16,2
C00431056,2202018.0,1000,2018,20,2
C00431056,2182018.0,25,2018,18,2
C00431056,2272018.0,25,2018,27,2
C00431056,2192018.0,115,2018,19,2
C00431056,2282018.0,12,2018,28,2
C00431056,2242018.0,25,2018,24,2
C00431056,2122018.0,250,2018,12,2
C00431056,2222018.0,100,2018,22,2
C00431056,2282018.0,1000,2018,28,2
C00431056,2262018.0,26,2018,26,2
C00431056,2172018.0,75,2018,17,2
C00431056,2262018.0,500,2018,26,2
C00431056,2082018.0,25,2018,08,2
C00431056,2192018.0,50,2018,19,2
C00431056,2262018.0,250,2018,26,2
C00431056,2172018.0,25,2018,17,2
C00431056,2272018.0,250,2018,27,2
C00431056,2282018.0,500,2018,28,2
C00431056,2072018.0,40,2018,07,2
C00431056,2062018.0,150,2018,06,2
C00431056,2132018.0,50,2018,13,2
C00431056,2282018.0,50,2018,28,2
C00431056,2052018.0,20,2018,05,2
C00431056,2072018.0,16,2018,07,2
C00431056,2122018.0,24,2018,12,2
C00431056,2252018.0,26,2018,25,2
C00431056,2142018.0,45,2018,14,2
C00431056,2052018.0,300,2018,05,2
C00431056,2282018.0,10,2018,28,2
C00431056,2172018.0,25,2018,17,2
C00431056,2242018.0,25,2018,24,2
C00431056,2042018.0,100,2018,04,2
C00431056,2242018.0,25,2018,24,2
C00431056,2182018.0,25,2018,18,2
C00431056,2122018.0,25,2018,12,2
C00431056,2202018.0,1000,2018,20,2
C00431056,2192018.0,100,2018,19,2
C00431056,2112018.0,10,2018,11,2
C00431056,2282018.0,10,2018,28,2
C00431056,2282018.0,15,2018,28,2
C00431056,2282018.0,100,2018,28,2
C00431056,2232018.0,25,2018,23,2
C00431056,2012018.0,5,2018,01,2
C00431056,2212018.0,25,2018,21,2
C00431056,2012018.0,10,2018,01,2
C00431056,2172018.0,25,2018,17,2
C00431056,2202018.0,100,2018,20,2
C00431056,2282018.0,500,2018,28,2
C00431056,2192018.0,100,2018,19,2
C00431056,2012018.0,50,2018,01,2
C00431056,2192018.0,15,2018,19,2
C00431056,2142018.0,500,2018,14,2
C00431056,2062018.0,125,2018,06,2
C00431056,2282018.0,26,2018,28,2
C00431056,2182018.0,50,2018,18,2
C00431056,2222018.0,15,2018,22,2
C00431056,2222018.0,15,2018,22,2
C00431056,2202018.0,25,2018,20,2
C00431056,2272018.0,80,2018,27,2
C00431056,2282018.0,12,2018,28,2
C00431056,2252018.0,35,2018,25,2
C00431056,2012018.0,10,2018,01,2
C00431056,2212018.0,200,2018,21,2
C00431056,2282018.0,25,2018,28,2
C00431056,2282018.0,50,2018,28,2
C00431056,2122018.0,35,2018,12,2
C00431056,2132018.0,100,2018,13,2
C00431056,2222018.0,250,2018,22,2
C00431056,2222018.0,150,2018,22,2
C00431056,2132018.0,250,2018,13,2
C00431056,2192018.0,500,2018,19,2
C00431056,2222018.0,100,2018,22,2
C00431056,2132018.0,100,2018,13,2
C00431056,2132018.0,250,2018,13,2
C00431056,2102018.0,25,2018,10,2
C00431056,2052018.0,150,2018,05,2
C00431056,2282018.0,500,2018,28,2
C00431056,2272018.0,50,2018,27,2
C00431056,2192018.0,500,2018,19,2
C00431056,2132018.0,500,2018,13,2
C00431056,2212018.0,250,2018,21,2
C00431056,2132018.0,5,2018,13,2
C00431056,2152018.0,10,2018,15,2
C00431056,2172018.0,115,2018,17,2
C00431056,2162018.0,25,2018,16,2
C00431056,2012018.0,36,2018,01,2
C00431056,2182018.0,2,2018,18,2
C00431056,2182018.0,2,2018,18,2
C00431056,2222018.0,10,2018,22,2
C00431056,2202018.0,2,2018,20,2
C00431056,2192018.0,2,2018,19,2
C00431056,2192018.0,2,2018,19,2
C00431056,2132018.0,500,2018,13,2
C00431056,2082018.0,250,2018,08,2
C00431056,2212018.0,25,2018,21,2
C00431056,2242018.0,50,2018,24,2
C00431056,2202018.0,10,2018,20,2
C00431056,2202018.0,100,2018,20,2
C00431056,2222018.0,200,2018,22,2
C00431056,2232018.0,50,2018,23,2
C00431056,2242018.0,40,2018,24,2
C00431056,2242018.0,10,2018,24,2
C00431056,2212018.0,300,2018,21,2
C00431056,2092018.0,15,2018,09,2
C00431056,2172018.0,10,2018,17,2
C00431056,2212018.0,20,2018,21,2
C00431056,2192018.0,100,2018,19,2
C00431056,2232018.0,50,2018,23,2
C00431056,2062018.0,25,2018,06,2
C00431056,2012018.0,680,2018,01,2
C00431056,2012018.0,4300,2018,01,2
C00431056,2212018.0,10,2018,21,2
C00431056,2162018.0,100,2018,16,2
C00431056,2042018.0,50,2018,04,2
C00431056,2242018.0,25,2018,24,2
C00431056,2062018.0,200,2018,06,2
C00431056,2082018.0,25,2018,08,2
C00431056,2282018.0,25,2018,28,2
C00431056,2012018.0,250,2018,01,2
C00431056,2242018.0,5,2018,24,2
C00431056,2282018.0,25,2018,28,2
C00431056,2062018.0,100,2018,06,2
C00431056,2152018.0,100,2018,15,2
C00431056,2262018.0,10,2018,26,2
C00431056,2202018.0,10,2018,20,2
C00431056,2202018.0,2700,2018,20,2
C00431056,2222018.0,200,2018,22,2
C00431056,2272018.0,75,2018,27,2
C00431056,2132018.0,250,2018,13,2
C00431056,2282018.0,10,2018,28,2
C00431056,2212018.0,250,2018,21,2
C00431056,2022018.0,300,2018,02,2
C00431056,2062018.0,100,2018,06,2
C00431056,2272018.0,250,2018,27,2
C00431056,2072018.0,500,2018,07,2
C00431056,2152018.0,5,2018,15,2
C00431056,2282018.0,25,2018,28,2
C00431056,2282018.0,20,2018,28,2
C00431056,2212018.0,500,2018,21,2
C00431056,2082018.0,250,2018,08,2
C00431056,2132018.0,50,2018,13,2
C00431056,2032018.0,25,2018,03,2
C00431056,2152018.0,25,2018,15,2
C00431056,2182018.0,250,2018,18,2
C00431056,2262018.0,500,2018,26,2
C00431056,2232018.0,30,2018,23,2
C00431056,2252018.0,250,2018,25,2
C00431056,2132018.0,55,2018,13,2
C00431056,2012018.0,1340,2018,01,2
C00431056,2012018.0,1360,2018,01,2
C00431056,2132018.0,250,2018,13,2
C00431056,2182018.0,50,2018,18,2
C00431056,2152018.0,25,2018,15,2
C00431056,2252018.0,40,2018,25,2
C00431056,2222018.0,250,2018,22,2
C00431056,2222018.0,200,2018,22,2
C00431056,2232018.0,100,2018,23,2
C00431056,2282018.0,1000,2018,28,2
C00431056,2172018.0,10,2018,17,2
C00431056,2132018.0,30,2018,13,2
C00431056,2232018.0,500,2018,23,2
C00431056,2092018.0,100,2018,09,2
C00431056,2102018.0,10,2018,10,2
C00431056,2272018.0,1500,2018,27,2
C00431056,2242018.0,10,2018,24,2
C00431056,2272018.0,20,2018,27,2
C00431056,2262018.0,5,2018,26,2
C00431056,2142018.0,50,2018,14,2
C00431056,2202018.0,500,2018,20,2
C00431056,2202018.0,2400,2018,20,2
C00431056,2202018.0,1000,2018,20,2
C00431056,2102018.0,200,2018,10,2
C00431056,2212018.0,25,2018,21,2
C00431056,2082018.0,30,2018,08,2
C00431056,2282018.0,50,2018,28,2
C00431056,2132018.0,100,2018,13,2
C00431056,2242018.0,25,2018,24,2
C00431056,2142018.0,25,2018,14,2
C00431056,2182018.0,4,2018,18,2
C00431056,2172018.0,2,2018,17,2
C00431056,2222018.0,5,2018,22,2
C00431056,2042018.0,25,2018,04,2
C00431056,2222018.0,5,2018,22,2
C00431056,2222018.0,250,2018,22,2
C00431056,2222018.0,50,2018,22,2
C00431056,2062018.0,30,2018,06,2
C00431056,2182018.0,50,2018,18,2
C00431056,2052018.0,25,2018,05,2
C00431056,2282018.0,2,2018,28,2
C00431056,2282018.0,20,2018,28,2
C00431056,2282018.0,12,2018,28,2
C00431056,2262018.0,500,2018,26,2
C00431056,2192018.0,50,2018,19,2
C00431056,2172018.0,20,2018,17,2
C00431056,2022018.0,25,2018,02,2
C00431056,2132018.0,1000,2018,13,2
C00431056,2062018.0,200,2018,06,2
C00431056,2052018.0,100,2018,05,2
C00431056,2282018.0,2700,2018,28,2
C00431056,2042018.0,25,2018,04,2
C00431056,2012018.0,5,2018,01,2
C00431056,2132018.0,25,2018,13,2
C00431056,2062018.0,5,2018,06,2
C00431056,2162018.0,10,2018,16,2
C00431056,2232018.0,5,2018,23,2
C00431056,2132018.0,20,2018,13,2
C00431056,2092018.0,50,2018,09,2
C00431056,2242018.0,50,2018,24,2
C00431056,2282018.0,1000,2018,28,2
C00431056,2082018.0,75,2018,08,2
C00431056,2282018.0,15,2018,28,2
C00431056,2012018.0,25,2018,01,2
C00431056,2232018.0,50,2018,23,2
C00431056,2012018.0,25,2018,01,2
C00431056,2132018.0,250,2018,13,2
C00431056,2122018.0,25,2018,12,2
C00431056,2272018.0,500,2018,27,2
C00431056,2012018.0,50,2018,01,2
C00431056,2222018.0,25,2018,22,2
C00431056,2232018.0,135,2018,23,2
C00431056,2282018.0,12,2018,28,2
C00431056,2162018.0,500,2018,16,2
C00431056,2122018.0,50,2018,12,2
C00431056,2172018.0,40,2018,17,2
C00431056,2172018.0,25,2018,17,2
C00431056,2282018.0,50,2018,28,2
C00431056,2062018.0,250,2018,06,2
C00431056,2172018.0,25,2018,17,2
C00431056,2282018.0,10,2018,28,2
C00431056,2192018.0,100,2018,19,2
C00431056,2282018.0,50,2018,28,2
C00431056,2012018.0,100,2018,01,2
C00431056,2222018.0,50,2018,22,2
C00431056,2282018.0,25,2018,28,2
C00431056,2212018.0,250,2018,21,2
C00431056,2272018.0,500,2018,27,2
C00431056,2072018.0,25,2018,07,2
C00431056,2222018.0,50,2018,22,2
C00431056,2012018.0,50,2018,01,2
C00431056,2202018.0,1000,2018,20,2
C00431056,2242018.0,25,2018,24,2
C00431056,2152018.0,25,2018,15,2
C00431056,2172018.0,50,2018,17,2
C00431056,2192018.0,50,2018,19,2
C00431056,2282018.0,50,2018,28,2
C00431056,2052018.0,7,2018,05,2
C00431056,2082018.0,50,2018,08,2
C00431056,2092018.0,1000,2018,09,2
C00431056,2172018.0,25,2018,17,2
C00431056,2102018.0,25,2018,10,2
C00431056,2282018.0,15,2018,28,2
C00431056,2282018.0,21,2018,28,2
C00431056,2202018.0,20,2018,20,2
C00431056,2052018.0,50,2018,05,2
C00431056,2202018.0,25,2018,20,2
C00431056,2242018.0,100,2018,24,2
C00431056,2222018.0,100,2018,22,2
C00431056,2032018.0,10,2018,03,2
C00431056,2092018.0,10,2018,09,2
C00431056,2182018.0,10,2018,18,2
C00431056,2062018.0,50,2018,06,2
C00431056,2202018.0,2700,2018,20,2
C00431056,2142018.0,25,2018,14,2
C00431056,2062018.0,200,2018,06,2
C00431056,2192018.0,18,2018,19,2
C00431056,2132018.0,250,2018,13,2
C00431056,2062018.0,10,2018,06,2
C00431056,2062018.0,25,2018,06,2
C00431056,2062018.0,30,2018,06,2
C00431056,2192018.0,500,2018,19,2
C00431056,2132018.0,250,2018,13,2
C00431056,2272018.0,26,2018,27,2
C00431056,2182018.0,300,2018,18,2
C00431056,2252018.0,25,2018,25,2
C00431056,2062018.0,2700,2018,06,2
C00431056,2212018.0,500,2018,21,2
C00431056,2122018.0,1000,2018,12,2
C00431056,2262018.0,500,2018,26,2
C00431056,2132018.0,250,2018,13,2
C00431056,2262018.0,300,2018,26,2
C00431056,2282018.0,50,2018,28,2
C00431056,2202018.0,50,2018,20,2
C00431056,2022018.0,250,2018,02,2
C00431056,2062018.0,3,2018,06,2
C00431056,2212018.0,50,2018,21,2
C00431056,2182018.0,25,2018,18,2
C00431056,2282018.0,50,2018,28,2
C00431056,2222018.0,25,2018,22,2
C00431056,2132018.0,100,2018,13,2
C00431056,2132018.0,35,2018,13,2
C00431056,2272018.0,10,2018,27,2
C00431056,2182018.0,20,2018,18,2
C00431056,2202018.0,500,2018,20,2
C00431056,2062018.0,100,2018,06,2
C00431056,2232018.0,250,2018,23,2
C00431056,2192018.0,100,2018,19,2
C00431056,2172018.0,11,2018,17,2
C00431056,2222018.0,500,2018,22,2
C00431056,2262018.0,100,2018,26,2
C00431056,2282018.0,2700,2018,28,2
C00431056,2232018.0,25,2018,23,2
C00431056,2172018.0,25,2018,17,2
C00431056,2242018.0,50,2018,24,2
C00431056,2222018.0,1000,2018,22,2
C00431056,2282018.0,25,2018,28,2
C00431056,2212018.0,100,2018,21,2
C00431056,2062018.0,25,2018,06,2
C00431056,2172018.0,25,2018,17,2
C00431056,2102018.0,25,2018,10,2
C00431056,2162018.0,25,2018,16,2
C00431056,2122018.0,20,2018,12,2
C00431056,2052018.0,25,2018,05,2
C00431056,2132018.0,250,2018,13,2
C00431056,2062018.0,100,2018,06,2
C00431056,2222018.0,50,2018,22,2
C00431056,2012018.0,250,2018,01,2
C00431056,2222018.0,1000,2018,22,2
C00431056,2072018.0,15,2018,07,2
C00431056,2062018.0,25,2018,06,2
C00431056,2182018.0,10,2018,18,2
C00431056,2182018.0,75,2018,18,2
C00431056,2132018.0,500,2018,13,2
C00431056,2272018.0,26,2018,27,2
C00431056,2092018.0,25,2018,09,2
C00431056,2132018.0,300,2018,13,2
C00431056,2212018.0,250,2018,21,2
C00431056,2222018.0,250,2018,22,2
C00431056,2032018.0,250,2018,03,2
C00431056,2022018.0,25,2018,02,2
C00431056,2062018.0,250,2018,06,2
C00431056,2242018.0,2300,2018,24,2
C00431056,2012018.0,30,2018,01,2
C00431056,2112018.0,10,2018,11,2
C00431056,2082018.0,250,2018,08,2
C00431056,2272018.0,250,2018,27,2
C00431056,2062018.0,250,2018,06,2
C00431056,2252018.0,25,2018,25,2
C00431056,2052018.0,10,2018,05,2
C00431056,2052018.0,500,2018,05,2
C00431056,2282018.0,200,2018,28,2
C00431056,2212018.0,50,2018,21,2
C00431056,2232018.0,250,2018,23,2
C00431056,2022018.0,50,2018,02,2
C00431056,2012018.0,50,2018,01,2
C00431056,2162018.0,15,2018,16,2
C00431056,2152018.0,15,2018,15,2
C00431056,2152018.0,15,2018,15,2
C00431056,2142018.0,10,2018,14,2
C00431056,2232018.0,25,2018,23,2
C00431056,2062018.0,1000,2018,06,2
C00431056,2062018.0,2,2018,06,2
C00431056,2072018.0,2,2018,07,2
C00431056,2252018.0,50,2018,25,2
C00431056,2132018.0,2,2018,13,2
C00431056,2102018.0,25,2018,10,2
C00431056,2082018.0,2,2018,08,2
C00431056,2102018.0,2,2018,10,2
C00431056,2232018.0,100,2018,23,2
C00431056,2052018.0,100,2018,05,2
C00431056,2132018.0,50,2018,13,2
C00431056,2172018.0,40,2018,17,2
C00431056,2212018.0,25,2018,21,2
C00431056,2092018.0,1000,2018,09,2
C00431056,2182018.0,10,2018,18,2
C00431056,2282018.0,10,2018,28,2
C00431056,2182018.0,20,2018,18,2
C00431056,2232018.0,250,2018,23,2
C00431056,2132018.0,40,2018,13,2
C00431056,2052018.0,100,2018,05,2
C00431056,2232018.0,2700,2018,23,2
C00431056,2222018.0,100,2018,22,2
C00431056,2262018.0,1000,2018,26,2
C00431056,2232018.0,25,2018,23,2
C00431056,2222018.0,1,2018,22,2
C00431056,2252018.0,25,2018,25,2
C00431056,2202018.0,25,2018,20,2
C00431056,2202018.0,250,2018,20,2
C00431056,2212018.0,10,2018,21,2
C00431056,2222018.0,1000,2018,22,2
C00431056,2132018.0,500,2018,13,2
C00431056,2132018.0,20,2018,13,2
C00431056,2132018.0,30,2018,13,2
C00431056,2132018.0,250,2018,13,2
C00431056,2182018.0,25,2018,18,2
C00431056,2202018.0,2400,2018,20,2
C00431056,2132018.0,20,2018,13,2
C00431056,2172018.0,10,2018,17,2
C00431056,2142018.0,25,2018,14,2
C00431056,2192018.0,100,2018,19,2
C00431056,2132018.0,5,2018,13,2
C00431056,2162018.0,25,2018,16,2
C00431056,2282018.0,25,2018,28,2
C00431056,2052018.0,300,2018,05,2
C00431056,2192018.0,35,2018,19,2
C00431056,2062018.0,100,2018,06,2
C00431056,2222018.0,50,2018,22,2
C00431056,2212018.0,50,2018,21,2
C00431056,2212018.0,100,2018,21,2
C00431056,2092018.0,25,2018,09,2
C00431056,2182018.0,20,2018,18,2
C00431056,2052018.0,550,2018,05,2
C00431056,2212018.0,100,2018,21,2
C00431056,2052018.0,25,2018,05,2
C00431056,2282018.0,2700,2018,28,2
C00431056,2212018.0,25,2018,21,2
C00431056,2222018.0,20,2018,22,2
C00431056,2192018.0,2,2018,19,2
C00431056,2132018.0,25,2018,13,2
C00431056,2212018.0,250,2018,21,2
C00431056,2072018.0,250,2018,07,2
C00431056,2242018.0,10,2018,24,2
C00431056,2212018.0,250,2018,21,2
C00431056,2092018.0,25,2018,09,2
C00431056,2112018.0,5,2018,11,2
C00431056,2222018.0,50,2018,22,2
C00431056,2222018.0,50,2018,22,2
C00431056,2132018.0,100,2018,13,2
C00431056,2282018.0,350,2018,28,2
C00431056,2212018.0,100,2018,21,2
C00431056,2092018.0,25,2018,09,2
C00431056,2282018.0,25,2018,28,2
C00431056,2192018.0,10,2018,19,2
C00431056,2252018.0,26,2018,25,2
C00431056,2242018.0,100,2018,24,2
C00431056,2172018.0,25,2018,17,2
C00431056,2132018.0,20,2018,13,2
C00431056,2122018.0,25,2018,12,2
C00431056,2282018.0,2700,2018,28,2
C00431056,2152018.0,15,2018,15,2
C00431056,2192018.0,200,2018,19,2
C00431056,2222018.0,250,2018,22,2
C00431056,2182018.0,25,2018,18,2
C00431056,2282018.0,1000,2018,28,2
C00431056,2112018.0,30,2018,11,2
C00431056,2112018.0,10,2018,11,2
C00431056,2082018.0,25,2018,08,2
C00431056,2272018.0,100,2018,27,2
C00431056,2272018.0,1000,2018,27,2
C00431056,2212018.0,10,2018,21,2
C00431056,2252018.0,25,2018,25,2
C00431056,2222018.0,200,2018,22,2
C00431056,2282018.0,30,2018,28,2
C00431056,2212018.0,10,2018,21,2
C00431056,2192018.0,40,2018,19,2
C00431056,2242018.0,25,2018,24,2
C00431056,2192018.0,50,2018,19,2
C00431056,2062018.0,100,2018,06,2
C00431056,2272018.0,60,2018,27,2
C00431056,2212018.0,25,2018,21,2
C00431056,2192018.0,30,2018,19,2
C00431056,2072018.0,2,2018,07,2
C00431056,2212018.0,5,2018,21,2
C00431056,2272018.0,10,2018,27,2
C00431056,2222018.0,50,2018,22,2
C00431056,2222018.0,100,2018,22,2
C00431056,2082018.0,75,2018,08,2
C00431056,2152018.0,50,2018,15,2
C00431056,2062018.0,50,2018,06,2
C00431056,2152018.0,25,2018,15,2
C00431056,2172018.0,25,2018,17,2
C00431056,2122018.0,25,2018,12,2
C00431056,2202018.0,5,2018,20,2
C00431056,2222018.0,25,2018,22,2
C00431056,2192018.0,150,2018,19,2
C00431056,2212018.0,250,2018,21,2
C00431056,2252018.0,100,2018,25,2
C00431056,2192018.0,150,2018,19,2
C00431056,2222018.0,250,2018,22,2
C00431056,2282018.0,1400,2018,28,2
C00431056,2062018.0,250,2018,06,2
C00431056,2142018.0,10,2018,14,2
C00431056,2202018.0,50,2018,20,2
C00431056,2192018.0,350,2018,19,2
C00431056,2132018.0,150,2018,13,2
C00431056,2062018.0,25,2018,06,2
C00431056,2122018.0,15,2018,12,2
C00431056,2172018.0,75,2018,17,2
C00431056,2152018.0,25,2018,15,2
C00431056,2222018.0,200,2018,22,2
C00431056,2152018.0,2200,2018,15,2
C00431056,2222018.0,100,2018,22,2
C00431056,2192018.0,150,2018,19,2
C00431056,2282018.0,50,2018,28,2
C00431056,2192018.0,150,2018,19,2
C00431056,2222018.0,250,2018,22,2
C00431056,2192018.0,100,2018,19,2
C00431056,2012018.0,10,2018,01,2
C00431056,2282018.0,30,2018,28,2
C00431056,2132018.0,100,2018,13,2
C00431056,2272018.0,250,2018,27,2
C00431056,2012018.0,25,2018,01,2
C00431056,2032018.0,25,2018,03,2
C00431056,2032018.0,15,2018,03,2
C00431056,2222018.0,25,2018,22,2
C00431056,2092018.0,15,2018,09,2
C00431056,2272018.0,250,2018,27,2
C00431056,2272018.0,250,2018,27,2
C00431056,2272018.0,26,2018,27,2
C00431056,2222018.0,25,2018,22,2
C00431056,2282018.0,250,2018,28,2
C00431056,2252018.0,100,2018,25,2
C00431056,2132018.0,25,2018,13,2
C00431056,2072018.0,25,2018,07,2
C00431056,2082018.0,20,2018,08,2
C00431056,2092018.0,40,2018,09,2
C00431056,2052018.0,12,2018,05,2
C00431056,2102018.0,5,2018,10,2
C00431056,2222018.0,25,2018,22,2
C00431056,2242018.0,50,2018,24,2
C00431056,2022018.0,250,2018,02,2
C00431056,2132018.0,50,2018,13,2
C00431056,2212018.0,10,2018,21,2
C00431056,2142018.0,5,2018,14,2
C00431056,2212018.0,15,2018,21,2
C00431056,2282018.0,25,2018,28,2
C00431056,2212018.0,500,2018,21,2
C00431056,2062018.0,100,2018,06,2
C00431056,2162018.0,25,2018,16,2
C00431056,2212018.0,25,2018,21,2
C00431056,2282018.0,25,2018,28,2
C00431056,2282018.0,25,2018,28,2
C00431056,2172018.0,25,2018,17,2
C00431056,2282018.0,25,2018,28,2
C00431056,2192018.0,2650,2018,19,2
C00431056,2102018.0,75,2018,10,2
C00431056,2062018.0,150,2018,06,2
C00431056,2202018.0,50,2018,20,2
C00431056,2282018.0,2700,2018,28,2
C00431056,2042018.0,500,2018,04,2
C00431056,2202018.0,2700,2018,20,2
C00431056,2182018.0,25,2018,18,2
C00431056,2262018.0,2700,2018,26,2
C00431056,2222018.0,250,2018,22,2
C00431056,2282018.0,25,2018,28,2
C00431056,2182018.0,5,2018,18,2
C00431056,2202018.0,10,2018,20,2
C00431056,2222018.0,5,2018,22,2
C00431056,2272018.0,10,2018,27,2
C00431056,2222018.0,15,2018,22,2
C00431056,2132018.0,100,2018,13,2
C00431056,2132018.0,2,2018,13,2
C00431056,2142018.0,2,2018,14,2
C00431056,2162018.0,2,2018,16,2
C00431056,2162018.0,2,2018,16,2
C00431056,2172018.0,2,2018,17,2
C00431056,2282018.0,100,2018,28,2
C00431056,2022018.0,25,2018,02,2
C00431056,2082018.0,50,2018,08,2
C00431056,2012018.0,25,2018,01,2
C00431056,2212018.0,20,2018,21,2
C00431056,2262018.0,10,2018,26,2
C00431056,2232018.0,25,2018,23,2
C00431056,2202018.0,75,2018,20,2
C00431056,2122018.0,40,2018,12,2
C00431056,2272018.0,50,2018,27,2
C00431056,2262018.0,1000,2018,26,2
C00431056,2112018.0,50,2018,11,2
C00431056,2162018.0,50,2018,16,2
C00431056,2192018.0,40,2018,19,2
C00431056,2262018.0,25,2018,26,2
C00431056,2012018.0,250,2018,01,2
C00431056,2012018.0,10,2018,01,2
C00431056,2242018.0,100,2018,24,2
C00431056,2182018.0,50,2018,18,2
C00431056,2282018.0,25,2018,28,2
C00431056,2132018.0,500,2018,13,2
C00431056,2072018.0,10,2018,07,2
C00431056,2192018.0,250,2018,19,2
C00431056,2182018.0,100,2018,18,2
C00431056,2212018.0,2700,2018,21,2
C00431056,2282018.0,500,2018,28,2
C00431056,2212018.0,500,2018,21,2
C00431056,2262018.0,50,2018,26,2
C00431056,2202018.0,10,2018,20,2
C00431056,2282018.0,5,2018,28,2
C00431056,2192018.0,50,2018,19,2
C00431056,2282018.0,100,2018,28,2
C00431056,2072018.0,1000,2018,07,2
C00431056,2172018.0,250,2018,17,2
C00431056,2202018.0,100,2018,20,2
C00431056,2092018.0,25,2018,09,2
C00431056,2232018.0,25,2018,23,2
C00431056,2282018.0,25,2018,28,2
C00431056,2282018.0,250,2018,28,2
C00431056,2102018.0,200,2018,10,2
C00431056,2202018.0,25,2018,20,2
C00431056,2142018.0,7,2018,14,2
C00431056,2112018.0,15,2018,11,2
C00431056,2282018.0,500,2018,28,2
C00431056,2132018.0,50,2018,13,2
C00431056,2192018.0,50,2018,19,2
C00431056,2222018.0,20,2018,22,2
C00431056,2172018.0,60,2018,17,2
C00431056,2212018.0,10,2018,21,2
C00431056,2142018.0,50,2018,14,2
C00431056,2202018.0,50,2018,20,2
C00431056,2202018.0,25,2018,20,2
C00431056,2102018.0,5,2018,10,2
C00431056,2222018.0,100,2018,22,2
C00431056,2232018.0,15,2018,23,2
C00431056,2012018.0,100,2018,01,2
C00431056,2062018.0,500,2018,06,2
C00431056,2202018.0,250,2018,20,2
C00431056,2212018.0,2700,2018,21,2
C00431056,2242018.0,100,2018,24,2
C00431056,2242018.0,15,2018,24,2
C00431056,2272018.0,50,2018,27,2
C00431056,2012018.0,160,2018,01,2
C00431056,2252018.0,25,2018,25,2
C00431056,2202018.0,5,2018,20,2
C00431056,2132018.0,25,2018,13,2
C00431056,2052018.0,35,2018,05,2
C00431056,2182018.0,200,2018,18,2
C00431056,2132018.0,25,2018,13,2
C00431056,2062018.0,250,2018,06,2
C00431056,2192018.0,100,2018,19,2
C00431056,2222018.0,100,2018,22,2
C00431056,2092018.0,75,2018,09,2
C00431056,2282018.0,25,2018,28,2
C00431056,2052018.0,50,2018,05,2
C00431056,2212018.0,250,2018,21,2
C00431056,2212018.0,25,2018,21,2
C00431056,2112018.0,25,2018,11,2
C00431056,2102018.0,10,2018,10,2
C00431056,2182018.0,25,2018,18,2
C00431056,2092018.0,500,2018,09,2
C00431056,2182018.0,15,2018,18,2
C00431056,2272018.0,1000,2018,27,2
C00431056,2172018.0,4,2018,17,2
C00431056,2032018.0,50,2018,03,2
C00431056,2092018.0,40,2018,09,2
C00431056,2092018.0,25,2018,09,2
C00431056,2182018.0,10,2018,18,2
C00431056,2062018.0,25,2018,06,2
C00431056,2282018.0,50,2018,28,2
C00431056,2202018.0,2500,2018,20,2
C00431056,2062018.0,300,2018,06,2
C00431056,2272018.0,25,2018,27,2
C00431056,2012018.0,10,2018,01,2
C00431056,2112018.0,2700,2018,11,2
C00431056,2082018.0,25,2018,08,2
C00431056,2222018.0,150,2018,22,2
C00431056,2072018.0,250,2018,07,2
C00431056,2062018.0,100,2018,06,2
C00431056,2132018.0,1000,2018,13,2
C00431056,2072018.0,25,2018,07,2
C00431056,2282018.0,25,2018,28,2
C00431056,2272018.0,1000,2018,27,2
C00431056,2242018.0,100,2018,24,2
C00431056,2082018.0,50,2018,08,2
C00431056,2282018.0,1000,2018,28,2
C00431056,2182018.0,24,2018,18,2
C00431056,2232018.0,25,2018,23,2
C00431056,2272018.0,50,2018,27,2
C00431056,2132018.0,100,2018,13,2
C00431056,2192018.0,50,2018,19,2
C00431056,2192018.0,20,2018,19,2
C00431056,2282018.0,25,2018,28,2
C00431056,2072018.0,60,2018,07,2
C00431056,2262018.0,100,2018,26,2
C00431056,2062018.0,50,2018,06,2
C00431056,2282018.0,25,2018,28,2
C00431056,2132018.0,2700,2018,13,2
C00431056,2232018.0,50,2018,23,2
C00431056,2062018.0,250,2018,06,2
C00431056,2222018.0,30,2018,22,2
C00431056,2202018.0,200,2018,20,2
C00431056,2242018.0,50,2018,24,2
C00431056,2102018.0,25,2018,10,2
C00431056,2172018.0,25,2018,17,2
C00431056,2152018.0,25,2018,15,2
C00431056,2092018.0,25,2018,09,2
C00431056,2242018.0,40,2018,24,2
C00431056,2192018.0,100,2018,19,2
C00431056,2252018.0,100,2018,25,2
C00431056,2072018.0,100,2018,07,2
C00431056,2132018.0,20,2018,13,2
C00431056,2042018.0,2,2018,04,2
C00431056,2242018.0,50,2018,24,2
C00431056,2072018.0,25,2018,07,2
C00431056,2242018.0,10,2018,24,2
C00431056,2062018.0,40,2018,06,2
C00431056,2082018.0,250,2018,08,2
C00431056,2272018.0,500,2018,27,2
C00431056,2022018.0,60,2018,02,2
C00431056,2222018.0,250,2018,22,2
C00431056,2262018.0,10,2018,26,2
C00431056,2222018.0,25,2018,22,2
C00431056,2182018.0,25,2018,18,2
C00431056,2172018.0,80,2018,17,2
C00431056,2282018.0,25,2018,28,2
C00431056,2062018.0,5,2018,06,2
C00431056,2062018.0,100,2018,06,2
C00431056,2192018.0,25,2018,19,2
C00431056,2162018.0,100,2018,16,2
C00431056,2062018.0,25,2018,06,2
C00431056,2162018.0,25,2018,16,2
C00431056,2282018.0,100,2018,28,2
C00431056,2182018.0,25,2018,18,2
C00431056,2152018.0,5,2018,15,2
C00431056,2242018.0,15,2018,24,2
C00431056,2202018.0,500,2018,20,2
C00431056,2132018.0,25,2018,13,2
C00431056,2242018.0,25,2018,24,2
C00431056,2022018.0,100,2018,02,2
C00431056,2262018.0,25,2018,26,2
C00431056,2142018.0,15,2018,14,2
C00431056,2272018.0,35,2018,27,2
C00431056,2092018.0,25,2018,09,2
C00431056,2252018.0,40,2018,25,2
C00431056,2202018.0,25,2018,20,2
C00431056,2192018.0,250,2018,19,2
C00431056,2242018.0,100,2018,24,2
C00431056,2282018.0,100,2018,28,2
C00431056,2192018.0,35,2018,19,2
C00431056,2212018.0,250,2018,21,2
C00431056,2042018.0,20,2018,04,2
C00431056,2212018.0,25,2018,21,2
C00431056,2222018.0,200,2018,22,2
C00431056,2242018.0,50,2018,24,2
C00431056,2272018.0,10,2018,27,2
C00431056,2202018.0,25,2018,20,2
C00431056,2082018.0,100,2018,08,2
C00431056,2252018.0,75,2018,25,2
C00431056,2112018.0,30,2018,11,2
C00431056,2122018.0,5,2018,12,2
C00431056,2252018.0,500,2018,25,2
C00431056,2262018.0,25,2018,26,2
C00431056,2132018.0,100,2018,13,2
C00431056,2192018.0,100,2018,19,2
C00431056,2282018.0,50,2018,28,2
C00431056,2092018.0,50,2018,09,2
C00431056,2242018.0,100,2018,24,2
C00431056,2212018.0,250,2018,21,2
C00431056,2022018.0,50,2018,02,2
C00431056,2042018.0,250,2018,04,2
C00431056,2282018.0,1000,2018,28,2
C00431056,2192018.0,10,2018,19,2
C00431056,2262018.0,25,2018,26,2
C00431056,2252018.0,75,2018,25,2
C00431056,2202018.0,2700,2018,20,2
C00431056,2202018.0,2700,2018,20,2
C00431056,2162018.0,150,2018,16,2
C00431056,2122018.0,1000,2018,12,2
C00431056,2232018.0,10,2018,23,2
C00431056,2122018.0,20,2018,12,2
C00431056,2192018.0,100,2018,19,2
C00431056,2172018.0,250,2018,17,2
C00431056,2092018.0,50,2018,09,2
C00431056,2142018.0,20,2018,14,2
C00431056,2272018.0,26,2018,27,2
C00431056,2092018.0,25,2018,09,2
C00431056,2242018.0,10,2018,24,2
C00431056,2252018.0,15,2018,25,2
C00431056,2042018.0,25,2018,04,2
C00431056,2282018.0,15,2018,28,2
C00431056,2152018.0,25,2018,15,2
C00431056,2082018.0,25,2018,08,2
C00431056,2202018.0,10,2018,20,2
C00431056,2272018.0,10,2018,27,2
C00431056,2262018.0,25,2018,26,2
C00431056,2212018.0,500,2018,21,2
C00431056,2072018.0,10,2018,07,2
C00431056,2272018.0,100,2018,27,2
C00431056,2202018.0,26,2018,20,2
C00431056,2282018.0,25,2018,28,2
C00431056,2132018.0,50,2018,13,2
C00431056,2272018.0,50,2018,27,2
C00431056,2212018.0,25,2018,21,2
C00431056,2242018.0,25,2018,24,2
C00431056,2192018.0,40,2018,19,2
C00431056,2232018.0,250,2018,23,2
C00431056,2132018.0,30,2018,13,2
C00431056,2282018.0,15,2018,28,2
C00431056,2192018.0,250,2018,19,2
C00431056,2062018.0,1000,2018,06,2
C00431056,2132018.0,30,2018,13,2
C00431056,2182018.0,25,2018,18,2
C00431056,2072018.0,5,2018,07,2
C00431056,2262018.0,250,2018,26,2
C00431056,2032018.0,25,2018,03,2
C00431056,2212018.0,5,2018,21,2
C00431056,2032018.0,50,2018,03,2
C00431056,2162018.0,50,2018,16,2
C00431056,2122018.0,10,2018,12,2
C00431056,2132018.0,250,2018,13,2
C00431056,2202018.0,25,2018,20,2
C00431056,2252018.0,10,2018,25,2
C00431056,2222018.0,50,2018,22,2
C00431056,2272018.0,500,2018,27,2
C00431056,2282018.0,15,2018,28,2
C00431056,2162018.0,10,2018,16,2
C00431056,2282018.0,5,2018,28,2
C00431056,2272018.0,250,2018,27,2
C00431056,2232018.0,25,2018,23,2
C00431056,2272018.0,20,2018,27,2
C00431056,2132018.0,30,2018,13,2
C00431056,2082018.0,50,2018,08,2
C00431056,2222018.0,2700,2018,22,2
C00431056,2082018.0,10,2018,08,2
C00431056,2262018.0,5,2018,26,2
C00431056,2282018.0,500,2018,28,2
C00431056,2182018.0,250,2018,18,2
C00431056,2132018.0,25,2018,13,2
C00431056,2282018.0,12,2018,28,2
C00431056,2282018.0,2,2018,28,2
C00431056,2252018.0,54,2018,25,2
C00431056,2272018.0,25,2018,27,2
C00431056,2092018.0,10,2018,09,2
C00431056,2182018.0,25,2018,18,2
C00431056,2252018.0,25,2018,25,2
C00431056,2132018.0,500,2018,13,2
C00431056,2192018.0,100,2018,19,2
C00431056,2062018.0,100,2018,06,2
C00431056,2282018.0,40,2018,28,2
C00431056,2082018.0,25,2018,08,2
C00431056,2102018.0,25,2018,10,2
C00431056,2262018.0,5,2018,26,2
C00431056,2282018.0,60,2018,28,2
C00431056,2282018.0,50,2018,28,2
C00431056,2262018.0,1000,2018,26,2
C00431056,2092018.0,12,2018,09,2
C00431056,2072018.0,20,2018,07,2
C00431056,2202018.0,80,2018,20,2
C00431056,2242018.0,50,2018,24,2
C00431056,2242018.0,25,2018,24,2
C00431056,2122018.0,25,2018,12,2
C00431056,2282018.0,10,2018,28,2
C00431056,2272018.0,250,2018,27,2
C00431056,2252018.0,500,2018,25,2
C00431056,2212018.0,25,2018,21,2
C00431056,2192018.0,100,2018,19,2
C00431056,2032018.0,10,2018,03,2
C00431056,2272018.0,25,2018,27,2
C00431056,2282018.0,75,2018,28,2
C00431056,2272018.0,50,2018,27,2
C00431056,2282018.0,50,2018,28,2
C00431056,2282018.0,20,2018,28,2
C00431056,2192018.0,50,2018,19,2
C00431056,2142018.0,25,2018,14,2
C00431056,2172018.0,25,2018,17,2
C00431056,2102018.0,5,2018,10,2
C00431056,2202018.0,2400,2018,20,2
C00431056,2192018.0,250,2018,19,2
C00431056,2112018.0,50,2018,11,2
C00431056,2222018.0,300,2018,22,2
C00431056,2202018.0,1000,2018,20,2
C00431056,2222018.0,100,2018,22,2
C00431056,2202018.0,15,2018,20,2
C00431056,2132018.0,150,2018,13,2
C00431056,2192018.0,10,2018,19,2
C00431056,2202018.0,100,2018,20,2
C00431056,2192018.0,25,2018,19,2
C00431056,2132018.0,25,2018,13,2
C00431056,2282018.0,20,2018,28,2
C00431056,2142018.0,5,2018,14,2
C00431056,2162018.0,25,2018,16,2
C00431056,2172018.0,80,2018,17,2
C00431056,2132018.0,250,2018,13,2
C00431056,2252018.0,25,2018,25,2
C00431056,2212018.0,20,2018,21,2
C00431056,2232018.0,20,2018,23,2
C00431056,2252018.0,10,2018,25,2
C00431056,2182018.0,60,2018,18,2
C00431056,2192018.0,60,2018,19,2
C00431056,2202018.0,80,2018,20,2
C00431056,2212018.0,30,2018,21,2
C00431056,2232018.0,25,2018,23,2
C00431056,2172018.0,60,2018,17,2
C00431056,2202018.0,25,2018,20,2
C00431056,2272018.0,25,2018,27,2
C00431056,2122018.0,40,2018,12,2
C00431056,2132018.0,40,2018,13,2
C00431056,2222018.0,50,2018,22,2
C00431056,2202018.0,2400,2018,20,2
C00431056,2042018.0,15,2018,04,2
C00431056,2272018.0,100,2018,27,2
C00431056,2202018.0,2700,2018,20,2
C00431056,2202018.0,2700,2018,20,2
C00431056,2162018.0,25,2018,16,2
C00431056,2222018.0,250,2018,22,2
C00431056,2062018.0,500,2018,06,2
C00431056,2132018.0,20,2018,13,2
C00431056,2142018.0,20,2018,14,2
C00431056,2222018.0,30,2018,22,2
C00431056,2222018.0,80,2018,22,2
C00431056,2162018.0,60,2018,16,2
C00431056,2132018.0,500,2018,13,2
C00431056,2012018.0,25,2018,01,2
C00431056,2232018.0,15,2018,23,2
C00431056,2122018.0,250,2018,12,2
C00431056,2182018.0,50,2018,18,2
C00431056,2212018.0,40,2018,21,2
C00431056,2162018.0,50,2018,16,2
C00431056,2122018.0,1000,2018,12,2
C00431056,2092018.0,50,2018,09,2
C00431056,2132018.0,50,2018,13,2
C00431056,2212018.0,100,2018,21,2
C00431056,2282018.0,30,2018,28,2
C00431056,2282018.0,500,2018,28,2
C00431056,2172018.0,10,2018,17,2
C00431056,2022018.0,25,2018,02,2
C00431056,2262018.0,25,2018,26,2
C00431056,2032018.0,30,2018,03,2
C00431056,2032018.0,30,2018,03,2
C00431056,2122018.0,100,2018,12,2
C00431056,2282018.0,2700,2018,28,2
C00431056,2282018.0,2700,2018,28,2
C00431056,2212018.0,2700,2018,21,2
C00431056,2212018.0,2700,2018,21,2
C00431056,2222018.0,500,2018,22,2
C00431056,2272018.0,100,2018,27,2
C00431056,2192018.0,500,2018,19,2
C00431056,2132018.0,200,2018,13,2
C00431056,2152018.0,60,2018,15,2
C00431056,2212018.0,25,2018,21,2
C00431056,2092018.0,25,2018,09,2
C00431056,2282018.0,250,2018,28,2
C00431056,2062018.0,100,2018,06,2
C00431056,2132018.0,150,2018,13,2
C00431056,2282018.0,100,2018,28,2
C00431056,2132018.0,25,2018,13,2
C00431056,2122018.0,25,2018,12,2
C00431056,2252018.0,250,2018,25,2
C00431056,2262018.0,50,2018,26,2
C00431056,2102018.0,10,2018,10,2
C00431056,2092018.0,60,2018,09,2
C00431056,2242018.0,80,2018,24,2
C00431056,2182018.0,20,2018,18,2
C00431056,2162018.0,2500,2018,16,2
C00431056,2052018.0,100,2018,05,2
C00431056,2252018.0,1000,2018,25,2
C00431056,2272018.0,26,2018,27,2
C00431056,2062018.0,300,2018,06,2
C00431056,2282018.0,25,2018,28,2
C00431056,2192018.0,25,2018,19,2
C00431056,2112018.0,10,2018,11,2
C00431056,2222018.0,250,2018,22,2
C00431056,2082018.0,100,2018,08,2
C00431056,2182018.0,25,2018,18,2
C00431056,2122018.0,25,2018,12,2
C00431056,2182018.0,25,2018,18,2
C00431056,2252018.0,25,2018,25,2
C00431056,2252018.0,25,2018,25,2
C00431056,2262018.0,50,2018,26,2
C00431056,2172018.0,10,2018,17,2
C00431056,2222018.0,500,2018,22,2
C00431056,2282018.0,25,2018,28,2
C00431056,2092018.0,15,2018,09,2
C00431056,2202018.0,5,2018,20,2
C00431056,2062018.0,309,2018,06,2
C00431056,2132018.0,200,2018,13,2
C00431056,2132018.0,50,2018,13,2
C00431056,2282018.0,12,2018,28,2
C00431056,2182018.0,25,2018,18,2
C00431056,2192018.0,150,2018,19,2
C00431056,2212018.0,186,2018,21,2
C00431056,2222018.0,100,2018,22,2
C00431056,2132018.0,50,2018,13,2
C00431056,2192018.0,100,2018,19,2
C00431056,2262018.0,15,2018,26,2
C00431056,2222018.0,5,2018,22,2
C00431056,2222018.0,100,2018,22,2
C00431056,2132018.0,30,2018,13,2
C00431056,2132018.0,100,2018,13,2
C00431056,2172018.0,250,2018,17,2
C00431056,2192018.0,250,2018,19,2
C00431056,2232018.0,15,2018,23,2
C00431056,2132018.0,150,2018,13,2
C00431056,2142018.0,150,2018,14,2
C00431056,2282018.0,25,2018,28,2
C00431056,2062018.0,100,2018,06,2
C00431056,2052018.0,12,2018,05,2
C00431056,2122018.0,1000,2018,12,2
C00431056,2162018.0,1,2018,16,2
C00431056,2182018.0,60,2018,18,2
C00431056,2192018.0,50,2018,19,2
C00431056,2222018.0,100,2018,22,2
C00431056,2282018.0,100,2018,28,2
C00431056,2272018.0,250,2018,27,2
C00431056,2262018.0,26,2018,26,2
C00431056,2272018.0,100,2018,27,2
C00431056,2182018.0,25,2018,18,2
C00431056,2282018.0,600,2018,28,2
C00431056,2212018.0,10,2018,21,2
C00431056,2122018.0,40,2018,12,2
C00431056,2192018.0,100,2018,19,2
C00431056,2082018.0,25,2018,08,2
C00431056,2072018.0,25,2018,07,2
C00431056,2132018.0,200,2018,13,2
C00431056,2092018.0,25,2018,09,2
C00431056,2222018.0,40,2018,22,2
C00431056,2062018.0,25,2018,06,2
C00431056,2272018.0,100,2018,27,2
C00431056,2192018.0,100,2018,19,2
C00431056,2232018.0,15,2018,23,2
C00431056,2162018.0,5,2018,16,2
C00431056,2202018.0,25,2018,20,2
C00431056,2212018.0,25,2018,21,2
C00431056,2062018.0,25,2018,06,2
C00431056,2012018.0,5,2018,01,2
C00431056,2282018.0,10,2018,28,2
C00431056,2172018.0,25,2018,17,2
C00431056,2022018.0,25,2018,02,2
C00431056,2072018.0,20,2018,07,2
C00431056,2272018.0,100,2018,27,2
C00431056,2282018.0,100,2018,28,2
C00431056,2222018.0,150,2018,22,2
C00431056,2032018.0,100,2018,03,2
C00431056,2132018.0,250,2018,13,2
C00431056,2132018.0,50,2018,13,2
C00431056,2042018.0,2,2018,04,2
C00431056,2222018.0,100,2018,22,2
C00431056,2132018.0,30,2018,13,2
C00431056,2072018.0,25,2018,07,2
C00431056,2192018.0,100,2018,19,2
C00431056,2062018.0,250,2018,06,2
C00431056,2182018.0,25,2018,18,2
C00431056,2232018.0,25,2018,23,2
C00431056,2212018.0,50,2018,21,2
C00431056,2262018.0,5,2018,26,2
C00431056,2032018.0,50,2018,03,2
C00431056,2022018.0,10,2018,02,2
C00431056,2192018.0,50,2018,19,2
C00431056,2202018.0,2700,2018,20,2
C00431056,2082018.0,10,2018,08,2
C00431056,2062018.0,10,2018,06,2
C00431056,2062018.0,200,2018,06,2
C00431056,2132018.0,10,2018,13,2
C00431056,2052018.0,50,2018,05,2
C00431056,2222018.0,100,2018,22,2
C00431056,2222018.0,50,2018,22,2
C00431056,2202018.0,10,2018,20,2
C00431056,2092018.0,20,2018,09,2
C00431056,2082018.0,50,2018,08,2
C00431056,2172018.0,20,2018,17,2
C00431056,2152018.0,25,2018,15,2
C00431056,2172018.0,25,2018,17,2
C00431056,2212018.0,100,2018,21,2
C00431056,2062018.0,50,2018,06,2
C00431056,2202018.0,10,2018,20,2
C00431056,2182018.0,15,2018,18,2
C00431056,2222018.0,30,2018,22,2
C00431056,2132018.0,100,2018,13,2
C00431056,2262018.0,100,2018,26,2
C00431056,2192018.0,50,2018,19,2
C00431056,2212018.0,50,2018,21,2
C00431056,2022018.0,25,2018,02,2
C00431056,2042018.0,15,2018,04,2
C00431056,2202018.0,10,2018,20,2
C00431056,2202018.0,8,2018,20,2
C00431056,2282018.0,50,2018,28,2
C00431056,2212018.0,20,2018,21,2
C00431056,2072018.0,25,2018,07,2
C00431056,2172018.0,60,2018,17,2
C00431056,2222018.0,25,2018,22,2
C00431056,2132018.0,100,2018,13,2
C00431056,2132018.0,50,2018,13,2
C00431056,2272018.0,80,2018,27,2
C00431056,2282018.0,12,2018,28,2
C00431056,2152018.0,150,2018,15,2
C00431056,2132018.0,100,2018,13,2
C00431056,2132018.0,50,2018,13,2
C00431056,2132018.0,100,2018,13,2
C00431056,2282018.0,12,2018,28,2
C00431056,2242018.0,25,2018,24,2
C00431056,2242018.0,50,2018,24,2
C00431056,2062018.0,200,2018,06,2
C00431056,2252018.0,10,2018,25,2
C00431056,2242018.0,25,2018,24,2
C00431056,2282018.0,2,2018,28,2
C00431056,2212018.0,500,2018,21,2
C00431056,2072018.0,75,2018,07,2
C00431056,2132018.0,500,2018,13,2
C00431056,2082018.0,10,2018,08,2
C00431056,2252018.0,25,2018,25,2
C00431056,2192018.0,60,2018,19,2
C00431056,2212018.0,10,2018,21,2
C00431056,2232018.0,50,2018,23,2
C00431056,2242018.0,100,2018,24,2
C00431056,2232018.0,50,2018,23,2
C00431056,2062018.0,50,2018,06,2
C00431056,2222018.0,100,2018,22,2
C00431056,2132018.0,50,2018,13,2
C00431056,2242018.0,2300,2018,24,2
C00431056,2192018.0,25,2018,19,2
C00431056,2192018.0,100,2018,19,2
C00431056,2112018.0,100,2018,11,2
C00431056,2022018.0,25,2018,02,2
C00431056,2142018.0,25,2018,14,2
C00431056,2122018.0,25,2018,12,2
C00431056,2162018.0,50,2018,16,2
C00431056,2202018.0,1000,2018,20,2
C00431056,2142018.0,25,2018,14,2
C00431056,2022018.0,1500,2018,02,2
C00431056,2222018.0,200,2018,22,2
C00431056,2282018.0,60,2018,28,2
C00431056,2132018.0,2,2018,13,2
C00431056,2072018.0,40,2018,07,2
C00431056,2242018.0,25,2018,24,2
C00431056,2212018.0,75,2018,21,2
C00431056,2102018.0,5,2018,10,2
C00431056,2042018.0,5,2018,04,2
C00431056,2282018.0,25,2018,28,2
C00431056,2272018.0,20,2018,27,2
C00431056,2282018.0,1000,2018,28,2
C00431056,2202018.0,1000,2018,20,2
C00431056,2052018.0,25,2018,05,2
C00431056,2082018.0,250,2018,08,2
C00431056,2222018.0,150,2018,22,2
C00431056,2132018.0,500,2018,13,2
C00431056,2042018.0,10,2018,04,2
C00431056,2032018.0,100,2018,03,2
C00431056,2022018.0,25,2018,02,2
C00431056,2242018.0,5,2018,24,2
C00431056,2202018.0,50,2018,20,2
C00431056,2222018.0,100,2018,22,2
C00431056,2132018.0,60,2018,13,2
C00431056,2192018.0,2,2018,19,2
C00431056,2192018.0,50,2018,19,2
C00431056,2192018.0,100,2018,19,2
C00431056,2122018.0,25,2018,12,2
C00431056,2172018.0,2,2018,17,2
C00431056,2162018.0,17,2018,16,2
C00431056,2182018.0,250,2018,18,2
C00431056,2282018.0,20,2018,28,2
C00431056,2282018.0,12,2018,28,2
C00431056,2282018.0,30,2018,28,2
C00431056,2282018.0,50,2018,28,2
C00431056,2212018.0,50,2018,21,2
C00431056,2132018.0,250,2018,13,2
C00431056,2132018.0,500,2018,13,2
C00431056,2022018.0,60,2018,02,2
C00431056,2192018.0,25,2018,19,2
C00431056,2132018.0,2700,2018,13,2
C00431056,2282018.0,25,2018,28,2
C00431056,2222018.0,50,2018,22,2
C00431056,2262018.0,25,2018,26,2
C00431056,2252018.0,25,2018,25,2
C00431056,2122018.0,25,2018,12,2
C00431056,2132018.0,100,2018,13,2
C00431056,2012018.0,250,2018,01,2
C00431056,2282018.0,40,2018,28,2
C00431056,2032018.0,50,2018,03,2
C00431056,2282018.0,25,2018,28,2
C00431056,2282018.0,15,2018,28,2
C00431056,2172018.0,4,2018,17,2
C00431056,2172018.0,40,2018,17,2
C00431056,2142018.0,25,2018,14,2
C00431056,2162018.0,25,2018,16,2
C00431056,2012018.0,50,2018,01,2
C00431056,2272018.0,75,2018,27,2
C00431056,2252018.0,6,2018,25,2
C00431056,2232018.0,25,2018,23,2
C00431056,2162018.0,25,2018,16,2
C00431056,2132018.0,50,2018,13,2
C00431056,2212018.0,500,2018,21,2
C00431056,2272018.0,500,2018,27,2
C00431056,2172018.0,75,2018,17,2
C00431056,2132018.0,12,2018,13,2
C00431056,2192018.0,150,2018,19,2
C00431056,2092018.0,25,2018,09,2
C00431056,2192018.0,50,2018,19,2
C00431056,2232018.0,5,2018,23,2
C00431056,2242018.0,80,2018,24,2
C00431056,2132018.0,25,2018,13,2
C00431056,2022018.0,50,2018,02,2
C00431056,2262018.0,5,2018,26,2
C00431056,2272018.0,25,2018,27,2
C00431056,2132018.0,100,2018,13,2
C00431056,2282018.0,10,2018,28,2
C00431056,2052018.0,2700,2018,05,2
C00431056,2242018.0,2300,2018,24,2
C00431056,2022018.0,1000,2018,02,2
C00431056,2282018.0,25,2018,28,2
C00431056,2232018.0,10,2018,23,2
C00431056,2132018.0,10,2018,13,2
C00431056,2262018.0,50,2018,26,2
C00431056,2272018.0,10,2018,27,2
C00431056,2062018.0,25,2018,06,2
C00431056,2222018.0,250,2018,22,2
C00431056,2132018.0,30,2018,13,2
C00431056,2222018.0,5,2018,22,2
C00431056,2062018.0,25,2018,06,2
C00431056,2092018.0,20,2018,09,2
C00431056,2272018.0,5,2018,27,2
C00431056,2222018.0,25,2018,22,2
C00431056,2202018.0,50,2018,20,2
C00431056,2122018.0,10,2018,12,2
C00431056,2282018.0,2700,2018,28,2
C00431056,2202018.0,1000,2018,20,2
C00431056,2182018.0,50,2018,18,2
C00431056,2212018.0,100,2018,21,2
C00431056,2112018.0,10,2018,11,2
C00431056,2172018.0,75,2018,17,2
C00431056,2142018.0,50,2018,14,2
C00431056,2212018.0,300,2018,21,2
C00431056,2082018.0,250,2018,08,2
C00431056,2122018.0,20,2018,12,2
C00431056,2132018.0,12,2018,13,2
C00431056,2132018.0,500,2018,13,2
C00431056,2222018.0,50,2018,22,2
C00431056,2092018.0,100,2018,09,2
C00431056,2082018.0,50,2018,08,2
C00431056,2162018.0,50,2018,16,2
C00431056,2182018.0,100,2018,18,2
C00431056,2192018.0,100,2018,19,2
C00431056,2202018.0,1700,2018,20,2
C00431056,2062018.0,3,2018,06,2
C00431056,2042018.0,20,2018,04,2
C00431056,2282018.0,20,2018,28,2
C00431056,2242018.0,25,2018,24,2
C00431056,2282018.0,250,2018,28,2
C00431056,2222018.0,25,2018,22,2
C00431056,2062018.0,100,2018,06,2
C00431056,2132018.0,30,2018,13,2
C00431056,2222018.0,25,2018,22,2
C00431056,2132018.0,10,2018,13,2
C00431056,2282018.0,1000,2018,28,2
C00431056,2212018.0,100,2018,21,2
C00431056,2252018.0,10,2018,25,2
C00431056,2242018.0,25,2018,24,2
C00431056,2162018.0,5,2018,16,2
C00431056,2282018.0,50,2018,28,2
C00431056,2182018.0,2,2018,18,2
C00431056,2282018.0,50,2018,28,2
C00431056,2252018.0,25,2018,25,2
C00431056,2242018.0,25,2018,24,2
C00431056,2192018.0,50,2018,19,2
C00431056,2122018.0,100,2018,12,2
C00431056,2092018.0,25,2018,09,2
C00431056,2182018.0,25,2018,18,2
C00431056,2222018.0,25,2018,22,2
C00431056,2252018.0,200,2018,25,2
C00431056,2192018.0,250,2018,19,2
C00431056,2212018.0,100,2018,21,2
C00431056,2082018.0,25,2018,08,2
C00431056,2132018.0,25,2018,13,2
C00431056,2272018.0,10,2018,27,2
C00431056,2282018.0,50,2018,28,2
C00431056,2222018.0,50,2018,22,2
C00431056,2092018.0,20,2018,09,2
C00431056,2082018.0,25,2018,08,2
C00431056,2082018.0,25,2018,08,2
C00431056,2222018.0,900,2018,22,2
C00431056,2112018.0,1500,2018,11,2
C00431056,2262018.0,50,2018,26,2
C00431056,2242018.0,25,2018,24,2
C00431056,2132018.0,250,2018,13,2
C00431056,2062018.0,25,2018,06,2
C00431056,2222018.0,150,2018,22,2
C00431056,2172018.0,25,2018,17,2
C00431056,2282018.0,2700,2018,28,2
C00431056,2102018.0,5,2018,10,2
C00431056,2132018.0,30,2018,13,2
C00431056,2012018.0,10,2018,01,2
C00431056,2282018.0,25,2018,28,2
C00431056,2262018.0,2700,2018,26,2
C00431056,2162018.0,25,2018,16,2
C00431056,2032018.0,40,2018,03,2
C00431056,2272018.0,100,2018,27,2
C00431056,2262018.0,25,2018,26,2
C00431056,2232018.0,2000,2018,23,2
C00431056,2242018.0,100,2018,24,2
C00431056,2242018.0,50,2018,24,2
C00431056,2242018.0,10,2018,24,2
C00431056,2282018.0,12,2018,28,2
C00431056,2162018.0,50,2018,16,2
C00431056,2212018.0,100,2018,21,2
C00431056,2012018.0,30,2018,01,2
C00431056,2042018.0,25,2018,04,2
C00431056,2152018.0,25,2018,15,2
C00431056,2182018.0,25,2018,18,2
C00431056,2182018.0,15,2018,18,2
C00431056,2122018.0,25,2018,12,2
C00431056,2192018.0,50,2018,19,2
C00431056,2062018.0,100,2018,06,2
C00431056,2282018.0,1000,2018,28,2
C00431056,2092018.0,10,2018,09,2
C00431056,2092018.0,25,2018,09,2
C00431056,2162018.0,25,2018,16,2
C00431056,2282018.0,5,2018,28,2
C00431056,2252018.0,75,2018,25,2
C00431056,2272018.0,20,2018,27,2
C00431056,2052018.0,25,2018,05,2
C00431056,2172018.0,25,2018,17,2
C00431056,2062018.0,691,2018,06,2
C00431056,2132018.0,250,2018,13,2
C00431056,2162018.0,800,2018,16,2
C00431056,2162018.0,20,2018,16,2
C00431056,2192018.0,2650,2018,19,2
C00431056,2082018.0,5,2018,08,2
C00431056,2062018.0,150,2018,06,2
C00431056,2142018.0,20,2018,14,2
C00431056,2282018.0,2700,2018,28,2
C00431056,2202018.0,2700,2018,20,2
C00431056,2192018.0,100,2018,19,2
C00431056,2212018.0,50,2018,21,2
C00431056,2032018.0,25,2018,03,2
C00431056,2262018.0,500,2018,26,2
C00431056,2242018.0,500,2018,24,2
C00431056,2132018.0,300,2018,13,2
C00431056,2192018.0,100,2018,19,2
C00431056,2192018.0,30,2018,19,2
C00431056,2212018.0,50,2018,21,2
C00431056,2262018.0,250,2018,26,2
C00431056,2242018.0,75,2018,24,2
C00431056,2202018.0,25,2018,20,2
C00431056,2222018.0,100,2018,22,2
C00431056,2132018.0,200,2018,13,2
C00431056,2222018.0,150,2018,22,2
C00431056,2282018.0,100,2018,28,2
C00431056,2282018.0,25,2018,28,2
C00431056,2142018.0,50,2018,14,2
C00431056,2262018.0,10,2018,26,2
C00431056,2132018.0,25,2018,13,2
C00431056,2062018.0,100,2018,06,2
C00431056,2192018.0,50,2018,19,2
C00431056,2132018.0,250,2018,13,2
C00431056,2032018.0,5,2018,03,2
C00431056,2282018.0,25,2018,28,2
C00431056,2122018.0,10,2018,12,2
C00431056,2162018.0,15,2018,16,2
C00431056,2172018.0,250,2018,17,2
C00431056,2202018.0,2400,2018,20,2
C00431056,2212018.0,30,2018,21,2
C00431056,2162018.0,10,2018,16,2
C00431056,2202018.0,500,2018,20,2
C00431056,2212018.0,30,2018,21,2
C00431056,2212018.0,25,2018,21,2
C00431056,2062018.0,100,2018,06,2
C00431056,2102018.0,2,2018,10,2
C00431056,2032018.0,10,2018,03,2
C00431056,2282018.0,40,2018,28,2
C00431056,2252018.0,15,2018,25,2
C00431056,2232018.0,50,2018,23,2
C00431056,2222018.0,15,2018,22,2
C00431056,2192018.0,50,2018,19,2
C00431056,2132018.0,100,2018,13,2
C00431056,2012018.0,50,2018,01,2
C00431056,2032018.0,25,2018,03,2
C00431056,2272018.0,35,2018,27,2
C00431056,2192018.0,20,2018,19,2
C00431056,2062018.0,25,2018,06,2
C00431056,2212018.0,35,2018,21,2
C00431056,2092018.0,60,2018,09,2
C00431056,2052018.0,50,2018,05,2
C00431056,2272018.0,25,2018,27,2
C00431056,2222018.0,25,2018,22,2
C00431056,2162018.0,10,2018,16,2
C00431056,2202018.0,2700,2018,20,2
C00431056,2222018.0,100,2018,22,2
C00431056,2132018.0,100,2018,13,2
C00431056,2132018.0,50,2018,13,2
C00431056,2282018.0,30,2018,28,2
C00431056,2252018.0,40,2018,25,2
C00431056,2212018.0,100,2018,21,2
C00431056,2102018.0,25,2018,10,2
C00431056,2032018.0,15,2018,03,2
C00431056,2052018.0,25,2018,05,2
C00431056,2212018.0,2700,2018,21,2
C00431056,2052018.0,50,2018,05,2
C00431056,2192018.0,50,2018,19,2
C00431056,2062018.0,250,2018,06,2
C00431056,2282018.0,25,2018,28,2
C00431056,2172018.0,5,2018,17,2
C00431056,2102018.0,25,2018,10,2
C00431056,2172018.0,40,2018,17,2
C00431056,2242018.0,40,2018,24,2
C00431056,2132018.0,75,2018,13,2
C00431056,2232018.0,500,2018,23,2
C00431056,2192018.0,100,2018,19,2
C00431056,2092018.0,20,2018,09,2
C00431056,2132018.0,250,2018,13,2
C00431056,2132018.0,750,2018,13,2
C00431056,2022018.0,15,2018,02,2
C00431056,2272018.0,5,2018,27,2
C00431056,2202018.0,25,2018,20,2
C00431056,2282018.0,250,2018,28,2
C00431056,2212018.0,50,2018,21,2
C00431056,2222018.0,1575,2018,22,2
C00431056,2132018.0,70,2018,13,2
C00431056,2092018.0,17,2018,09,2
C00431056,2012018.0,25,2018,01,2
C00431056,2222018.0,25,2018,22,2
C00431056,2232018.0,25,2018,23,2
C00431056,2152018.0,50,2018,15,2
C00431056,2122018.0,25,2018,12,2
C00431056,2182018.0,25,2018,18,2
C00431056,2052018.0,25,2018,05,2
C00431056,2062018.0,40,2018,06,2
C00431056,2222018.0,100,2018,22,2
C00431056,2132018.0,30,2018,13,2
C00431056,2132018.0,150,2018,13,2
C00431056,2222018.0,100,2018,22,2
C00431056,2132018.0,100,2018,13,2
C00431056,2182018.0,40,2018,18,2
C00431056,2202018.0,200,2018,20,2
C00431056,2112018.0,500,2018,11,2
C00431056,2082018.0,50,2018,08,2
C00431056,2232018.0,250,2018,23,2
C00431056,2132018.0,30,2018,13,2
C00431056,2092018.0,25,2018,09,2
C00431056,2072018.0,50,2018,07,2
C00431056,2232018.0,10,2018,23,2
C00431056,2262018.0,250,2018,26,2
C00431056,2282018.0,15,2018,28,2
C00431056,2272018.0,100,2018,27,2
C00431056,2272018.0,25,2018,27,2
C00431056,2272018.0,25,2018,27,2
C00431056,2222018.0,50,2018,22,2
C00431056,2132018.0,250,2018,13,2
C00431056,2032018.0,25,2018,03,2
C00431056,2282018.0,50,2018,28,2
C00431056,2262018.0,25,2018,26,2
C00431056,2282018.0,12,2018,28,2
C00431056,2132018.0,20,2018,13,2
C00431056,2102018.0,25,2018,10,2
C00431056,2062018.0,20,2018,06,2
C00431056,2232018.0,20,2018,23,2
C00431056,2262018.0,25,2018,26,2
C00431056,2032018.0,50,2018,03,2
C00431056,2242018.0,40,2018,24,2
C00431056,2152018.0,10,2018,15,2
C00431056,2192018.0,25,2018,19,2
C00431056,2202018.0,500,2018,20,2
C00431056,2072018.0,25,2018,07,2
C00431056,2222018.0,50,2018,22,2
C00431056,2022018.0,100,2018,02,2
C00431056,2142018.0,5,2018,14,2
C00431056,2192018.0,100,2018,19,2
C00431056,2282018.0,15,2018,28,2
C00431056,2242018.0,25,2018,24,2
C00431056,2212018.0,500,2018,21,2
C00431056,2182018.0,10,2018,18,2
C00431056,2052018.0,100,2018,05,2
C00431056,2162018.0,20,2018,16,2
C00431056,2132018.0,250,2018,13,2
C00431056,2252018.0,250,2018,25,2
C00431056,2172018.0,10,2018,17,2
C00431056,2072018.0,3,2018,07,2
C00431056,2082018.0,25,2018,08,2
C00431056,2122018.0,24,2018,12,2
C00431056,2142018.0,5,2018,14,2
C00431056,2062018.0,40,2018,06,2
C00431056,2222018.0,250,2018,22,2
C00431056,2212018.0,200,2018,21,2
C00431056,2192018.0,100,2018,19,2
C00431056,2252018.0,25,2018,25,2
C00431056,2062018.0,100,2018,06,2
C00431056,2192018.0,200,2018,19,2
C00431056,2212018.0,100,2018,21,2
C00431056,2282018.0,15,2018,28,2
C00431056,2282018.0,10,2018,28,2
C00431056,2192018.0,50,2018,19,2
C00431056,2212018.0,100,2018,21,2
C00431056,2132018.0,30,2018,13,2
C00431056,2212018.0,5,2018,21,2
C00431056,2102018.0,25,2018,10,2
C00431056,2242018.0,25,2018,24,2
C00431056,2182018.0,25,2018,18,2
C00431056,2182018.0,4,2018,18,2
C00431056,2182018.0,250,2018,18,2
C00431056,2052018.0,20,2018,05,2
C00431056,2282018.0,1000,2018,28,2
C00431056,2242018.0,10,2018,24,2
C00431056,2152018.0,25,2018,15,2
C00431056,2172018.0,5,2018,17,2
C00431056,2232018.0,25,2018,23,2
C00431056,2222018.0,100,2018,22,2
C00431056,2202018.0,500,2018,20,2
C00431056,2122018.0,100,2018,12,2
C00431056,2282018.0,50,2018,28,2
C00431056,2162018.0,25,2018,16,2
C00431056,2192018.0,100,2018,19,2
C00431056,2082018.0,250,2018,08,2
C00431056,2282018.0,25,2018,28,2
C00431056,2282018.0,50,2018,28,2
C00431056,2222018.0,50,2018,22,2
C00431056,2282018.0,15,2018,28,2
C00431056,2262018.0,1,2018,26,2
C00431056,2032018.0,25,2018,03,2
C00431056,2242018.0,10,2018,24,2
C00431056,2262018.0,2,2018,26,2
C00431056,2062018.0,50,2018,06,2
C00431056,2262018.0,500,2018,26,2
C00431056,2272018.0,100,2018,27,2
C00431056,2262018.0,10,2018,26,2
C00431056,2062018.0,50,2018,06,2
C00431056,2182018.0,25,2018,18,2
C00431056,2162018.0,150,2018,16,2
C00431056,2122018.0,1000,2018,12,2
C00431056,2212018.0,100,2018,21,2
C00431056,2112018.0,15,2018,11,2
C00431056,2262018.0,250,2018,26,2
C00431056,2252018.0,15,2018,25,2
C00431056,2182018.0,25,2018,18,2
C00431056,2132018.0,200,2018,13,2
C00431056,2272018.0,15,2018,27,2
C00431056,2172018.0,2,2018,17,2
C00431056,2252018.0,40,2018,25,2
C00431056,2242018.0,18,2018,24,2
C00431056,2212018.0,10,2018,21,2
C00431056,2262018.0,50,2018,26,2
C00431056,2072018.0,60,2018,07,2
C00431056,2082018.0,100,2018,08,2
C00431056,2212018.0,250,2018,21,2
C00431056,2152018.0,100,2018,15,2
C00431056,2212018.0,100,2018,21,2
C00431056,2282018.0,15,2018,28,2
C00431056,2222018.0,100,2018,22,2
C00431056,2202018.0,500,2018,20,2
C00431056,2112018.0,10,2018,11,2
C00431056,2132018.0,2700,2018,13,2
C00431056,2082018.0,50,2018,08,2
C00431056,2092018.0,100,2018,09,2
C00431056,2082018.0,25,2018,08,2
C00431056,2212018.0,100,2018,21,2
C00431056,2062018.0,25,2018,06,2
C00431056,2102018.0,10,2018,10,2
C00431056,2132018.0,250,2018,13,2
C00431056,2132018.0,100,2018,13,2
C00431056,2252018.0,10,2018,25,2
C00431056,2192018.0,25,2018,19,2
C00431056,2192018.0,300,2018,19,2
C00431056,2042018.0,20,2018,04,2
C00431056,2272018.0,26,2018,27,2
C00431056,2172018.0,25,2018,17,2
C00431056,2192018.0,50,2018,19,2
C00431056,2052018.0,25,2018,05,2
C00431056,2092018.0,50,2018,09,2
C00431056,2012018.0,25,2018,01,2
C00431056,2202018.0,25,2018,20,2
C00431056,2152018.0,27,2018,15,2
C00431056,2182018.0,50,2018,18,2
C00431056,2212018.0,250,2018,21,2
C00431056,2222018.0,200,2018,22,2
C00431056,2042018.0,10,2018,04,2
C00431056,2232018.0,25,2018,23,2
C00431056,2222018.0,25,2018,22,2
C00431056,2202018.0,26,2018,20,2
C00431056,2182018.0,24,2018,18,2
C00431056,2182018.0,5,2018,18,2
C00431056,2162018.0,2,2018,16,2
C00431056,2182018.0,100,2018,18,2
C00431056,2202018.0,2400,2018,20,2
C00431056,2212018.0,100,2018,21,2
C00431056,2222018.0,50,2018,22,2
C00431056,2222018.0,100,2018,22,2
C00431056,2012018.0,250,2018,01,2
C00431056,2252018.0,25,2018,25,2
C00431056,2132018.0,50,2018,13,2
C00431056,2282018.0,25,2018,28,2
C00431056,2232018.0,250,2018,23,2
C00431056,2222018.0,5,2018,22,2
C00431056,2212018.0,50,2018,21,2
C00431056,2222018.0,50,2018,22,2
C00431056,2282018.0,1000,2018,28,2
C00431056,2192018.0,10,2018,19,2
C00431056,2282018.0,50,2018,28,2
C00431056,2212018.0,25,2018,21,2
C00431056,2202018.0,50,2018,20,2
C00431056,2062018.0,500,2018,06,2
C00431056,2132018.0,50,2018,13,2
C00431056,2272018.0,25,2018,27,2
C00431056,2282018.0,20,2018,28,2
C00431056,2282018.0,30,2018,28,2
C00431056,2192018.0,100,2018,19,2
C00431056,2132018.0,50,2018,13,2
C00431056,2182018.0,40,2018,18,2
C00431056,2152018.0,25,2018,15,2
C00431056,2022018.0,10,2018,02,2
C00431056,2202018.0,5,2018,20,2
C00431056,2192018.0,100,2018,19,2
C00431056,2192018.0,50,2018,19,2
C00431056,2202018.0,1000,2018,20,2
C00431056,2212018.0,210,2018,21,2
C00431056,2102018.0,5,2018,10,2
C00431056,2232018.0,5,2018,23,2
C00431056,2242018.0,40,2018,24,2
C00431056,2132018.0,50,2018,13,2
C00431056,2192018.0,10,2018,19,2
C00431056,2032018.0,25,2018,03,2
C00431056,2222018.0,50,2018,22,2
C00431056,2062018.0,25,2018,06,2
C00431056,2222018.0,300,2018,22,2
C00431056,2212018.0,300,2018,21,2
C00431056,2082018.0,250,2018,08,2
C00431056,2262018.0,25,2018,26,2
C00431056,2282018.0,50,2018,28,2
C00431056,2072018.0,10,2018,07,2
C00431056,2032018.0,50,2018,03,2
C00431056,2182018.0,2,2018,18,2
C00431056,2072018.0,5,2018,07,2
C00431056,2222018.0,100,2018,22,2
C00431056,2182018.0,200,2018,18,2
C00431056,2112018.0,15,2018,11,2
C00431056,2132018.0,25,2018,13,2
C00431056,2022018.0,25,2018,02,2
C00431056,2012018.0,10,2018,01,2
C00431056,2272018.0,10,2018,27,2
C00431056,2252018.0,8,2018,25,2
C00431056,2172018.0,5,2018,17,2
C00431056,2192018.0,500,2018,19,2
C00431056,2202018.0,2400,2018,20,2
C00431056,2212018.0,50,2018,21,2
C00431056,2072018.0,50,2018,07,2
C00431056,2132018.0,35,2018,13,2
C00431056,2282018.0,100,2018,28,2
C00431056,2192018.0,25,2018,19,2
C00431056,2202018.0,25,2018,20,2
C00431056,2232018.0,100,2018,23,2
C00431056,2182018.0,25,2018,18,2
C00431056,2182018.0,25,2018,18,2
C00431056,2262018.0,250,2018,26,2
C00431056,2282018.0,500,2018,28,2
C00431056,2102018.0,10,2018,10,2
C00431056,2222018.0,50,2018,22,2
C00431056,2132018.0,25,2018,13,2
C00431056,2182018.0,50,2018,18,2
C00431056,2072018.0,25,2018,07,2
C00431056,2032018.0,15,2018,03,2
C00431056,2272018.0,50,2018,27,2
C00431056,2162018.0,60,2018,16,2
C00431056,2172018.0,115,2018,17,2
C00431056,2132018.0,100,2018,13,2
C00431056,2132018.0,50,2018,13,2
C00431056,2272018.0,15,2018,27,2
C00431056,2192018.0,250,2018,19,2
C00431056,2222018.0,100,2018,22,2
C00431056,2182018.0,500,2018,18,2
C00431056,2222018.0,2700,2018,22,2
C00431056,2222018.0,2700,2018,22,2
C00431056,2042018.0,500,2018,04,2
C00431056,2012018.0,1600,2018,01,2
C00431056,2042018.0,100,2018,04,2
C00431056,2012018.0,25,2018,01,2
C00431056,2202018.0,10,2018,20,2
C00431056,2222018.0,25,2018,22,2
C00431056,2222018.0,15,2018,22,2
C00431056,2272018.0,500,2018,27,2
C00431056,2172018.0,10,2018,17,2
C00431056,2212018.0,50,2018,21,2
C00431056,2072018.0,10,2018,07,2
C00431056,2072018.0,500,2018,07,2
C00431056,2142018.0,100,2018,14,2
C00431056,2062018.0,100,2018,06,2
C00431056,2222018.0,50,2018,22,2
C00431056,2132018.0,25,2018,13,2
C00431056,2202018.0,80,2018,20,2
C00431056,2232018.0,25,2018,23,2
C00431056,2202018.0,10,2018,20,2
C00431056,2062018.0,1000,2018,06,2
C00431056,2142018.0,10,2018,14,2
C00431056,2172018.0,25,2018,17,2
C00431056,2082018.0,25,2018,08,2
C00431056,2092018.0,30,2018,09,2
C00431056,2182018.0,50,2018,18,2
C00431056,2272018.0,250,2018,27,2
C00431056,2282018.0,2,2018,28,2
C00431056,2132018.0,2700,2018,13,2
C00431056,2022018.0,10,2018,02,2
C00431056,2092018.0,50,2018,09,2
C00431056,2282018.0,30,2018,28,2
C00431056,2062018.0,150,2018,06,2
C00431056,2192018.0,40,2018,19,2
C00431056,2052018.0,100,2018,05,2
C00431056,2202018.0,1000,2018,20,2
C00431056,2282018.0,250,2018,28,2
C00431056,2272018.0,25,2018,27,2
C00431056,2222018.0,80,2018,22,2
C00431056,2122018.0,40,2018,12,2
C00431056,2042018.0,50,2018,04,2
C00431056,2192018.0,10,2018,19,2
C00431056,2052018.0,500,2018,05,2
C00431056,2202018.0,10,2018,20,2
C00431056,2062018.0,250,2018,06,2
C00431056,2142018.0,10,2018,14,2
C00431056,2192018.0,40,2018,19,2
C00431056,2202018.0,10,2018,20,2
C00431056,2082018.0,50,2018,08,2
C00431056,2212018.0,50,2018,21,2
C00431056,2122018.0,15,2018,12,2
C00431056,2162018.0,25,2018,16,2
C00431056,2282018.0,40,2018,28,2
C00431056,2242018.0,15,2018,24,2
C00431056,2182018.0,50,2018,18,2
C00431056,2282018.0,1000,2018,28,2
C00431056,2212018.0,500,2018,21,2
C00431056,2072018.0,100,2018,07,2
C00431056,2242018.0,10,2018,24,2
C00431056,2232018.0,25,2018,23,2
C00431056,2192018.0,50,2018,19,2
C00431056,2192018.0,18,2018,19,2
C00431056,2192018.0,100,2018,19,2
C00431056,2192018.0,50,2018,19,2
C00431056,2152018.0,25,2018,15,2
C00431056,2222018.0,75,2018,22,2
C00431056,2222018.0,100,2018,22,2
C00431056,2172018.0,25,2018,17,2
C00431056,2182018.0,20,2018,18,2
C00431056,2132018.0,100,2018,13,2
C00431056,2282018.0,25,2018,28,2
C00431056,2202018.0,25,2018,20,2
C00431056,2222018.0,30,2018,22,2
C00431056,2132018.0,30,2018,13,2
C00431056,2192018.0,150,2018,19,2
C00431056,2042018.0,30,2018,04,2
C00431056,2132018.0,150,2018,13,2
C00431056,2282018.0,250,2018,28,2
C00431056,2272018.0,10,2018,27,2
C00431056,2282018.0,28,2018,28,2
C00431056,2162018.0,500,2018,16,2
C00431056,2102018.0,75,2018,10,2
C00431056,2142018.0,100,2018,14,2
C00431056,2172018.0,75,2018,17,2
C00431056,2262018.0,25,2018,26,2
C00431056,2062018.0,2500,2018,06,2
C00431056,2212018.0,150,2018,21,2
C00431056,2222018.0,25,2018,22,2
C00431056,2252018.0,50,2018,25,2
C00431056,2192018.0,50,2018,19,2
C00431056,2112018.0,25,2018,11,2
C00431056,2212018.0,2,2018,21,2
C00431056,2132018.0,30,2018,13,2
C00431056,2132018.0,100,2018,13,2
C00431056,2022018.0,25,2018,02,2
C00431056,2012018.0,50,2018,01,2
C00431056,2162018.0,10,2018,16,2
C00431056,2052018.0,450,2018,05,2
C00431056,2132018.0,200,2018,13,2
C00431056,2282018.0,25,2018,28,2
C00431056,2252018.0,50,2018,25,2
C00431056,2192018.0,150,2018,19,2
C00431056,2202018.0,2,2018,20,2
C00431056,2212018.0,300,2018,21,2
C00431056,2132018.0,50,2018,13,2
C00431056,2222018.0,15,2018,22,2
C00431056,2242018.0,25,2018,24,2
C00431056,2272018.0,10,2018,27,2
C00431056,2282018.0,160,2018,28,2
C00431056,2042018.0,500,2018,04,2
C00431056,2272018.0,5,2018,27,2
C00431056,2122018.0,25,2018,12,2
C00431056,2082018.0,20,2018,08,2
C00431056,2132018.0,30,2018,13,2
C00431056,2032018.0,25,2018,03,2
C00431056,2062018.0,250,2018,06,2
C00431056,2202018.0,100,2018,20,2
C00431056,2242018.0,100,2018,24,2
C00431056,2082018.0,25,2018,08,2
C00431056,2162018.0,25,2018,16,2
C00431056,2192018.0,200,2018,19,2
C00431056,2262018.0,5,2018,26,2
C00431056,2062018.0,100,2018,06,2
C00431056,2282018.0,500,2018,28,2
C00431056,2192018.0,10,2018,19,2
C00431056,2212018.0,25,2018,21,2
C00431056,2182018.0,25,2018,18,2
C00431056,2032018.0,30,2018,03,2
C00431056,2012018.0,100,2018,01,2
C00431056,2282018.0,100,2018,28,2
C00431056,2242018.0,50,2018,24,2
C00431056,2132018.0,50,2018,13,2
C00431056,2282018.0,80,2018,28,2
C00431056,2192018.0,30,2018,19,2
C00431056,2202018.0,2700,2018,20,2
C00431056,2062018.0,25,2018,06,2
C00431056,2232018.0,10,2018,23,2
C00431056,2132018.0,250,2018,13,2
C00431056,2162018.0,25,2018,16,2
C00431056,2192018.0,100,2018,19,2
C00431056,2192018.0,100,2018,19,2
C00431056,2202018.0,15,2018,20,2
C00431056,2062018.0,60,2018,06,2
C00431056,2192018.0,150,2018,19,2
C00431056,2202018.0,2700,2018,20,2
C00431056,2072018.0,10,2018,07,2
C00431056,2202018.0,10,2018,20,2
C00431056,2012018.0,10,2018,01,2
C00431056,2272018.0,50,2018,27,2
C00431056,2232018.0,5,2018,23,2
C00431056,2282018.0,5,2018,28,2
C00431056,2272018.0,10,2018,27,2
C00431056,2052018.0,6,2018,05,2
C00431056,2132018.0,50,2018,13,2
C00431056,2222018.0,200,2018,22,2
C00431056,2152018.0,1000,2018,15,2
C00431056,2112018.0,25,2018,11,2
C00431056,2212018.0,250,2018,21,2
C00431056,2222018.0,30,2018,22,2
C00431056,2132018.0,100,2018,13,2
C00431056,2272018.0,50,2018,27,2
C00431056,2272018.0,10,2018,27,2
C00431056,2162018.0,100,2018,16,2
C00431056,2052018.0,35,2018,05,2
C00431056,2062018.0,25,2018,06,2
C00431056,2222018.0,50,2018,22,2
C00431056,2222018.0,100,2018,22,2
C00431056,2222018.0,50,2018,22,2
C00431056,2132018.0,100,2018,13,2
C00431056,2282018.0,500,2018,28,2
C00431056,2232018.0,2,2018,23,2
C00431056,2232018.0,10,2018,23,2
C00431056,2252018.0,54,2018,25,2
C00431056,2242018.0,15,2018,24,2
C00431056,2272018.0,1000,2018,27,2
C00431056,2162018.0,1700,2018,16,2
C00431056,2282018.0,2700,2018,28,2
C00431056,2072018.0,10,2018,07,2
C00431056,2212018.0,150,2018,21,2
C00431056,2112018.0,60,2018,11,2
C00431056,2132018.0,25,2018,13,2
C00431056,2282018.0,5,2018,28,2
C00431056,2222018.0,100,2018,22,2
C00431056,2132018.0,1000,2018,13,2
C00431056,2202018.0,10,2018,20,2
C00431056,2202018.0,20,2018,20,2
C00431056,2242018.0,200,2018,24,2
C00431056,2132018.0,25,2018,13,2
C00431056,2142018.0,25,2018,14,2
C00431056,2092018.0,50,2018,09,2
C00431056,2082018.0,2,2018,08,2
C00431056,2282018.0,50,2018,28,2
C00431056,2082018.0,50,2018,08,2
C00431056,2232018.0,50,2018,23,2
C00431056,2032018.0,50,2018,03,2
C00431056,2202018.0,25,2018,20,2
C00431056,2122018.0,25,2018,12,2
C00431056,2272018.0,25,2018,27,2
C00431056,2192018.0,25,2018,19,2
C00431056,2222018.0,150,2018,22,2
C00431056,2202018.0,25,2018,20,2
C00431056,2072018.0,25,2018,07,2
C00431056,2222018.0,50,2018,22,2
C00431056,2122018.0,20,2018,12,2
C00431056,2092018.0,400,2018,09,2
C00431056,2222018.0,50,2018,22,2
C00431056,2232018.0,25,2018,23,2
C00431056,2072018.0,20,2018,07,2
C00431056,2182018.0,25,2018,18,2
C00431056,2182018.0,3,2018,18,2
C00431056,2182018.0,40,2018,18,2
C00431056,2212018.0,500,2018,21,2
C00431056,2222018.0,200,2018,22,2
C00431056,2142018.0,1000,2018,14,2
C00431056,2012018.0,25,2018,01,2
C00431056,2222018.0,250,2018,22,2
C00431056,2032018.0,30,2018,03,2
C00431056,2032018.0,250,2018,03,2
C00431056,2272018.0,10,2018,27,2
C00431056,2282018.0,15,2018,28,2
C00431056,2222018.0,250,2018,22,2
C00431056,2272018.0,250,2018,27,2
C00431056,2092018.0,10,2018,09,2
C00431056,2152018.0,60,2018,15,2
C00431056,2122018.0,10,2018,12,2
C00431056,2052018.0,150,2018,05,2
C00431056,2252018.0,25,2018,25,2
C00431056,2272018.0,1000,2018,27,2
C00431056,2222018.0,25,2018,22,2
C00431056,2212018.0,20,2018,21,2
C00431056,2272018.0,250,2018,27,2
C00431056,2282018.0,20,2018,28,2
C00431056,2222018.0,100,2018,22,2
C00431056,2212018.0,25,2018,21,2
C00431056,2212018.0,40,2018,21,2
C00431056,2242018.0,50,2018,24,2
C00431056,2062018.0,25,2018,06,2
C00431056,2132018.0,100,2018,13,2
C00431056,2222018.0,250,2018,22,2
C00431056,2212018.0,25,2018,21,2
C00431056,2062018.0,100,2018,06,2
C00431056,2122018.0,15,2018,12,2
C00431056,2182018.0,5,2018,18,2
C00431056,2282018.0,250,2018,28,2
C00431056,2132018.0,40,2018,13,2
C00431056,2192018.0,20,2018,19,2
C00431056,2212018.0,50,2018,21,2
C00431056,2282018.0,26,2018,28,2
C00431056,2282018.0,50,2018,28,2
C00431056,2212018.0,25,2018,21,2
C00431056,2242018.0,3,2018,24,2
C00431056,2222018.0,25,2018,22,2
C00431056,2142018.0,25,2018,14,2
C00431056,2092018.0,40,2018,09,2
C00431056,2132018.0,25,2018,13,2
C00431056,2252018.0,25,2018,25,2
C00431056,2012018.0,1360,2018,01,2
C00431056,2012018.0,1340,2018,01,2
C00431056,2212018.0,50,2018,21,2
C00431056,2092018.0,20,2018,09,2
C00431056,2142018.0,20,2018,14,2
C00431056,2132018.0,10,2018,13,2
C00431056,2132018.0,5,2018,13,2
C00431056,2202018.0,25,2018,20,2
C00431056,2252018.0,15,2018,25,2
C00431056,2022018.0,10,2018,02,2
C00431056,2272018.0,500,2018,27,2
C00431056,2062018.0,250,2018,06,2
C00431056,2182018.0,75,2018,18,2
C00431056,2082018.0,25,2018,08,2
C00431056,2142018.0,25,2018,14,2
C00431056,2132018.0,50,2018,13,2
C00431056,2192018.0,150,2018,19,2
C00431056,2172018.0,25,2018,17,2
C00431056,2132018.0,2700,2018,13,2
C00431056,2262018.0,50,2018,26,2
C00431056,2192018.0,150,2018,19,2
C00431056,2072018.0,5,2018,07,2
C00431056,2052018.0,1000,2018,05,2
C00431056,2172018.0,80,2018,17,2
C00431056,2122018.0,35,2018,12,2
C00431056,2282018.0,15,2018,28,2
C00431056,2282018.0,25,2018,28,2
C00431056,2282018.0,500,2018,28,2
C00431056,2222018.0,50,2018,22,2
C00431056,2222018.0,100,2018,22,2
C00431056,2192018.0,250,2018,19,2
C00431056,2102018.0,100,2018,10,2
C00431056,2222018.0,25,2018,22,2
C00431056,2242018.0,23,2018,24,2
C00431056,2282018.0,20,2018,28,2
C00431056,2262018.0,500,2018,26,2
C00431056,2222018.0,250,2018,22,2
C00431056,2222018.0,25,2018,22,2
C00431056,2202018.0,10,2018,20,2
C00431056,2232018.0,50,2018,23,2
C00431056,2192018.0,50,2018,19,2
C00431056,2192018.0,35,2018,19,2
C00431056,2202018.0,100,2018,20,2
C00431056,2232018.0,15,2018,23,2
C00431056,2132018.0,20,2018,13,2
C00431056,2222018.0,100,2018,22,2
C00431056,2282018.0,10,2018,28,2
C00431056,2192018.0,1000,2018,19,2
C00431056,2062018.0,125,2018,06,2
C00431056,2282018.0,1000,2018,28,2
C00431056,2282018.0,100,2018,28,2
C00431056,2182018.0,20,2018,18,2
C00431056,2122018.0,25,2018,12,2
C00431056,2192018.0,100,2018,19,2
C00431056,2172018.0,25,2018,17,2
C00431056,2212018.0,100,2018,21,2
C00431056,2132018.0,50,2018,13,2
C00431056,2032018.0,10,2018,03,2
C00431056,2022018.0,25,2018,02,2
C00431056,2212018.0,100,2018,21,2
C00431056,2092018.0,50,2018,09,2
C00431056,2102018.0,25,2018,10,2
C00431056,2072018.0,5,2018,07,2
C00431056,2282018.0,100,2018,28,2
C00431056,2122018.0,40,2018,12,2
C00431056,2202018.0,2700,2018,20,2
C00431056,2282018.0,500,2018,28,2
C00431056,2172018.0,25,2018,17,2
C00431056,2132018.0,200,2018,13,2
C00431056,2122018.0,250,2018,12,2
C00431056,2202018.0,2400,2018,20,2
C00431056,2092018.0,500,2018,09,2
C00431056,2082018.0,25,2018,08,2
C00431056,2272018.0,26,2018,27,2
C00431056,2252018.0,35,2018,25,2
C00431056,2052018.0,50,2018,05,2
C00431056,2102018.0,75,2018,10,2
C00431056,2012018.0,5,2018,01,2
C00431056,2022018.0,115,2018,02,2
C00431056,2282018.0,100,2018,28,2
C00431056,2232018.0,25,2018,23,2
C00431056,2202018.0,2700,2018,20,2
C00431056,2192018.0,100,2018,19,2
C00431056,2192018.0,30,2018,19,2
C00431056,2222018.0,500,2018,22,2
C00431056,2102018.0,10,2018,10,2
C00431056,2222018.0,30,2018,22,2
C00431056,2262018.0,300,2018,26,2
C00431056,2192018.0,100,2018,19,2
C00431056,2222018.0,100,2018,22,2
C00431056,2192018.0,150,2018,19,2
C00431056,2132018.0,100,2018,13,2
C00431056,2132018.0,50,2018,13,2
C00431056,2132018.0,50,2018,13,2
C00431056,2192018.0,15,2018,19,2
C00431056,2062018.0,25,2018,06,2
C00431056,2122018.0,250,2018,12,2
C00431056,2062018.0,50,2018,06,2
C00431056,2262018.0,500,2018,26,2
C00431056,2242018.0,5,2018,24,2
C00431056,2222018.0,25,2018,22,2
C00431056,2252018.0,100,2018,25,2
C00431056,2062018.0,2700,2018,06,2
C00431056,2052018.0,2700,2018,05,2
C00431056,2242018.0,25,2018,24,2
C00431056,2202018.0,100,2018,20,2
C00431056,2062018.0,500,2018,06,2
C00431056,2202018.0,5,2018,20,2
C00431056,2172018.0,11,2018,17,2
C00431056,2192018.0,100,2018,19,2
C00431056,2162018.0,25,2018,16,2
C00431056,2122018.0,25,2018,12,2
C00431056,2212018.0,30,2018,21,2
C00431056,2052018.0,100,2018,05,2
C00431056,2192018.0,100,2018,19,2
C00431056,2212018.0,2700,2018,21,2
C00431056,2012018.0,50,2018,01,2
C00431056,2142018.0,25,2018,14,2
C00431056,2132018.0,15,2018,13,2
C00431056,2282018.0,200,2018,28,2
C00431056,2212018.0,100,2018,21,2
C00431056,2082018.0,25,2018,08,2
C00431056,2092018.0,15,2018,09,2
C00431056,2192018.0,100,2018,19,2
C00431056,2212018.0,100,2018,21,2
C00431056,2262018.0,10,2018,26,2
C00431056,2272018.0,26,2018,27,2
C00431056,2222018.0,75,2018,22,2
C00431056,2132018.0,100,2018,13,2
C00431056,2182018.0,25,2018,18,2
C00431056,2082018.0,10,2018,08,2
C00431056,2042018.0,250,2018,04,2
C00431056,2092018.0,75,2018,09,2
C00431056,2212018.0,30,2018,21,2
C00431056,2222018.0,50,2018,22,2
C00431056,2222018.0,10,2018,22,2
C00431056,2132018.0,30,2018,13,2
C00431056,2282018.0,10,2018,28,2
C00431056,2232018.0,18,2018,23,2
C00431056,2262018.0,2,2018,26,2
C00431056,2282018.0,12,2018,28,2
C00431056,2222018.0,25,2018,22,2
C00431056,2192018.0,10,2018,19,2
C00431056,2042018.0,30,2018,04,2
C00431056,2062018.0,300,2018,06,2
C00431056,2172018.0,50,2018,17,2
C00431056,2172018.0,35,2018,17,2
C00431056,2072018.0,40,2018,07,2
C00431056,2082018.0,35,2018,08,2
C00431056,2022018.0,50,2018,02,2
C00431056,2192018.0,100,2018,19,2
C00431056,2072018.0,16,2018,07,2
C00431056,2042018.0,10,2018,04,2
C00431056,2282018.0,80,2018,28,2
C00431056,2202018.0,80,2018,20,2
C00431056,2252018.0,60,2018,25,2
C00431056,2182018.0,22,2018,18,2
C00431056,2222018.0,250,2018,22,2
C00431056,2242018.0,25,2018,24,2
C00431056,2192018.0,50,2018,19,2
C00431056,2132018.0,25,2018,13,2
C00431056,2142018.0,45,2018,14,2
C00431056,2172018.0,25,2018,17,2
C00431056,2142018.0,15,2018,14,2
C00431056,2122018.0,25,2018,12,2
C00431056,2062018.0,30,2018,06,2
C00431056,2182018.0,10,2018,18,2
C00431056,2192018.0,10,2018,19,2
C00431056,2222018.0,50,2018,22,2
C00431056,2012018.0,250,2018,01,2
C00431056,2182018.0,25,2018,18,2
C00431056,2172018.0,60,2018,17,2
C00431056,2182018.0,75,2018,18,2
C00431056,2122018.0,5,2018,12,2
C00431056,2092018.0,40,2018,09,2
C00431056,2142018.0,7,2018,14,2
C00431056,2192018.0,100,2018,19,2
C00431056,2062018.0,500,2018,06,2
C00431056,2062018.0,200,2018,06,2
C00431056,2132018.0,14,2018,13,2
C00431056,2122018.0,40,2018,12,2
C00431056,2182018.0,5,2018,18,2
C00431056,2162018.0,25,2018,16,2
C00431056,2262018.0,50,2018,26,2
C00431056,2262018.0,10,2018,26,2
C00431056,2262018.0,10,2018,26,2
C00431056,2272018.0,250,2018,27,2
C00431056,2212018.0,20,2018,21,2
C00431056,2222018.0,250,2018,22,2
C00431056,2222018.0,30,2018,22,2
C00431056,2272018.0,250,2018,27,2
C00431056,2282018.0,50,2018,28,2
C00431056,2052018.0,500,2018,05,2
C00431056,2222018.0,10,2018,22,2
C00431056,2222018.0,50,2018,22,2
C00431056,2072018.0,15,2018,07,2
C00431056,2072018.0,100,2018,07,2
C00431056,2132018.0,500,2018,13,2
C00431056,2022018.0,15,2018,02,2
C00431056,2192018.0,100,2018,19,2
C00431056,2152018.0,2200,2018,15,2
C00431056,2112018.0,50,2018,11,2
C00431056,2102018.0,10,2018,10,2
C00431056,2282018.0,3,2018,28,2
C00431056,2222018.0,100,2018,22,2
C00431056,2132018.0,100,2018,13,2
C00431056,2132018.0,50,2018,13,2
C00431056,2142018.0,50,2018,14,2
C00431056,2152018.0,15,2018,15,2
C00431056,2212018.0,250,2018,21,2
C00431056,2032018.0,10,2018,03,2
C00431056,2282018.0,20,2018,28,2
C00431056,2242018.0,50,2018,24,2
C00431056,2062018.0,100,2018,06,2
C00431056,2042018.0,25,2018,04,2
C00431056,2012018.0,250,2018,01,2
C00431056,2182018.0,25,2018,18,2
C00431056,2212018.0,30,2018,21,2
C00431056,2192018.0,100,2018,19,2
C00431056,2112018.0,1000,2018,11,2
C00431056,2132018.0,250,2018,13,2
C00431056,2132018.0,50,2018,13,2
C00431056,2012018.0,50,2018,01,2
C00431056,2192018.0,60,2018,19,2
C00431056,2222018.0,50,2018,22,2
C00431056,2252018.0,25,2018,25,2
C00431056,2282018.0,25,2018,28,2
C00431056,2192018.0,40,2018,19,2
C00431056,2252018.0,10,2018,25,2
C00431056,2062018.0,25,2018,06,2
C00431056,2092018.0,75,2018,09,2
C00431056,2072018.0,80,2018,07,2
C00431056,2132018.0,50,2018,13,2
C00431056,2012018.0,160,2018,01,2
C00431056,2192018.0,150,2018,19,2
C00431056,2232018.0,25,2018,23,2
C00431056,2232018.0,250,2018,23,2
C00431056,2192018.0,25,2018,19,2
C00431056,2122018.0,20,2018,12,2
C00431056,2102018.0,15,2018,10,2
C00431056,2072018.0,250,2018,07,2
C00431056,2012018.0,250,2018,01,2
C00431056,2262018.0,500,2018,26,2
C00431056,2042018.0,50,2018,04,2
C00431056,2072018.0,300,2018,07,2
C00431056,2202018.0,100,2018,20,2
C00431056,2122018.0,100,2018,12,2
C00431056,2012018.0,20,2018,01,2
C00431056,2012018.0,680,2018,01,2
C00431056,2222018.0,50,2018,22,2
C00431056,2012018.0,21,2018,01,2
C00431056,2282018.0,20,2018,28,2
C00431056,2222018.0,250,2018,22,2
C00431056,2132018.0,10,2018,13,2
C00431056,2282018.0,1400,2018,28,2
C00431056,2222018.0,250,2018,22,2
C00431056,2092018.0,10,2018,09,2
C00431056,2192018.0,50,2018,19,2
C00431056,2052018.0,6,2018,05,2
C00431056,2222018.0,100,2018,22,2
C00431056,2282018.0,50,2018,28,2
C00431056,2062018.0,100,2018,06,2
C00431056,2282018.0,25,2018,28,2
C00431056,2192018.0,50,2018,19,2
C00431056,2242018.0,2,2018,24,2
C00431056,2222018.0,50,2018,22,2
C00431056,2222018.0,50,2018,22,2
C00431056,2132018.0,50,2018,13,2
C00431056,2132018.0,100,2018,13,2
C00431056,2212018.0,2700,2018,21,2
C00431056,2102018.0,35,2018,10,2
C00431056,2212018.0,30,2018,21,2
C00431056,2282018.0,25,2018,28,2
C00431056,2262018.0,100,2018,26,2
C00431056,2242018.0,50,2018,24,2
C00431056,2202018.0,25,2018,20,2
C00431056,2202018.0,10,2018,20,2
C00431056,2092018.0,10,2018,09,2
C00431056,2012018.0,10,2018,01,2
C00431056,2172018.0,250,2018,17,2
C00431056,2282018.0,100,2018,28,2
C00431056,2242018.0,50,2018,24,2
C00431056,2212018.0,250,2018,21,2
C00431056,2102018.0,25,2018,10,2
C00431056,2122018.0,1000,2018,12,2
C00431056,2132018.0,25,2018,13,2
C00431056,2182018.0,5,2018,18,2
C00431056,2132018.0,100,2018,13,2
C00431056,2252018.0,75,2018,25,2
C00431056,2282018.0,25,2018,28,2
C00431056,2132018.0,25,2018,13,2
C00431056,2192018.0,500,2018,19,2
C00431056,2112018.0,10,2018,11,2
C00431056,2132018.0,100,2018,13,2
C00431056,2132018.0,50,2018,13,2
C00431056,2072018.0,25,2018,07,2
C00431056,2052018.0,25,2018,05,2
C00431056,2192018.0,100,2018,19,2
C00431056,2192018.0,350,2018,19,2
C00431056,2092018.0,25,2018,09,2
C00431056,2062018.0,25,2018,06,2
C00431056,2042018.0,15,2018,04,2
C00431056,2212018.0,25,2018,21,2
C00431056,2182018.0,300,2018,18,2
C00431056,2222018.0,100,2018,22,2
C00431056,2132018.0,100,2018,13,2
C00431056,2132018.0,50,2018,13,2
C00431056,2062018.0,2,2018,06,2
C00431056,2112018.0,1200,2018,11,2
C00431056,2012018.0,36,2018,01,2
C00431056,2212018.0,10,2018,21,2
C00431056,2272018.0,1500,2018,27,2
C00431056,2082018.0,50,2018,08,2
C00431056,2192018.0,25,2018,19,2
C00431056,2252018.0,1000,2018,25,2
C00431056,2282018.0,10,2018,28,2
C00431056,2162018.0,10,2018,16,2
C00431056,2162018.0,2,2018,16,2
C00431056,2162018.0,10,2018,16,2
C00431056,2222018.0,50,2018,22,2
C00431056,2132018.0,25,2018,13,2
C00431056,2262018.0,50,2018,26,2
C00431056,2262018.0,25,2018,26,2
C00431056,2222018.0,15,2018,22,2
C00431056,2242018.0,25,2018,24,2
C00431056,2062018.0,80,2018,06,2
C00431056,2132018.0,1700,2018,13,2
C00431056,2282018.0,21,2018,28,2
C00431056,2192018.0,25,2018,19,2
C00431056,2182018.0,50,2018,18,2
C00431056,2282018.0,150,2018,28,2
C00431056,2162018.0,25,2018,16,2
C00431056,2152018.0,25,2018,15,2
C00431056,2222018.0,25,2018,22,2
C00431056,2252018.0,100,2018,25,2
C00431056,2102018.0,200,2018,10,2
C00431056,2052018.0,7,2018,05,2
C00431056,2132018.0,100,2018,13,2
C00431056,2252018.0,100,2018,25,2
C00431056,2212018.0,5,2018,21,2
C00431056,2212018.0,200,2018,21,2
C00431056,2232018.0,25,2018,23,2
C00431056,2132018.0,500,2018,13,2
C00431056,2182018.0,25,2018,18,2
C00431056,2122018.0,50,2018,12,2
C00431056,2062018.0,80,2018,06,2
C00431056,2122018.0,15,2018,12,2
C00431056,2132018.0,30,2018,13,2
C00431056,2022018.0,100,2018,02,2
C00431056,2102018.0,50,2018,10,2
C00431056,2282018.0,25,2018,28,2
C00431056,2032018.0,2,2018,03,2
C00431056,2012018.0,25,2018,01,2
C00431056,2242018.0,100,2018,24,2
C00431056,2242018.0,500,2018,24,2
C00431056,2152018.0,25,2018,15,2
C00431056,2192018.0,500,2018,19,2
C00431056,2132018.0,100,2018,13,2
C00431056,2082018.0,80,2018,08,2
C00431056,2182018.0,50,2018,18,2
C00431056,2212018.0,100,2018,21,2
C00431056,2112018.0,50,2018,11,2
C00431056,2222018.0,30,2018,22,2
C00431056,2132018.0,500,2018,13,2
C00431056,2262018.0,10,2018,26,2
C00431056,2132018.0,35,2018,13,2
C00431056,2072018.0,60,2018,07,2
C00431056,2132018.0,50,2018,13,2
C00431056,2042018.0,10,2018,04,2
C00431056,2042018.0,50,2018,04,2
C00431056,2052018.0,10,2018,05,2
C00431056,2192018.0,100,2018,19,2
C00431056,2212018.0,100,2018,21,2
C00431056,2282018.0,50,2018,28,2
C00431056,2252018.0,250,2018,25,2
C00431056,2192018.0,50,2018,19,2
C00431056,2192018.0,25,2018,19,2
C00431056,2202018.0,75,2018,20,2
C00431056,2212018.0,50,2018,21,2
C00431056,2232018.0,25,2018,23,2
C00431056,2082018.0,100,2018,08,2
C00431056,2062018.0,200,2018,06,2
C00431056,2162018.0,100,2018,16,2
C00431056,2192018.0,50,2018,19,2
C00431056,2022018.0,25,2018,02,2
C00431056,2282018.0,25,2018,28,2
C00431056,2242018.0,50,2018,24,2
C00431056,2222018.0,100,2018,22,2
C00431056,2132018.0,100,2018,13,2
C00431056,2132018.0,50,2018,13,2
C00431056,2282018.0,2,2018,28,2
C00431056,2062018.0,5,2018,06,2
C00431056,2222018.0,60,2018,22,2
C00431056,2222018.0,100,2018,22,2
C00431056,2132018.0,50,2018,13,2
C00431056,2072018.0,10,2018,07,2
C00431056,2272018.0,250,2018,27,2
C00431056,2062018.0,200,2018,06,2
C00431056,2202018.0,100,2018,20,2
C00431056,2172018.0,25,2018,17,2
C00431056,2202018.0,1500,2018,20,2
C00431056,2062018.0,10,2018,06,2
C00431056,2022018.0,13,2018,02,2
C00431056,2232018.0,100,2018,23,2
C00431056,2062018.0,100,2018,06,2
C00431056,2142018.0,5,2018,14,2
C00431056,2132018.0,50,2018,13,2
C00431056,2092018.0,100,2018,09,2
C00431056,2182018.0,250,2018,18,2
C00431056,2282018.0,50,2018,28,2
C00431056,2282018.0,30,2018,28,2
C00431056,2142018.0,2,2018,14,2
C00431056,2052018.0,15,2018,05,2
C00431056,2222018.0,1000,2018,22,2
C00431056,2092018.0,12,2018,09,2
C00431056,2132018.0,300,2018,13,2
C00431056,2222018.0,50,2018,22,2
C00431056,2012018.0,25,2018,01,2
C00431056,2192018.0,50,2018,19,2
C00431056,2192018.0,35,2018,19,2
C00431056,2222018.0,80,2018,22,2
C00431056,2282018.0,100,2018,28,2
C00431056,2222018.0,1000,2018,22,2
C00431056,2202018.0,2,2018,20,2
C00431056,2192018.0,10,2018,19,2
C00431056,2062018.0,5,2018,06,2
C00431056,2282018.0,25,2018,28,2
C00431056,2272018.0,20,2018,27,2
C00431056,2222018.0,250,2018,22,2
C00431056,2282018.0,50,2018,28,2
C00431056,2272018.0,25,2018,27,2
C00431056,2242018.0,15,2018,24,2
C00431056,2212018.0,50,2018,21,2
C00431056,2282018.0,50,2018,28,2
C00431056,2282018.0,25,2018,28,2
C00431056,2222018.0,2,2018,22,2
C00431056,2272018.0,50,2018,27,2
C00431056,2092018.0,40,2018,09,2
C00431056,2102018.0,25,2018,10,2
C00431056,2032018.0,25,2018,03,2
C00431056,2222018.0,25,2018,22,2
C00431056,2132018.0,50,2018,13,2
C00431056,2212018.0,100,2018,21,2
C00431056,2132018.0,500,2018,13,2
C00431056,2012018.0,25,2018,01,2
C00431056,2212018.0,25,2018,21,2
C00431056,2182018.0,10,2018,18,2
C00431056,2172018.0,100,2018,17,2
C00431056,2192018.0,100,2018,19,2
C00431056,2282018.0,25,2018,28,2
C00431056,2122018.0,250,2018,12,2
C00431056,2162018.0,100,2018,16,2
C00431056,2282018.0,5,2018,28,2
C00431056,2282018.0,100,2018,28,2
C00431056,2222018.0,5,2018,22,2
C00431056,2222018.0,30,2018,22,2
C00431056,2132018.0,30,2018,13,2
C00431056,2132018.0,45,2018,13,2
C00431056,2282018.0,25,2018,28,2
C00431056,2282018.0,5,2018,28,2
C00431056,2282018.0,25,2018,28,2
C00431056,2072018.0,40,2018,07,2
C00431056,2282018.0,40,2018,28,2
C00431056,2182018.0,50,2018,18,2
C00431056,2212018.0,100,2018,21,2
C00431056,2262018.0,25,2018,26,2
C00431056,2222018.0,30,2018,22,2
C00431056,2122018.0,50,2018,12,2
C00431056,2092018.0,15,2018,09,2
C00431056,2262018.0,25,2018,26,2
C00431056,2142018.0,500,2018,14,2
C00431056,2282018.0,50,2018,28,2
C00431056,2282018.0,50,2018,28,2
C00431056,2122018.0,5,2018,12,2
C00431056,2212018.0,250,2018,21,2
C00431056,2092018.0,25,2018,09,2
C00431056,2172018.0,25,2018,17,2
C00431056,2282018.0,150,2018,28,2
C00431056,2242018.0,10,2018,24,2
C00431056,2162018.0,25,2018,16,2
C00431056,2122018.0,25,2018,12,2
C00431056,2062018.0,300,2018,06,2
C00431056,2182018.0,25,2018,18,2
C00431056,2242018.0,15,2018,24,2
C00431056,2062018.0,150,2018,06,2
C00431056,2172018.0,12,2018,17,2
C00431056,2282018.0,25,2018,28,2
C00431056,2212018.0,50,2018,21,2
C00431056,2062018.0,100,2018,06,2
C00431056,2122018.0,100,2018,12,2
C00431056,2282018.0,1000,2018,28,2
C00431056,2162018.0,10,2018,16,2
C00431056,2092018.0,50,2018,09,2
C00431056,2262018.0,2700,2018,26,2
C00431056,2252018.0,100,2018,25,2
C00431056,2222018.0,5,2018,22,2
C00431056,2122018.0,50,2018,12,2
C00431056,2132018.0,100,2018,13,2
C00431056,2222018.0,25,2018,22,2
C00431056,2242018.0,50,2018,24,2
C00431056,2152018.0,5,2018,15,2
C00431056,2082018.0,50,2018,08,2
C00431056,2072018.0,25,2018,07,2
C00431056,2202018.0,25,2018,20,2
C00431056,2242018.0,50,2018,24,2
C00431056,2132018.0,2,2018,13,2
C00431056,2212018.0,50,2018,21,2
C00431056,2102018.0,15,2018,10,2
C00431056,2272018.0,100,2018,27,2
C00431056,2282018.0,25,2018,28,2
C00431056,2262018.0,50,2018,26,2
C00431056,2282018.0,25,2018,28,2
C00431056,2172018.0,10,2018,17,2
C00431056,2192018.0,30,2018,19,2
C00431056,2202018.0,500,2018,20,2
C00431056,2092018.0,25,2018,09,2
C00431056,2222018.0,50,2018,22,2
C00431056,2132018.0,500,2018,13,2
C00431056,2132018.0,1000,2018,13,2
C00431056,2272018.0,3,2018,27,2
C00431056,2072018.0,2,2018,07,2
C00431056,2132018.0,30,2018,13,2
C00431056,2222018.0,50,2018,22,2
C00431056,2282018.0,25,2018,28,2
C00431056,2052018.0,75,2018,05,2
C00431056,2272018.0,2,2018,27,2
C00431056,2282018.0,25,2018,28,2
C00431056,2172018.0,5,2018,17,2
C00431056,2042018.0,100,2018,04,2
C00431056,2172018.0,80,2018,17,2
C00431056,2142018.0,100,2018,14,2
C00431056,2082018.0,2,2018,08,2
C00431056,2192018.0,50,2018,19,2
C00431056,2202018.0,2700,2018,20,2
C00431056,2012018.0,25,2018,01,2
C00431056,2272018.0,26,2018,27,2
C00431056,2252018.0,2,2018,25,2
C00431056,2222018.0,500,2018,22,2
C00431056,2132018.0,250,2018,13,2
C00431056,2232018.0,30,2018,23,2
C00431056,2262018.0,5,2018,26,2
C00431056,2232018.0,50,2018,23,2
C00431056,2212018.0,250,2018,21,2
C00431056,2112018.0,50,2018,11,2
C00431056,2222018.0,50,2018,22,2
C00431056,2222018.0,100,2018,22,2
C00431056,2132018.0,250,2018,13,2
C00431056,2282018.0,500,2018,28,2
C00431056,2192018.0,500,2018,19,2
C00431056,2262018.0,80,2018,26,2
C00431056,2052018.0,1000,2018,05,2
C00431056,2052018.0,10,2018,05,2
C00431056,2132018.0,50,2018,13,2
C00431056,2192018.0,100,2018,19,2
C00431056,2222018.0,250,2018,22,2
C00431056,2032018.0,10,2018,03,2
C00431056,2272018.0,10,2018,27,2
C00431056,2192018.0,25,2018,19,2
C00431056,2212018.0,30,2018,21,2
C00431056,2092018.0,1000,2018,09,2
C00431056,2272018.0,500,2018,27,2
C00431056,2282018.0,20,2018,28,2
C00431056,2062018.0,100,2018,06,2
C00431056,2062018.0,100,2018,06,2
C00431056,2152018.0,5,2018,15,2
C00431056,2252018.0,25,2018,25,2
C00431056,2192018.0,50,2018,19,2
C00431056,2232018.0,100,2018,23,2
C00431056,2212018.0,25,2018,21,2
C00431056,2262018.0,250,2018,26,2
C00431056,2132018.0,1000,2018,13,2
C00431056,2192018.0,100,2018,19,2
C00431056,2092018.0,25,2018,09,2
C00431056,2282018.0,500,2018,28,2
C00431056,2282018.0,25,2018,28,2
C00431056,2132018.0,100,2018,13,2
C00431056,2282018.0,25,2018,28,2
C00431056,2232018.0,15,2018,23,2
C00431056,2192018.0,50,2018,19,2
C00431056,2202018.0,2500,2018,20,2
C00431056,2282018.0,100,2018,28,2
C00431056,2262018.0,20,2018,26,2
C00431056,2022018.0,100,2018,02,2
C00431056,2032018.0,10,2018,03,2
C00431056,2242018.0,50,2018,24,2
C00431056,2222018.0,250,2018,22,2
C00431056,2132018.0,250,2018,13,2
C00431056,2252018.0,25,2018,25,2
C00431056,2232018.0,25,2018,23,2
C00431056,2232018.0,10,2018,23,2
C00431056,2212018.0,25,2018,21,2
C00431056,2262018.0,5,2018,26,2
C00431056,2212018.0,25,2018,21,2
C00431056,2162018.0,500,2018,16,2
C00431056,2202018.0,10,2018,20,2
C00431056,2272018.0,25,2018,27,2
C00431056,2062018.0,30,2018,06,2
C00431056,2022018.0,25,2018,02,2
C00431056,2082018.0,40,2018,08,2
C00431056,2072018.0,10,2018,07,2
C00431056,2102018.0,20,2018,10,2
C00431056,2282018.0,25,2018,28,2
C00431056,2132018.0,25,2018,13,2
C00431056,2212018.0,500,2018,21,2
C00431056,2052018.0,8,2018,05,2
C00431056,2272018.0,5,2018,27,2
C00431056,2272018.0,26,2018,27,2
C00431056,2152018.0,25,2018,15,2
C00431056,2132018.0,30,2018,13,2
C00431056,2242018.0,25,2018,24,2
C00431056,2192018.0,50,2018,19,2
C00431056,2172018.0,11,2018,17,2
C00431056,2272018.0,25,2018,27,2
C00431056,2262018.0,1000,2018,26,2
C00431056,2192018.0,500,2018,19,2
C00431056,2222018.0,500,2018,22,2
C00431056,2182018.0,10,2018,18,2
C00431056,2282018.0,200,2018,28,2
C00431056,2222018.0,1000,2018,22,2
C00431056,2022018.0,50,2018,02,2
C00431056,2042018.0,25,2018,04,2
C00431056,2112018.0,50,2018,11,2
C00431056,2132018.0,30,2018,13,2
C00431056,2192018.0,15,2018,19,2
C00431056,2232018.0,135,2018,23,2
C00431056,2062018.0,100,2018,06,2
C00431056,2132018.0,50,2018,13,2
C00431056,2032018.0,25,2018,03,2
C00431056,2242018.0,100,2018,24,2
C00431056,2062018.0,25,2018,06,2
C00431056,2222018.0,100,2018,22,2
C00431056,2242018.0,40,2018,24,2
C00431056,2142018.0,20,2018,14,2
C00431056,2142018.0,40,2018,14,2
C00431056,2212018.0,25,2018,21,2
C00431056,2232018.0,20,2018,23,2
C00431056,2162018.0,50,2018,16,2
C00431056,2172018.0,25,2018,17,2
C00431056,2142018.0,10,2018,14,2
C00431056,2012018.0,10,2018,01,2
C00431056,2202018.0,25,2018,20,2
C00431056,2112018.0,30,2018,11,2
C00431056,2082018.0,25,2018,08,2
C00431056,2022018.0,250,2018,02,2
C00431056,2262018.0,500,2018,26,2
C00431056,2282018.0,250,2018,28,2
C00431056,2272018.0,15,2018,27,2
C00431056,2242018.0,100,2018,24,2
C00431056,2272018.0,35,2018,27,2
C00431056,2022018.0,250,2018,02,2
C00431056,2222018.0,80,2018,22,2
C00431056,2132018.0,100,2018,13,2
C00431056,2042018.0,5,2018,04,2
C00431056,2192018.0,30,2018,19,2
C00431056,2212018.0,500,2018,21,2
C00431056,2222018.0,30,2018,22,2
C00431056,2262018.0,25,2018,26,2
C00431056,2122018.0,35,2018,12,2
C00431056,2082018.0,75,2018,08,2
C00431056,2172018.0,25,2018,17,2
C00431056,2062018.0,50,2018,06,2
C00431056,2132018.0,50,2018,13,2
C00431056,2232018.0,25,2018,23,2
C00431056,2212018.0,100,2018,21,2
C00431056,2192018.0,10,2018,19,2
C00431056,2212018.0,25,2018,21,2
C00431056,2222018.0,100,2018,22,2
C00431056,2282018.0,10,2018,28,2
C00431056,2212018.0,15,2018,21,2
C00431056,2242018.0,50,2018,24,2
C00431056,2192018.0,500,2018,19,2
C00431056,2152018.0,10,2018,15,2
C00431056,2192018.0,500,2018,19,2
C00431056,2032018.0,10,2018,03,2
C00431056,2192018.0,50,2018,19,2
C00431056,2282018.0,25,2018,28,2
C00431056,2252018.0,100,2018,25,2
C00431056,2232018.0,100,2018,23,2
C00431056,2092018.0,10,2018,09,2
C00431056,2162018.0,25,2018,16,2
C00431056,2192018.0,300,2018,19,2
C00431056,2212018.0,100,2018,21,2
C00431056,2092018.0,25,2018,09,2
C00431056,2202018.0,1000,2018,20,2
C00431056,2212018.0,250,2018,21,2
C00431056,2212018.0,40,2018,21,2
C00431056,2192018.0,115,2018,19,2
C00431056,2182018.0,9,2018,18,2
C00431056,2202018.0,5,2018,20,2
C00431056,2022018.0,300,2018,02,2
C00431056,2282018.0,5,2018,28,2
C00431056,2102018.0,200,2018,10,2
C00431056,2212018.0,15,2018,21,2
C00431056,2192018.0,25,2018,19,2
C00431056,2062018.0,100,2018,06,2
C00431056,2252018.0,25,2018,25,2
C00431056,2282018.0,250,2018,28,2
C00431056,2132018.0,300,2018,13,2
C00431056,2282018.0,50,2018,28,2
C00431056,2012018.0,50,2018,01,2
C00431056,2082018.0,50,2018,08,2
C00431056,2222018.0,25,2018,22,2
C00431056,2252018.0,100,2018,25,2
C00431056,2242018.0,15,2018,24,2
C00431056,2082018.0,25,2018,08,2
C00431056,2192018.0,50,2018,19,2
C00431056,2122018.0,200,2018,12,2
C00431056,2192018.0,500,2018,19,2
C00431056,2052018.0,1000,2018,05,2
C00431056,2282018.0,100,2018,28,2
C00431056,2212018.0,100,2018,21,2
C00431056,2262018.0,10,2018,26,2
C00431056,2222018.0,5,2018,22,2
C00431056,2212018.0,10,2018,21,2
C00431056,2202018.0,5,2018,20,2
C00431056,2172018.0,25,2018,17,2
C00431056,2282018.0,75,2018,28,2
C00431056,2262018.0,250,2018,26,2
C00431056,2242018.0,50,2018,24,2
C00431056,2262018.0,25,2018,26,2
C00431056,2222018.0,250,2018,22,2
C00431056,2162018.0,25,2018,16,2
C00431056,2132018.0,50,2018,13,2
C00431056,2132018.0,500,2018,13,2
C00431056,2082018.0,75,2018,08,2
C00431056,2192018.0,10,2018,19,2
C00431056,2282018.0,15,2018,28,2
C00431056,2132018.0,750,2018,13,2
C00431056,2192018.0,300,2018,19,2
C00431056,2122018.0,25,2018,12,2
C00431056,2032018.0,10,2018,03,2
C00431056,2032018.0,50,2018,03,2
C00431056,2212018.0,50,2018,21,2
C00431056,2252018.0,200,2018,25,2
C00431056,2272018.0,50,2018,27,2
C00431056,2232018.0,10,2018,23,2
C00431056,2062018.0,60,2018,06,2
C00431056,2212018.0,100,2018,21,2
C00431056,2282018.0,25,2018,28,2
C00431056,2182018.0,20,2018,18,2
C00431056,2252018.0,6,2018,25,2
C00431056,2162018.0,10,2018,16,2
C00431056,2142018.0,100,2018,14,2
C00431056,2082018.0,25,2018,08,2
C00431056,2132018.0,2700,2018,13,2
C00431056,2202018.0,2700,2018,20,2
C00431056,2182018.0,25,2018,18,2
C00431056,2212018.0,100,2018,21,2
C00431056,2182018.0,5,2018,18,2
C00431056,2202018.0,2,2018,20,2
C00431056,2212018.0,2,2018,21,2
C00431056,2222018.0,2,2018,22,2
C00431056,2222018.0,1,2018,22,2
C00431056,2232018.0,2,2018,23,2
C00431056,2242018.0,500,2018,24,2
C00431056,2192018.0,25,2018,19,2
C00431056,2162018.0,10,2018,16,2
C00431056,2212018.0,10,2018,21,2
C00431056,2282018.0,15,2018,28,2
C00431056,2192018.0,100,2018,19,2
C00431056,2272018.0,15,2018,27,2
C00431056,2112018.0,25,2018,11,2
C00431056,2192018.0,20,2018,19,2
C00431056,2212018.0,210,2018,21,2
C00431056,2092018.0,15,2018,09,2
C00431056,2062018.0,100,2018,06,2
C00431056,2142018.0,20,2018,14,2
C00431056,2122018.0,25,2018,12,2
C00431056,2242018.0,18,2018,24,2
C00431056,2272018.0,25,2018,27,2
C00431056,2062018.0,500,2018,06,2
C00431056,2162018.0,50,2018,16,2
C00431056,2202018.0,25,2018,20,2
C00431056,2112018.0,60,2018,11,2
C00431056,2252018.0,25,2018,25,2
C00431056,2252018.0,25,2018,25,2
C00431056,2282018.0,100,2018,28,2
C00431056,2222018.0,50,2018,22,2
C00431056,2192018.0,25,2018,19,2
C00431056,2192018.0,150,2018,19,2
C00431056,2022018.0,50,2018,02,2
C00431056,2282018.0,50,2018,28,2
C00431056,2062018.0,200,2018,06,2
C00431056,2242018.0,25,2018,24,2
C00431056,2162018.0,25,2018,16,2
C00431056,2272018.0,100,2018,27,2
C00431056,2232018.0,250,2018,23,2
C00431056,2282018.0,10,2018,28,2
C00431056,2202018.0,200,2018,20,2
C00431056,2222018.0,100,2018,22,2
C00431056,2042018.0,25,2018,04,2
C00431056,2102018.0,20,2018,10,2
C00431056,2212018.0,10,2018,21,2
C00431056,2132018.0,250,2018,13,2
C00431056,2132018.0,30,2018,13,2
C00431056,2062018.0,150,2018,06,2
C00431056,2212018.0,150,2018,21,2
C00431056,2272018.0,100,2018,27,2
C00431056,2242018.0,50,2018,24,2
C00431056,2242018.0,500,2018,24,2
C00431056,2092018.0,25,2018,09,2
C00431056,2282018.0,250,2018,28,2
C00431056,2212018.0,100,2018,21,2
C00431056,2192018.0,50,2018,19,2
C00431056,2252018.0,60,2018,25,2
C00431056,2072018.0,80,2018,07,2
C00431056,2092018.0,10,2018,09,2
C00431056,2132018.0,100,2018,13,2
C00431056,2262018.0,250,2018,26,2
C00431056,2192018.0,50,2018,19,2
C00431056,2042018.0,10,2018,04,2
C00431056,2192018.0,100,2018,19,2
C00431056,2202018.0,25,2018,20,2
C00431056,2252018.0,25,2018,25,2
C00431056,2162018.0,25,2018,16,2
C00431056,2132018.0,25,2018,13,2
C00431056,2182018.0,25,2018,18,2
C00431056,2132018.0,200,2018,13,2
C00431056,2132018.0,250,2018,13,2
C00431056,2182018.0,10,2018,18,2
C00431056,2062018.0,50,2018,06,2
C00431056,2282018.0,50,2018,28,2
C00431056,2072018.0,10,2018,07,2
C00431056,2242018.0,25,2018,24,2
C00431056,2122018.0,40,2018,12,2
C00431056,2182018.0,250,2018,18,2
C00431056,2262018.0,50,2018,26,2
C00431056,2282018.0,2700,2018,28,2
C00431056,2282018.0,25,2018,28,2
C00431056,2112018.0,500,2018,11,2
C00431056,2162018.0,25,2018,16,2
C00431056,2212018.0,25,2018,21,2
C00431056,2212018.0,25,2018,21,2
C00431056,2142018.0,1000,2018,14,2
C00431056,2282018.0,1000,2018,28,2
C00431056,2282018.0,50,2018,28,2
C00431056,2272018.0,15,2018,27,2
C00431056,2232018.0,15,2018,23,2
C00431056,2282018.0,160,2018,28,2
C00431056,2282018.0,25,2018,28,2
C00431056,2222018.0,50,2018,22,2
C00431056,2012018.0,250,2018,01,2
C00431056,2222018.0,100,2018,22,2
C00431056,2192018.0,150,2018,19,2
C00431056,2182018.0,20,2018,18,2
C00431056,2102018.0,100,2018,10,2
C00431056,2102018.0,25,2018,10,2
C00431056,2212018.0,25,2018,21,2
C00431056,2272018.0,25,2018,27,2
C00431056,2042018.0,30,2018,04,2
C00431056,2062018.0,25,2018,06,2
C00431056,2182018.0,40,2018,18,2
C00431056,2192018.0,10,2018,19,2
C00431056,2032018.0,50,2018,03,2
C00431056,2222018.0,25,2018,22,2
C00431056,2282018.0,250,2018,28,2
C00431056,2012018.0,250,2018,01,2
C00431056,2282018.0,20,2018,28,2
C00431056,2272018.0,10,2018,27,2
C00431056,2232018.0,250,2018,23,2
C00431056,2192018.0,30,2018,19,2
C00431056,2232018.0,10,2018,23,2
C00431056,2182018.0,40,2018,18,2
C00431056,2282018.0,15,2018,28,2
C00431056,2272018.0,5,2018,27,2
C00431056,2282018.0,25,2018,28,2
C00431056,2182018.0,22,2018,18,2
C00431056,2192018.0,50,2018,19,2
C00431056,2092018.0,25,2018,09,2
C00431056,2152018.0,27,2018,15,2
C00431056,2132018.0,250,2018,13,2
C00431056,2092018.0,25,2018,09,2
C00431056,2092018.0,20,2018,09,2
C00431056,2132018.0,500,2018,13,2
C00431056,2162018.0,20,2018,16,2
C00431056,2192018.0,250,2018,19,2
C00431056,2252018.0,25,2018,25,2
C00431056,2242018.0,15,2018,24,2
C00431056,2102018.0,15,2018,10,2
C00431056,2032018.0,10,2018,03,2
C00431056,2022018.0,10,2018,02,2
C00431056,2032018.0,25,2018,03,2
C00431056,2042018.0,5,2018,04,2
C00431056,2112018.0,10,2018,11,2
C00431056,2042018.0,10,2018,04,2
C00431056,2282018.0,100,2018,28,2
C00431056,2222018.0,250,2018,22,2
C00431056,2272018.0,25,2018,27,2
C00431056,2062018.0,50,2018,06,2
C00431056,2252018.0,15,2018,25,2
C00431056,2052018.0,25,2018,05,2
C00431056,2072018.0,50,2018,07,2
C00431056,2222018.0,5,2018,22,2
C00431056,2162018.0,20,2018,16,2
C00431056,2032018.0,25,2018,03,2
C00431056,2062018.0,80,2018,06,2
C00431056,2222018.0,80,2018,22,2
C00431056,2282018.0,80,2018,28,2
C00431056,2192018.0,50,2018,19,2
C00431056,2192018.0,50,2018,19,2
C00431056,2022018.0,50,2018,02,2
C00431056,2282018.0,80,2018,28,2
C00431056,2012018.0,700,2018,01,2
C00431056,2012018.0,20,2018,01,2
C00431056,2212018.0,250,2018,21,2
C00431056,2212018.0,300,2018,21,2
C00431056,2242018.0,50,2018,24,2
C00431056,2282018.0,25,2018,28,2
C00431056,2122018.0,5,2018,12,2
C00431056,2052018.0,25,2018,05,2
C00431056,2192018.0,500,2018,19,2
C00431056,2282018.0,12,2018,28,2
C00431056,2052018.0,50,2018,05,2
C00431056,2232018.0,50,2018,23,2
C00431056,2082018.0,50,2018,08,2
C00431056,2222018.0,50,2018,22,2
C00431056,2032018.0,25,2018,03,2
C00431056,2222018.0,50,2018,22,2
C00431056,2132018.0,45,2018,13,2
C00431056,2052018.0,1000,2018,05,2
C00431056,2052018.0,75,2018,05,2
C00431056,2022018.0,10,2018,02,2
C00431056,2032018.0,10,2018,03,2
C00431056,2072018.0,5,2018,07,2
C00431056,2162018.0,25,2018,16,2
C00431056,2182018.0,10,2018,18,2
C00431056,2282018.0,1000,2018,28,2
C00431056,2022018.0,10,2018,02,2
C00431056,2192018.0,50,2018,19,2
C00431056,2282018.0,50,2018,28,2
C00431056,2202018.0,2700,2018,20,2
C00431056,2202018.0,2700,2018,20,2
C00431056,2232018.0,250,2018,23,2
C00431056,2182018.0,25,2018,18,2
C00431056,2132018.0,200,2018,13,2
C00431056,2202018.0,100,2018,20,2
C00431056,2262018.0,2700,2018,26,2
C00431056,2122018.0,35,2018,12,2
C00431056,2212018.0,25,2018,21,2
C00431056,2282018.0,5,2018,28,2
C00431056,2042018.0,500,2018,04,2
C00431056,2042018.0,100,2018,04,2
C00431056,2222018.0,100,2018,22,2
C00431056,2222018.0,2700,2018,22,2
C00431056,2182018.0,500,2018,18,2
C00431056,2222018.0,2700,2018,22,2
C00431056,2222018.0,100,2018,22,2
C00431056,2142018.0,30,2018,14,2
C00431056,2282018.0,2700,2018,28,2
C00431056,2232018.0,2600,2018,23,2
C00431056,2282018.0,15,2018,28,2
C00431056,2282018.0,100,2018,28,2
C00431056,2282018.0,50,2018,28,2
C00431056,2282018.0,100,2018,28,2
C00431056,2272018.0,50,2018,27,2
C00431056,2232018.0,25,2018,23,2
C00431056,2062018.0,35,2018,06,2
C00431056,2122018.0,10,2018,12,2
C00431056,2122018.0,250,2018,12,2
C00431056,2162018.0,15,2018,16,2
C00431056,2082018.0,25,2018,08,2
C00431056,2202018.0,2700,2018,20,2
C00431056,2222018.0,50,2018,22,2
C00431056,2282018.0,25,2018,28,2
C00431056,2062018.0,100,2018,06,2
C00431056,2112018.0,25,2018,11,2
C00431056,2092018.0,5,2018,09,2
C00431056,2282018.0,50,2018,28,2
C00431056,2102018.0,25,2018,10,2
C00431056,2132018.0,100,2018,13,2
C00431056,2222018.0,1125,2018,22,2
C00431056,2262018.0,25,2018,26,2
C00431056,2212018.0,20,2018,21,2
C00431056,2222018.0,100,2018,22,2
C00431056,2282018.0,250,2018,28,2
C00431056,2062018.0,500,2018,06,2
C00654822,2282018.0,50,2018,28,2
C00654822,2172018.0,40,2018,17,2
C00654822,2282018.0,25,2018,28,2
C00654822,2252018.0,30,2018,25,2
C00654822,2092018.0,200,2018,09,2
C00654822,2272018.0,25,2018,27,2
C00654822,2282018.0,250,2018,28,2
C00654822,2142018.0,500,2018,14,2
C00654822,2252018.0,50,2018,25,2
C00654822,2252018.0,100,2018,25,2
C00654822,2132018.0,25,2018,13,2
C00654822,2272018.0,200,2018,27,2
C00654822,2132018.0,250,2018,13,2
C00654822,2132018.0,500,2018,13,2
C00654822,2182018.0,1000,2018,18,2
C00654822,2062018.0,75,2018,06,2
C00654822,2272018.0,10,2018,27,2
C00654822,2282018.0,20,2018,28,2
C00654822,2252018.0,400,2018,25,2
C00654822,2092018.0,10,2018,09,2
C00654822,2252018.0,10,2018,25,2
C00654822,2232018.0,100,2018,23,2
C00654822,2282018.0,100,2018,28,2
C00654822,2082018.0,20,2018,08,2
C00654822,2072018.0,10,2018,07,2
C00654822,2282018.0,10,2018,28,2
C00654822,2102018.0,250,2018,10,2
C00654822,2212018.0,100,2018,21,2
C00654822,2032018.0,25,2018,03,2
C00654822,2242018.0,50,2018,24,2
C00654822,2132018.0,50,2018,13,2
C00654822,2192018.0,50,2018,19,2
C00654822,2112018.0,20,2018,11,2
C00654822,2252018.0,100,2018,25,2
C00654822,2252018.0,50,2018,25,2
C00654822,2042018.0,100,2018,04,2
C00654822,2282018.0,2700,2018,28,2
C00654822,2252018.0,100,2018,25,2
C00654822,2282018.0,50,2018,28,2
C00654822,2252018.0,50,2018,25,2
C00654822,2102018.0,50,2018,10,2
C00654822,2252018.0,50,2018,25,2
C00654822,2242018.0,100,2018,24,2
C00654822,2162018.0,50,2018,16,2
C00654822,2042018.0,75,2018,04,2
C00654822,2162018.0,500,2018,16,2
C00654822,2262018.0,100,2018,26,2
C00654822,2022018.0,100,2018,02,2
C00654822,2182018.0,50,2018,18,2
C00654822,2142018.0,50,2018,14,2
C00654822,2262018.0,500,2018,26,2
C00654822,2232018.0,100,2018,23,2
C00654822,2282018.0,100,2018,28,2
C00654822,2212018.0,250,2018,21,2
C00654822,2242018.0,25,2018,24,2
C00654822,2072018.0,3,2018,07,2
C00654822,2232018.0,250,2018,23,2
C00654822,2262018.0,100,2018,26,2
C00654822,2222018.0,25,2018,22,2
C00654822,2132018.0,5,2018,13,2
C00654822,2272018.0,25,2018,27,2
C00654822,2282018.0,500,2018,28,2
C00654822,2112018.0,6,2018,11,2
C00654822,2012018.0,25,2018,01,2
C00654822,2132018.0,250,2018,13,2
C00654822,2232018.0,10,2018,23,2
C00654822,2242018.0,250,2018,24,2
C00654822,2082018.0,110,2018,08,2
C00654822,2192018.0,25,2018,19,2
C00654822,2182018.0,1000,2018,18,2
C00654822,2082018.0,25,2018,08,2
C00654822,2212018.0,25,2018,21,2
C00654822,2092018.0,50,2018,09,2
C00654822,2262018.0,250,2018,26,2
C00654822,2112018.0,50,2018,11,2
C00654822,2232018.0,50,2018,23,2
C00654822,2092018.0,25,2018,09,2
C00654822,2252018.0,10,2018,25,2
C00654822,2202018.0,600,2018,20,2
C00654822,2222018.0,25,2018,22,2
C00654822,2042018.0,50,2018,04,2
C00654822,2282018.0,20,2018,28,2
C00654822,2142018.0,100,2018,14,2
C00654822,2202018.0,25,2018,20,2
C00654822,2172018.0,5,2018,17,2
C00654822,2252018.0,25,2018,25,2
C00654822,2122018.0,1000,2018,12,2
C00654822,2072018.0,25,2018,07,2
C00654822,2012018.0,50,2018,01,2
C00654822,2122018.0,1000,2018,12,2
C00654822,2182018.0,50,2018,18,2
C00654822,2282018.0,100,2018,28,2
C00654822,2252018.0,250,2018,25,2
C00654822,2252018.0,10,2018,25,2
C00654822,2272018.0,6,2018,27,2
C00654822,2092018.0,250,2018,09,2
C00654822,2012018.0,25,2018,01,2
C00654822,2282018.0,100,2018,28,2
C00654822,2082018.0,20,2018,08,2
C00654822,2202018.0,250,2018,20,2
C00654822,2052018.0,1000,2018,05,2
C00654822,2252018.0,250,2018,25,2
C00654822,2192018.0,250,2018,19,2
C00654822,2252018.0,25,2018,25,2
C00654822,2192018.0,250,2018,19,2
C00654822,2092018.0,50,2018,09,2
C00654822,2052018.0,500,2018,05,2
C00654822,2232018.0,2500,2018,23,2
C00654822,2212018.0,25,2018,21,2
C00654822,2202018.0,100,2018,20,2
C00654822,2232018.0,25,2018,23,2
C00654822,2232018.0,100,2018,23,2
C00654822,2092018.0,10,2018,09,2
C00654822,2092018.0,25,2018,09,2
C00654822,2012018.0,25,2018,01,2
C00654822,2112018.0,20,2018,11,2
C00654822,2022018.0,100,2018,02,2
C00654822,2282018.0,25,2018,28,2
C00654822,2102018.0,250,2018,10,2
C00654822,2062018.0,75,2018,06,2
C00654822,2272018.0,10,2018,27,2
C00654822,2112018.0,50,2018,11,2
C00654822,2262018.0,35,2018,26,2
C00654822,2262018.0,10,2018,26,2
C00654822,2162018.0,100,2018,16,2
C00654822,2262018.0,100,2018,26,2
C00654822,2192018.0,100,2018,19,2
C00654822,2252018.0,50,2018,25,2
C00654822,2252018.0,10,2018,25,2
C00654822,2132018.0,50,2018,13,2
C00654822,2282018.0,250,2018,28,2
C00654822,2252018.0,50,2018,25,2
C00654822,2282018.0,10,2018,28,2
C00654822,2252018.0,250,2018,25,2
C00654822,2232018.0,10,2018,23,2
C00654822,2132018.0,250,2018,13,2
C00654822,2242018.0,10,2018,24,2
C00654822,2262018.0,50,2018,26,2
C00654822,2252018.0,10,2018,25,2
C00654822,2142018.0,200,2018,14,2
C00654822,2282018.0,50,2018,28,2
C00654822,2192018.0,1000,2018,19,2
C00654822,2272018.0,1000,2018,27,2
C00654822,2042018.0,20,2018,04,2
C00654822,2252018.0,250,2018,25,2
C00654822,2032018.0,25,2018,03,2
C00654822,2282018.0,500,2018,28,2
C00654822,2112018.0,6,2018,11,2
C00654822,2202018.0,100,2018,20,2
C00654822,2272018.0,5,2018,27,2
C00654822,2272018.0,100,2018,27,2
C00654822,2182018.0,25,2018,18,2
C00654822,2052018.0,500,2018,05,2
C00654822,2252018.0,100,2018,25,2
C00654822,2282018.0,275,2018,28,2
C00654822,2232018.0,5,2018,23,2
C00654822,2082018.0,25,2018,08,2
C00654822,2222018.0,25,2018,22,2
C00654822,2132018.0,100,2018,13,2
C00654822,2092018.0,250,2018,09,2
C00654822,2202018.0,35,2018,20,2
C00654822,2252018.0,100,2018,25,2
C00654822,2252018.0,50,2018,25,2
C00654822,2172018.0,40,2018,17,2
C00654822,2232018.0,100,2018,23,2
C00654822,2252018.0,30,2018,25,2
C00654822,2282018.0,100,2018,28,2
C00654822,2212018.0,250,2018,21,2
C00654822,2072018.0,3,2018,07,2
C00654822,2252018.0,100,2018,25,2
C00654822,2072018.0,200,2018,07,2
C00654822,2162018.0,100,2018,16,2
C00654822,2182018.0,50,2018,18,2
C00654822,2162018.0,10,2018,16,2
C00654822,2252018.0,10,2018,25,2
C00654822,2252018.0,250,2018,25,2
C00654822,2122018.0,5,2018,12,2
C00654822,2282018.0,2700,2018,28,2
C00654822,2272018.0,1000,2018,27,2
C00654822,2102018.0,10,2018,10,2
C00654822,2012018.0,75,2018,01,2
C00654822,2162018.0,50,2018,16,2
C00654822,2272018.0,50,2018,27,2
C00654822,2132018.0,5,2018,13,2
C00654822,2252018.0,50,2018,25,2
C00654822,2242018.0,100,2018,24,2
C00654822,2062018.0,10,2018,06,2
C00654822,2122018.0,250,2018,12,2
C00654822,2242018.0,500,2018,24,2
C00654822,2132018.0,25,2018,13,2
C00654822,2182018.0,1000,2018,18,2
C00654822,2182018.0,250,2018,18,2
C00654822,2282018.0,250,2018,28,2
C00654822,2142018.0,500,2018,14,2
C00654822,2262018.0,500,2018,26,2
C00654822,2142018.0,50,2018,14,2
C00654822,2202018.0,50,2018,20,2
C00654822,2062018.0,50,2018,06,2
C00654822,2252018.0,250,2018,25,2
C00654822,2272018.0,200,2018,27,2
C00654822,2132018.0,50,2018,13,2
C00654822,2242018.0,50,2018,24,2
C00654822,2282018.0,6,2018,28,2
C00654822,2282018.0,100,2018,28,2
C00654822,2202018.0,500,2018,20,2
C00654822,2282018.0,4,2018,28,2
C00654822,2042018.0,100,2018,04,2
C00654822,2122018.0,100,2018,12,2
C00654822,2162018.0,500,2018,16,2
C00654822,2042018.0,75,2018,04,2
C00654822,2262018.0,100,2018,26,2
C00654822,2262018.0,100,2018,26,2
C00654822,2102018.0,250,2018,10,2
C00654822,2072018.0,10,2018,07,2
C00654822,2262018.0,250,2018,26,2
C00654822,2232018.0,800,2018,23,2
C00654822,2182018.0,1000,2018,18,2
C00654822,2192018.0,100,2018,19,2
C00654822,2282018.0,6,2018,28,2
C00654822,2212018.0,25,2018,21,2
C00654822,2132018.0,500,2018,13,2
C00654822,2192018.0,10,2018,19,2
C00654822,2072018.0,10,2018,07,2
C00654822,2282018.0,20,2018,28,2
C00654822,2252018.0,50,2018,25,2
C00654822,2132018.0,50,2018,13,2
C00654822,2132018.0,250,2018,13,2
C00654822,2132018.0,500,2018,13,2
C00654822,2102018.0,250,2018,10,2
C00654822,2252018.0,100,2018,25,2
C00654822,2282018.0,50,2018,28,2
C00654822,2252018.0,400,2018,25,2
C00654822,2042018.0,50,2018,04,2
C00654822,2282018.0,25,2018,28,2
C00654822,2232018.0,250,2018,23,2
C00654822,2192018.0,50,2018,19,2
C00654822,2102018.0,250,2018,10,2
C00654822,2272018.0,250,2018,27,2
C00654822,2272018.0,100,2018,27,2
C00654822,2062018.0,140,2018,06,2
C00654822,2212018.0,6,2018,21,2
C00654822,2162018.0,500,2018,16,2
C00654822,2092018.0,250,2018,09,2
C00654822,2282018.0,25,2018,28,2
C00654822,2272018.0,200,2018,27,2
C00654822,2242018.0,500,2018,24,2
C00654822,2042018.0,25,2018,04,2
C00654822,2162018.0,305,2018,16,2
C00654822,2282018.0,225,2018,28,2
C00654822,2242018.0,250,2018,24,2
C00654822,2102018.0,50,2018,10,2
C00654822,2212018.0,100,2018,21,2
C00654822,2112018.0,500,2018,11,2
C00654822,2252018.0,150,2018,25,2
C00654822,2272018.0,25,2018,27,2
C00654822,2012018.0,200,2018,01,2
C00654822,2272018.0,100,2018,27,2
C00654822,2182018.0,500,2018,18,2
C00654822,2282018.0,25,2018,28,2
C00654822,2232018.0,200,2018,23,2
C00654822,2142018.0,25,2018,14,2
C00654822,2252018.0,2500,2018,25,2
C00654822,2232018.0,50,2018,23,2
C00654822,2092018.0,25,2018,09,2
C00654822,2252018.0,250,2018,25,2
C00654822,2252018.0,25,2018,25,2
C00654822,2122018.0,25,2018,12,2
C00654822,2232018.0,250,2018,23,2
C00654822,2252018.0,100,2018,25,2
C00654822,2222018.0,50,2018,22,2
C00654822,2272018.0,25,2018,27,2
C00654822,2252018.0,10,2018,25,2
C00654822,2042018.0,40,2018,04,2
C00654822,2092018.0,100,2018,09,2
C00654822,2272018.0,50,2018,27,2
C00654822,2262018.0,25,2018,26,2
C00654822,2152018.0,50,2018,15,2
C00654822,2242018.0,25,2018,24,2
C00654822,2182018.0,1000,2018,18,2
C00654822,2172018.0,10,2018,17,2
C00654822,2132018.0,250,2018,13,2
C00654822,2282018.0,25,2018,28,2
C00654822,2202018.0,350,2018,20,2
C00654822,2262018.0,25,2018,26,2
C00654822,2082018.0,110,2018,08,2
C00654822,2192018.0,25,2018,19,2
C00654822,2272018.0,250,2018,27,2
C00654822,2132018.0,500,2018,13,2
C00654822,2192018.0,10,2018,19,2
C00654822,2252018.0,250,2018,25,2
C00654822,2122018.0,5,2018,12,2
C00654822,2202018.0,500,2018,20,2
C00654822,2242018.0,500,2018,24,2
C00654822,2262018.0,25,2018,26,2
C00654822,2042018.0,40,2018,04,2
C00654822,2252018.0,250,2018,25,2
C00654822,2252018.0,25,2018,25,2
C00654822,2202018.0,250,2018,20,2
C00654822,2122018.0,100,2018,12,2
C00654822,2162018.0,500,2018,16,2
C00654822,2242018.0,500,2018,24,2
C00654822,2282018.0,25,2018,28,2
C00654822,2202018.0,350,2018,20,2
C00654822,2132018.0,250,2018,13,2
C00654822,2262018.0,50,2018,26,2
C00654822,2112018.0,500,2018,11,2
C00654822,2052018.0,1000,2018,05,2
C00654822,2102018.0,250,2018,10,2
C00654822,2192018.0,1000,2018,19,2
C00654822,2272018.0,1000,2018,27,2
C00654822,2182018.0,25,2018,18,2
C00654822,2052018.0,500,2018,05,2
C00654822,2252018.0,250,2018,25,2
C00654822,2062018.0,140,2018,06,2
C00654822,2272018.0,100,2018,27,2
C00654822,2162018.0,305,2018,16,2
C00654822,2102018.0,250,2018,10,2
C00654822,2252018.0,10,2018,25,2
C00654822,2282018.0,25,2018,28,2
C00654822,2252018.0,100,2018,25,2
C00654822,2282018.0,4,2018,28,2
C00654822,2282018.0,25,2018,28,2
C00654822,2152018.0,50,2018,15,2
C00654822,2042018.0,20,2018,04,2
C00654822,2252018.0,250,2018,25,2
C00654822,2232018.0,800,2018,23,2
C00654822,2072018.0,200,2018,07,2
C00654822,2182018.0,1000,2018,18,2
C00654822,2062018.0,10,2018,06,2
C00654822,2072018.0,10,2018,07,2
C00654822,2282018.0,20,2018,28,2
C00654822,2252018.0,50,2018,25,2
C00654822,2132018.0,50,2018,13,2
C00654822,2142018.0,25,2018,14,2
C00654822,2252018.0,250,2018,25,2
C00654822,2012018.0,25,2018,01,2
C00654822,2012018.0,50,2018,01,2
C00654822,2272018.0,1000,2018,27,2
C00654822,2102018.0,10,2018,10,2
C00654822,2252018.0,25,2018,25,2
C00654822,2192018.0,250,2018,19,2
C00654822,2122018.0,25,2018,12,2
C00654822,2252018.0,100,2018,25,2
C00654822,2102018.0,250,2018,10,2
C00654822,2282018.0,25,2018,28,2
C00654822,2092018.0,100,2018,09,2
C00654822,2272018.0,50,2018,27,2
C00654822,2262018.0,25,2018,26,2
C00654822,2052018.0,500,2018,05,2
C00654822,2232018.0,250,2018,23,2
C00654822,2042018.0,50,2018,04,2
C00654822,2232018.0,250,2018,23,2
C00654822,2282018.0,100,2018,28,2
C00654822,2272018.0,50,2018,27,2
C00654822,2252018.0,150,2018,25,2
C00654822,2252018.0,10,2018,25,2
C00654822,2142018.0,200,2018,14,2
C00654822,2042018.0,25,2018,04,2
C00654822,2232018.0,200,2018,23,2
C00654822,2212018.0,25,2018,21,2
C00654822,2182018.0,50,2018,18,2
C00654822,2282018.0,100,2018,28,2
C00654822,2252018.0,250,2018,25,2
C00654822,2162018.0,10,2018,16,2
C00654822,2042018.0,50,2018,04,2
C00654822,2192018.0,100,2018,19,2
C00654822,2012018.0,200,2018,01,2
C00654822,2272018.0,100,2018,27,2
C00654822,2262018.0,100,2018,26,2
C00654822,2282018.0,225,2018,28,2
C00654822,2182018.0,500,2018,18,2
C00654822,2142018.0,100,2018,14,2
C00654822,2202018.0,25,2018,20,2
C00654822,2172018.0,5,2018,17,2
C00654822,2222018.0,50,2018,22,2
C00654822,2272018.0,6,2018,27,2
C00654822,2092018.0,250,2018,09,2
C00654822,2212018.0,6,2018,21,2
C00654822,2242018.0,10,2018,24,2
C00654822,2182018.0,250,2018,18,2
C00654822,2252018.0,10,2018,25,2
C00654822,2192018.0,100,2018,19,2
C00654822,2282018.0,6,2018,28,2
C00654822,2162018.0,100,2018,16,2
C00654822,2062018.0,50,2018,06,2
C00654822,2252018.0,250,2018,25,2
C00654822,2202018.0,100,2018,20,2
C00654822,2232018.0,25,2018,23,2
C00654822,2132018.0,50,2018,13,2
C00654822,2282018.0,250,2018,28,2
C00654822,2202018.0,50,2018,20,2
C00654822,2252018.0,50,2018,25,2
C00654822,2272018.0,200,2018,27,2
C00654822,2012018.0,75,2018,01,2
C00654822,2262018.0,35,2018,26,2
C00654822,2262018.0,10,2018,26,2
C00654822,2122018.0,250,2018,12,2
C00654822,2252018.0,250,2018,25,2
C00654822,2192018.0,250,2018,19,2
C00654822,2252018.0,25,2018,25,2
C00654822,2122018.0,1000,2018,12,2
C00654822,2282018.0,275,2018,28,2
C00654822,2232018.0,5,2018,23,2
C00654822,2172018.0,10,2018,17,2
C00654822,2092018.0,25,2018,09,2
C00654822,2272018.0,100,2018,27,2
C00654822,2132018.0,100,2018,13,2
C00654822,2092018.0,250,2018,09,2
C00654822,2202018.0,35,2018,20,2
C00654822,2092018.0,250,2018,09,2
C00654822,2162018.0,100,2018,16,2
C00654822,2202018.0,100,2018,20,2
C00654822,2272018.0,5,2018,27,2
C00654822,2122018.0,1000,2018,12,2
C00654822,2282018.0,6,2018,28,2
C00654822,2072018.0,25,2018,07,2
C00431353,2082018.0,1000,2018,08,2
C00431353,2082018.0,950,2018,08,2
C00494229,2282018.0,1000,2018,28,2
C00656520,2012018.0,950,2018,01,2
C00656520,2232018.0,7,2018,23,2
C00656520,2282018.0,851,2018,28,2
C00656520,2132018.0,250,2018,13,2
C00656520,2062018.0,2700,2018,06,2
C00656520,2152018.0,1000,2018,15,2
C00656520,2262018.0,1000,2018,26,2
C00656520,2262018.0,250,2018,26,2
C00349217,2092018.0,100,2018,09,2
C00349217,2122018.0,1000,2018,12,2
C00349217,2282018.0,1000,2018,28,2
C00349217,2192018.0,500,2018,19,2
C00349217,2092018.0,25,2018,09,2
C00349217,2122018.0,100,2018,12,2
C00349217,2282018.0,25,2018,28,2
C00349217,2282018.0,100,2018,28,2
C00349217,2172018.0,10,2018,17,2
C00349217,2262018.0,25,2018,26,2
C00349217,2272018.0,50,2018,27,2
C00349217,2282018.0,100,2018,28,2
C00349217,2162018.0,250,2018,16,2
C00349217,2052018.0,500,2018,05,2
C00349217,2242018.0,250,2018,24,2
C00349217,2262018.0,500,2018,26,2
C00349217,2122018.0,1000,2018,12,2
C00349217,2222018.0,250,2018,22,2
C00349217,2082018.0,2700,2018,08,2
C00349217,2242018.0,250,2018,24,2
C00349217,2282018.0,500,2018,28,2
C00349217,2132018.0,2700,2018,13,2
C00349217,2202018.0,1000,2018,20,2
C00349217,2022018.0,100,2018,02,2
C00349217,2082018.0,2700,2018,08,2
C00349217,2222018.0,25,2018,22,2
C00349217,2282018.0,150,2018,28,2
C00349217,2122018.0,250,2018,12,2
C00349217,2062018.0,300,2018,06,2
C00349217,2122018.0,5,2018,12,2
C00349217,2262018.0,2700,2018,26,2
C00349217,2282018.0,250,2018,28,2
C00349217,2132018.0,1000,2018,13,2
C00349217,2282018.0,25,2018,28,2
C00349217,2082018.0,2300,2018,08,2
C00349217,2202018.0,500,2018,20,2
C00349217,2262018.0,200,2018,26,2
C00349217,2282018.0,100,2018,28,2
C00349217,2062018.0,2700,2018,06,2
C00349506,2072018.0,0,2018,07,2
C00473827,2072018.0,500,2018,07,2
C00473827,2262018.0,375,2018,26,2
C00473827,2202018.0,350,2018,20,2
C00473827,2072018.0,300,2018,07,2
C00473827,2012018.0,2700,2018,01,2
C00473827,2012018.0,1000,2018,01,2
C00473827,2052018.0,2700,2018,05,2
C00473827,2072018.0,2700,2018,07,2
C00473827,2072018.0,2700,2018,07,2
C00473827,2162018.0,20,2018,16,2
C00473827,2072018.0,375,2018,07,2
C00473827,2052018.0,2700,2018,05,2
C00473827,2052018.0,2700,2018,05,2
C00473827,2052018.0,2700,2018,05,2
C00473827,2122018.0,300,2018,12,2
C00473827,2052018.0,2700,2018,05,2
C00473827,2072018.0,1300,2018,07,2
C00473827,2122018.0,250,2018,12,2
C00473827,2072018.0,750,2018,07,2
C00473827,2262018.0,1000,2018,26,2
C00473827,2162018.0,25,2018,16,2
C00473827,2062018.0,25,2018,06,2
C00473827,2282018.0,250,2018,28,2
C00473827,2222018.0,250,2018,22,2
C00473827,2162018.0,25,2018,16,2
C00473827,2122018.0,50,2018,12,2
C00473827,2222018.0,1500,2018,22,2
C00473827,2012018.0,2700,2018,01,2
C00473827,2072018.0,275,2018,07,2
C00473827,2282018.0,1000,2018,28,2
C00473827,2262018.0,250,2018,26,2
C00473827,2052018.0,2700,2018,05,2
C00473827,2202018.0,350,2018,20,2
C00473827,2052018.0,2700,2018,05,2
C00473827,2052018.0,2700,2018,05,2
C00473827,2052018.0,2700,2018,05,2
C00473827,2072018.0,2700,2018,07,2
C00473827,2072018.0,500,2018,07,2
C00473827,2072018.0,2700,2018,07,2
C00473827,2222018.0,250,2018,22,2
C00473827,2072018.0,275,2018,07,2
C00473827,2162018.0,25,2018,16,2
C00473827,2122018.0,50,2018,12,2
C00473827,2012018.0,2700,2018,01,2
C00473827,2282018.0,250,2018,28,2
C00473827,2072018.0,300,2018,07,2
C00473827,2052018.0,2700,2018,05,2
C00473827,2122018.0,300,2018,12,2
C00473827,2052018.0,2700,2018,05,2
C00473827,2072018.0,1300,2018,07,2
C00473827,2012018.0,2700,2018,01,2
C00473827,2012018.0,1000,2018,01,2
C00473827,2222018.0,1500,2018,22,2
C00473827,2282018.0,1000,2018,28,2
C00473827,2262018.0,250,2018,26,2
C00473827,2162018.0,25,2018,16,2
C00473827,2062018.0,25,2018,06,2
C00473827,2052018.0,2700,2018,05,2
C00473827,2162018.0,20,2018,16,2
C00473827,2072018.0,375,2018,07,2
C00473827,2122018.0,250,2018,12,2
C00473827,2072018.0,750,2018,07,2
C00473827,2262018.0,1000,2018,26,2
C00473827,2262018.0,375,2018,26,2
C00663658,2142018.0,0,2018,14,2
C00663658,2082018.0,0,2018,08,2
C00663658,2262018.0,0,2018,26,2
C00676965,2052018.0,50613,2018,05,2
C00431304,2282018.0,0,2018,28,2
C00431304,2092018.0,0,2018,09,2
C00431304,2122018.0,0,2018,12,2
C00431304,2032018.0,0,2018,03,2
C00431304,2132018.0,0,2018,13,2
C00431304,2142018.0,0,2018,14,2
C00431304,2282018.0,0,2018,28,2
C00431304,2102018.0,0,2018,10,2
C00431304,2072018.0,0,2018,07,2
C00431304,2242018.0,0,2018,24,2
C00431304,2212018.0,0,2018,21,2
C00431304,2212018.0,0,2018,21,2
C00431304,2212018.0,0,2018,21,2
C00431304,2082018.0,0,2018,08,2
C00431304,2092018.0,0,2018,09,2
C00431304,2122018.0,0,2018,12,2
C00431304,2202018.0,0,2018,20,2
C00431304,2112018.0,0,2018,11,2
C00431304,2212018.0,0,2018,21,2
C00431304,2262018.0,0,2018,26,2
C00431304,2122018.0,0,2018,12,2
C00431304,2212018.0,0,2018,21,2
C00539890,2092018.0,1000,2018,09,2
C00539890,2272018.0,50,2018,27,2
C00539890,2012018.0,1000,2018,01,2
C00539890,2122018.0,1000,2018,12,2
C00539890,2082018.0,250,2018,08,2
C00539890,2272018.0,100,2018,27,2
C00539890,2082018.0,250,2018,08,2
C00539890,2172018.0,2700,2018,17,2
C00539890,2282018.0,50,2018,28,2
C00539890,2022018.0,1000,2018,02,2
C00539890,2222018.0,1000,2018,22,2
C00539890,2062018.0,1000,2018,06,2
C00539890,2122018.0,1000,2018,12,2
C00539890,2212018.0,100,2018,21,2
C00539890,2282018.0,10,2018,28,2
C00539890,2062018.0,10800,2018,06,2
C00539890,2062018.0,-8100,2018,06,2
C00539890,2102018.0,25,2018,10,2
C00539890,2012018.0,250,2018,01,2
C00539890,2082018.0,300,2018,08,2
C00539890,2162018.0,1000,2018,16,2
C00539890,2212018.0,2700,2018,21,2
C00539890,2272018.0,50,2018,27,2
C00539890,2062018.0,500,2018,06,2
C00539890,2282018.0,100,2018,28,2
C00539890,2132018.0,2700,2018,13,2
C00539890,2082018.0,2500,2018,08,2
C00539890,2272018.0,100,2018,27,2
C00539890,2012018.0,250,2018,01,2
C00539890,2182018.0,2700,2018,18,2
C00539890,2072018.0,25,2018,07,2
C00539890,2212018.0,1000,2018,21,2
C00539890,2212018.0,-300,2018,21,2
C00539890,2212018.0,300,2018,21,2
C00539890,2272018.0,50,2018,27,2
C00539890,2212018.0,2000,2018,21,2
C00539890,2122018.0,10,2018,12,2
C00539890,2262018.0,500,2018,26,2
C00539890,2062018.0,500,2018,06,2
C00539890,2072018.0,300,2018,07,2
C00539890,2212018.0,1000,2018,21,2
C00539890,2052018.0,25,2018,05,2
C00539890,2282018.0,50,2018,28,2
C00539890,2132018.0,50,2018,13,2
C00539890,2122018.0,5000,2018,12,2
C00539890,2272018.0,500,2018,27,2
C00539890,2172018.0,2700,2018,17,2
C00539890,2022018.0,250,2018,02,2
C00539890,2202018.0,25,2018,20,2
C00539890,2262018.0,250,2018,26,2
C00539890,2062018.0,500,2018,06,2
C00539890,2152018.0,2700,2018,15,2
C00539890,2072018.0,1000,2018,07,2
C00539890,2132018.0,2000,2018,13,2
C00539890,2282018.0,1000,2018,28,2
C00539890,2012018.0,1000,2018,01,2
C00539890,2062018.0,1000,2018,06,2
C00539890,2022018.0,250,2018,02,2
C00539890,2262018.0,250,2018,26,2
C00539890,2072018.0,1000,2018,07,2
C00539890,2052018.0,1000,2018,05,2
C00539890,2202018.0,20,2018,20,2
C00539890,2072018.0,50,2018,07,2
C00539890,2212018.0,1000,2018,21,2
C00539890,2062018.0,2700,2018,06,2
C00539890,2062018.0,2700,2018,06,2
C00539890,2062018.0,2700,2018,06,2
C00539890,2012018.0,10,2018,01,2
C00539890,2192018.0,250,2018,19,2
C00539890,2252018.0,500,2018,25,2
C00539890,2202018.0,250,2018,20,2
C00539890,2202018.0,1000,2018,20,2
C00539890,2122018.0,25,2018,12,2
C00539890,2052018.0,150,2018,05,2
C00539890,2272018.0,25,2018,27,2
C00539890,2272018.0,250,2018,27,2
C00539890,2032018.0,1000,2018,03,2
C00539890,2122018.0,355,2018,12,2
C00539890,2072018.0,-300,2018,07,2
C00539890,2072018.0,300,2018,07,2
C00539890,2272018.0,1000,2018,27,2
C00539890,2122018.0,15,2018,12,2
C00539890,2282018.0,25,2018,28,2
C00539890,2192018.0,500,2018,19,2
C00539890,2142018.0,250,2018,14,2
C00539890,2022018.0,750,2018,02,2
C00539890,2122018.0,100,2018,12,2
C00539890,2092018.0,250,2018,09,2
C00539890,2022018.0,250,2018,02,2
C00539890,2212018.0,1000,2018,21,2
C00539890,2272018.0,200,2018,27,2
C00539890,2122018.0,500,2018,12,2
C00539890,2192018.0,15,2018,19,2
C00539890,2262018.0,500,2018,26,2
C00539890,2132018.0,1000,2018,13,2
C00539890,2252018.0,250,2018,25,2
C00539890,2062018.0,150,2018,06,2
C00539890,2222018.0,150,2018,22,2
C00539890,2282018.0,10,2018,28,2
C00539890,2122018.0,250,2018,12,2
C00539890,2132018.0,1000,2018,13,2
C00539890,2132018.0,25,2018,13,2
C00539890,2282018.0,15,2018,28,2
C00539890,2212018.0,500,2018,21,2
C00539890,2272018.0,100,2018,27,2
C00539890,2012018.0,1000,2018,01,2
C00539890,2282018.0,100,2018,28,2
C00539890,2112018.0,25,2018,11,2
C00539890,2202018.0,500,2018,20,2
C00539890,2192018.0,1000,2018,19,2
C00539890,2122018.0,10,2018,12,2
C00539890,2272018.0,50,2018,27,2
C00539890,2282018.0,50,2018,28,2
C00539890,2272018.0,1000,2018,27,2
C00539890,2052018.0,500,2018,05,2
C00539890,2282018.0,100,2018,28,2
C00539890,2212018.0,2700,2018,21,2
C00539890,2122018.0,1000,2018,12,2
C00539890,2052018.0,500,2018,05,2
C00539890,2282018.0,25,2018,28,2
C00539890,2012018.0,100,2018,01,2
C00539890,2022018.0,500,2018,02,2
C00539890,2272018.0,50,2018,27,2
C00539890,2272018.0,50,2018,27,2
C00539890,2272018.0,1000,2018,27,2
C00539890,2142018.0,250,2018,14,2
C00539890,2162018.0,500,2018,16,2
C00539890,2022018.0,100,2018,02,2
C00539890,2132018.0,100,2018,13,2
C00539890,2132018.0,10,2018,13,2
C00539890,2062018.0,250,2018,06,2
C00539890,2142018.0,25,2018,14,2
C00539890,2192018.0,10,2018,19,2
C00539890,2052018.0,250,2018,05,2
C00539890,2232018.0,1000,2018,23,2
C00539890,2212018.0,10,2018,21,2
C00539890,2122018.0,25,2018,12,2
C00539890,2102018.0,25,2018,10,2
C00539890,2082018.0,250,2018,08,2
C00539890,2282018.0,50,2018,28,2
C00539890,2132018.0,25,2018,13,2
C00539890,2012018.0,250,2018,01,2
C00539890,2142018.0,1000,2018,14,2
C00539890,2132018.0,250,2018,13,2
C00539890,2202018.0,250,2018,20,2
C00539890,2202018.0,1000,2018,20,2
C00539890,2152018.0,2700,2018,15,2
C00539890,2282018.0,200,2018,28,2
C00539890,2152018.0,500,2018,15,2
C00539890,2052018.0,2500,2018,05,2
C00539890,2262018.0,2000,2018,26,2
C00539890,2262018.0,250,2018,26,2
C00539890,2182018.0,25,2018,18,2
C00539890,2212018.0,2700,2018,21,2
C00539890,2052018.0,25,2018,05,2
C00539890,2222018.0,1000,2018,22,2
C00539890,2222018.0,250,2018,22,2
C00539890,2132018.0,5400,2018,13,2
C00539890,2132018.0,-2700,2018,13,2
C00539890,2132018.0,2700,2018,13,2
C00539890,2132018.0,2700,2018,13,2
C00539890,2282018.0,25,2018,28,2
C00539890,2142018.0,10,2018,14,2
C00539890,2062018.0,25,2018,06,2
C00539890,2222018.0,25,2018,22,2
C00539890,2212018.0,500,2018,21,2
C00539890,2142018.0,25,2018,14,2
C00539890,2022018.0,2700,2018,02,2
C00539890,2202018.0,250,2018,20,2
C00539890,2142018.0,118,2018,14,2
C00539890,2262018.0,1000,2018,26,2
C00539890,2232018.0,250,2018,23,2
C00539890,2022018.0,500,2018,02,2
C00539890,2092018.0,50,2018,09,2
C00539890,2142018.0,100,2018,14,2
C00539890,2062018.0,500,2018,06,2
C00539890,2132018.0,1000,2018,13,2
C00539890,2192018.0,500,2018,19,2
C00539890,2182018.0,25,2018,18,2
C00539890,2062018.0,100,2018,06,2
C00539890,2192018.0,1000,2018,19,2
C00539890,2012018.0,2300,2018,01,2
C00539890,2122018.0,10,2018,12,2
C00539890,2052018.0,250,2018,05,2
C00539890,2132018.0,10,2018,13,2
C00539890,2162018.0,100,2018,16,2
C00539890,2182018.0,20,2018,18,2
C00539890,2262018.0,500,2018,26,2
C00539890,2132018.0,2300,2018,13,2
C00539890,2282018.0,50,2018,28,2
C00539890,2252018.0,10,2018,25,2
C00539890,2272018.0,250,2018,27,2
C00539890,2082018.0,5000,2018,08,2
C00539890,2082018.0,-2300,2018,08,2
C00539890,2082018.0,2300,2018,08,2
C00539890,2132018.0,2700,2018,13,2
C00539890,2122018.0,25,2018,12,2
C00539890,2122018.0,100,2018,12,2
C00539890,2062018.0,500,2018,06,2
C00539890,2142018.0,250,2018,14,2
C00539890,2272018.0,25,2018,27,2
C00539890,2062018.0,1000,2018,06,2
C00539890,2122018.0,250,2018,12,2
C00539890,2122018.0,25,2018,12,2
C00539890,2282018.0,25,2018,28,2
C00539890,2282018.0,100,2018,28,2
C00539890,2132018.0,50,2018,13,2
C00539890,2012018.0,500,2018,01,2
C00539890,2212018.0,1000,2018,21,2
C00539890,2272018.0,100,2018,27,2
C00539890,2092018.0,250,2018,09,2
C00539890,2022018.0,250,2018,02,2
C00539890,2282018.0,5,2018,28,2
C00539890,2222018.0,250,2018,22,2
C00539890,2132018.0,25,2018,13,2
C00539890,2282018.0,25,2018,28,2
C00539890,2022018.0,450,2018,02,2
C00539890,2272018.0,25,2018,27,2
C00539890,2272018.0,25,2018,27,2
C00539890,2212018.0,1000,2018,21,2
C00539890,2252018.0,500,2018,25,2
C00539890,2062018.0,25,2018,06,2
C00539890,2272018.0,25,2018,27,2
C00539890,2202018.0,250,2018,20,2
C00539890,2012018.0,250,2018,01,2
C00539890,2192018.0,25,2018,19,2
C00539890,2272018.0,50,2018,27,2
C00539890,2012018.0,100,2018,01,2
C00539890,2282018.0,100,2018,28,2
C00539890,2122018.0,25,2018,12,2
C00539890,2082018.0,500,2018,08,2
C00539890,2062018.0,250,2018,06,2
C00539890,2052018.0,10,2018,05,2
C00539890,2262018.0,1000,2018,26,2
C00539890,2132018.0,1000,2018,13,2
C00539890,2162018.0,1000,2018,16,2
C00539890,2262018.0,100,2018,26,2
C00539890,2262018.0,2700,2018,26,2
C00539890,2122018.0,25,2018,12,2
C00539890,2012018.0,250,2018,01,2
C00539890,2072018.0,250,2018,07,2
C00539890,2262018.0,700,2018,26,2
C00539890,2272018.0,500,2018,27,2
C00539890,2282018.0,100,2018,28,2
C00539890,2052018.0,500,2018,05,2
C00539890,2062018.0,10,2018,06,2
C00539890,2042018.0,25,2018,04,2
C00539890,2212018.0,1200,2018,21,2
C00539890,2082018.0,250,2018,08,2
C00539890,2272018.0,100,2018,27,2
C00539890,2282018.0,25,2018,28,2
C00539890,2052018.0,250,2018,05,2
C00539890,2052018.0,100,2018,05,2
C00539890,2122018.0,300,2018,12,2
C00539890,2242018.0,100,2018,24,2
C00539890,2272018.0,100,2018,27,2
C00539890,2202018.0,2700,2018,20,2
C00539890,2082018.0,500,2018,08,2
C00539890,2272018.0,1000,2018,27,2
C00539890,2092018.0,1000,2018,09,2
C00539890,2262018.0,500,2018,26,2
C00539890,2122018.0,1000,2018,12,2
C00539890,2122018.0,50,2018,12,2
C00539890,2052018.0,1000,2018,05,2
C00539890,2022018.0,250,2018,02,2
C00539890,2062018.0,500,2018,06,2
C00539890,2052018.0,250,2018,05,2
C00539890,2282018.0,1000,2018,28,2
C00539890,2122018.0,25,2018,12,2
C00539890,2172018.0,500,2018,17,2
C00539890,2082018.0,250,2018,08,2
C00539890,2272018.0,50,2018,27,2
C00539890,2282018.0,50,2018,28,2
C00539890,2282018.0,50,2018,28,2
C00539890,2082018.0,250,2018,08,2
C00539890,2202018.0,1000,2018,20,2
C00539890,2202018.0,25,2018,20,2
C00539890,2072018.0,250,2018,07,2
C00539890,2142018.0,1000,2018,14,2
C00539890,2202018.0,250,2018,20,2
C00539890,2272018.0,50,2018,27,2
C00539890,2222018.0,50,2018,22,2
C00539890,2282018.0,500,2018,28,2
C00539890,2282018.0,10,2018,28,2
C00539890,2072018.0,500,2018,07,2
C00539890,2012018.0,200,2018,01,2
C00539890,2272018.0,50,2018,27,2
C00539890,2202018.0,2700,2018,20,2
C00539890,2122018.0,500,2018,12,2
C00539890,2082018.0,5000,2018,08,2
C00539890,2082018.0,-2300,2018,08,2
C00539890,2082018.0,2300,2018,08,2
C00539890,2062018.0,500,2018,06,2
C00539890,2062018.0,1000,2018,06,2
C00539890,2272018.0,100,2018,27,2
C00539890,2272018.0,10,2018,27,2
C00539890,2082018.0,250,2018,08,2
C00539890,2192018.0,250,2018,19,2
C00539890,2222018.0,2700,2018,22,2
C00539890,2132018.0,250,2018,13,2
C00539890,2062018.0,250,2018,06,2
C00539890,2222018.0,25,2018,22,2
C00539890,2272018.0,10,2018,27,2
C00539890,2282018.0,25,2018,28,2
C00539890,2082018.0,2700,2018,08,2
C00539890,2092018.0,10,2018,09,2
C00539890,2092018.0,5,2018,09,2
C00539890,2212018.0,1000,2018,21,2
C00539890,2022018.0,1000,2018,02,2
C00539890,2152018.0,250,2018,15,2
C00539890,2282018.0,1000,2018,28,2
C00539890,2282018.0,25,2018,28,2
C00539890,2272018.0,100,2018,27,2
C00539890,2062018.0,500,2018,06,2
C00539890,2062018.0,500,2018,06,2
C00539890,2102018.0,10,2018,10,2
C00539890,2042018.0,25,2018,04,2
C00539890,2272018.0,25,2018,27,2
C00539890,2082018.0,100,2018,08,2
C00539890,2062018.0,250,2018,06,2
C00539890,2282018.0,100,2018,28,2
C00539890,2062018.0,300,2018,06,2
C00539890,2122018.0,100,2018,12,2
C00539890,2052018.0,1000,2018,05,2
C00539890,2272018.0,250,2018,27,2
C00539890,2142018.0,5000,2018,14,2
C00539890,2142018.0,-2300,2018,14,2
C00539890,2142018.0,2300,2018,14,2
C00539890,2282018.0,100,2018,28,2
C00539890,2212018.0,250,2018,21,2
C00539890,2272018.0,100,2018,27,2
C00539890,2282018.0,25,2018,28,2
C00539890,2072018.0,1000,2018,07,2
C00539890,2052018.0,500,2018,05,2
C00539890,2262018.0,250,2018,26,2
C00539890,2062018.0,1000,2018,06,2
C00539890,2132018.0,1000,2018,13,2
C00539890,2082018.0,250,2018,08,2
C00539890,2282018.0,50,2018,28,2
C00539890,2192018.0,25,2018,19,2
C00539890,2202018.0,500,2018,20,2
C00539890,2062018.0,250,2018,06,2
C00539890,2222018.0,2700,2018,22,2
C00539890,2132018.0,1000,2018,13,2
C00539890,2272018.0,50,2018,27,2
C00539890,2062018.0,500,2018,06,2
C00539890,2022018.0,25,2018,02,2
C00539890,2142018.0,250,2018,14,2
C00539890,2062018.0,250,2018,06,2
C00539890,2122018.0,10,2018,12,2
C00539890,2132018.0,2700,2018,13,2
C00539890,2062018.0,1000,2018,06,2
C00539890,2202018.0,500,2018,20,2
C00539890,2062018.0,250,2018,06,2
C00539890,2102018.0,1000,2018,10,2
C00539890,2262018.0,5400,2018,26,2
C00539890,2262018.0,-2700,2018,26,2
C00539890,2262018.0,2700,2018,26,2
C00539890,2162018.0,250,2018,16,2
C00539890,2042018.0,9,2018,04,2
C00539890,2212018.0,4200,2018,21,2
C00539890,2252018.0,250,2018,25,2
C00539890,2212018.0,600,2018,21,2
C00539890,2182018.0,1000,2018,18,2
C00539890,2222018.0,250,2018,22,2
C00539890,2202018.0,10,2018,20,2
C00539890,2132018.0,50,2018,13,2
C00539890,2182018.0,345,2018,18,2
C00539890,2012018.0,25,2018,01,2
C00539890,2132018.0,1000,2018,13,2
C00539890,2172018.0,250,2018,17,2
C00539890,2282018.0,1000,2018,28,2
C00539890,2262018.0,250,2018,26,2
C00539890,2172018.0,500,2018,17,2
C00539890,2252018.0,1000,2018,25,2
C00539890,2262018.0,1000,2018,26,2
C00539890,2282018.0,100,2018,28,2
C00539890,2282018.0,500,2018,28,2
C00539890,2072018.0,1500,2018,07,2
C00539890,2272018.0,100,2018,27,2
C00539890,2122018.0,250,2018,12,2
C00539890,2272018.0,100,2018,27,2
C00539890,2122018.0,10,2018,12,2
C00539890,2152018.0,1000,2018,15,2
C00539890,2082018.0,2700,2018,08,2
C00539890,2132018.0,5400,2018,13,2
C00539890,2132018.0,-2700,2018,13,2
C00539890,2132018.0,2700,2018,13,2
C00539890,2132018.0,25,2018,13,2
C00539890,2012018.0,250,2018,01,2
C00539890,2282018.0,50,2018,28,2
C00539890,2222018.0,1000,2018,22,2
C00539890,2082018.0,2700,2018,08,2
C00539890,2012018.0,25,2018,01,2
C00539890,2012018.0,2700,2018,01,2
C00539890,2052018.0,25,2018,05,2
C00539890,2282018.0,50,2018,28,2
C00539890,2132018.0,50,2018,13,2
C00539890,2082018.0,1000,2018,08,2
C00539890,2062018.0,250,2018,06,2
C00539890,2092018.0,150,2018,09,2
C00539890,2282018.0,250,2018,28,2
C00539890,2082018.0,2700,2018,08,2
C00539890,2202018.0,250,2018,20,2
C00539890,2202018.0,500,2018,20,2
C00539890,2152018.0,2700,2018,15,2
C00539890,2062018.0,1000,2018,06,2
C00539890,2132018.0,50,2018,13,2
C00539890,2152018.0,500,2018,15,2
C00539890,2062018.0,250,2018,06,2
C00539890,2052018.0,10,2018,05,2
C00539890,2272018.0,10,2018,27,2
C00666040,2202018.0,2000,2018,20,2
C00666040,2012018.0,2700,2018,01,2
C00540302,2072018.0,25,2018,07,2
C00540302,2272018.0,100,2018,27,2
C00540302,2092018.0,25,2018,09,2
C00540302,2142018.0,100,2018,14,2
C00540302,2222018.0,500,2018,22,2
C00540302,2072018.0,25,2018,07,2
C00540302,2262018.0,25,2018,26,2
C00540302,2022018.0,10,2018,02,2
C00540302,2112018.0,50,2018,11,2
C00540302,2022018.0,100,2018,02,2
C00540302,2282018.0,25,2018,28,2
C00264697,2142018.0,0,2018,14,2
C00264697,2172018.0,0,2018,17,2
C00264697,2042018.0,0,2018,04,2
C00264697,2112018.0,0,2018,11,2
C00264697,2282018.0,0,2018,28,2
C00264697,2192018.0,0,2018,19,2
C00264697,2122018.0,0,2018,12,2
C00264697,2272018.0,0,2018,27,2
C00264697,2192018.0,0,2018,19,2
C00466359,2012018.0,500,2018,01,2
C00466359,2012018.0,400,2018,01,2
C00466359,2092018.0,2700,2018,09,2
C00466359,2092018.0,2700,2018,09,2
C00466359,2122018.0,100,2018,12,2
C00466359,2162018.0,2700,2018,16,2
C00466359,2162018.0,2700,2018,16,2
C00326801,2132018.0,0,2018,13,2
C00326801,2082018.0,0,2018,08,2
C00326801,2282018.0,0,2018,28,2
C00326801,2192018.0,0,2018,19,2
C00326801,2122018.0,0,2018,12,2
C00326801,2042018.0,0,2018,04,2
C00393652,2112018.0,250,2018,11,2
C00393652,2072018.0,20,2018,07,2
C00393652,2062018.0,100,2018,06,2
C00393652,2282018.0,20,2018,28,2
C00393652,2282018.0,19,2018,28,2
C00393652,2202018.0,250,2018,20,2
C00393652,2062018.0,2700,2018,06,2
C00393652,2282018.0,600,2018,28,2
C00393652,2192018.0,25,2018,19,2
C00393652,2202018.0,400,2018,20,2
C00393652,2272018.0,75,2018,27,2
C00393652,2132018.0,333,2018,13,2
C00393652,2082018.0,100,2018,08,2
C00393652,2202018.0,250,2018,20,2
C00393652,2192018.0,250,2018,19,2
C00393652,2032018.0,500,2018,03,2
C00393652,2132018.0,500,2018,13,2
C00393652,2062018.0,250,2018,06,2
C00393652,2092018.0,500,2018,09,2
C00393652,2282018.0,-500,2018,28,2
C00393652,2112018.0,1000,2018,11,2
C00393652,2152018.0,200,2018,15,2
C00393652,2132018.0,500,2018,13,2
C00393652,2082018.0,1450,2018,08,2
C00393652,2082018.0,1250,2018,08,2
C00393652,2262018.0,1000,2018,26,2
C00393652,2222018.0,50,2018,22,2
C00393652,2012018.0,250,2018,01,2
C00393652,2212018.0,2700,2018,21,2
C00393652,2212018.0,2700,2018,21,2
C00393652,2282018.0,25,2018,28,2
C00393652,2282018.0,25,2018,28,2
C00393652,2282018.0,25,2018,28,2
C00393652,2282018.0,10,2018,28,2
C00393652,2012018.0,35,2018,01,2
C00393652,2112018.0,100,2018,11,2
C00393652,2282018.0,100,2018,28,2
C00393652,2202018.0,1000,2018,20,2
C00393652,2282018.0,500,2018,28,2
C00393652,2202018.0,100,2018,20,2
C00393652,2032018.0,50,2018,03,2
C00393652,2132018.0,100,2018,13,2
C00393652,2182018.0,15,2018,18,2
C00393652,2262018.0,500,2018,26,2
C00393652,2182018.0,50,2018,18,2
C00393652,2272018.0,10,2018,27,2
C00393652,2202018.0,500,2018,20,2
C00393652,2192018.0,19,2018,19,2
C00393652,2112018.0,300,2018,11,2
C00393652,2242018.0,2550,2018,24,2
C00393652,2232018.0,1700,2018,23,2
C00393652,2212018.0,500,2018,21,2
C00393652,2092018.0,100,2018,09,2
C00393652,2032018.0,6,2018,03,2
C00393652,2122018.0,25,2018,12,2
C00393652,2282018.0,19,2018,28,2
C00393652,2282018.0,2,2018,28,2
C00393652,2282018.0,2,2018,28,2
C00393652,2212018.0,25,2018,21,2
C00393652,2202018.0,200,2018,20,2
C00393652,2192018.0,50,2018,19,2
C00393652,2262018.0,500,2018,26,2
C00393652,2152018.0,250,2018,15,2
C00393652,2112018.0,500,2018,11,2
C00393652,2222018.0,200,2018,22,2
C00393652,2262018.0,250,2018,26,2
C00393652,2072018.0,10,2018,07,2
C00393652,2122018.0,25,2018,12,2
C00393652,2262018.0,1000,2018,26,2
C00393652,2202018.0,1450,2018,20,2
C00393652,2182018.0,25,2018,18,2
C00393652,2262018.0,500,2018,26,2
C00393652,2132018.0,100,2018,13,2
C00393652,2022018.0,50,2018,02,2
C00393652,2282018.0,1000,2018,28,2
C00393652,2112018.0,2200,2018,11,2
C00393652,2112018.0,300,2018,11,2
C00393652,2182018.0,100,2018,18,2
C00393652,2232018.0,25,2018,23,2
C00393652,2172018.0,50,2018,17,2
C00393652,2262018.0,100,2018,26,2
C00393652,2112018.0,2700,2018,11,2
C00393652,2112018.0,2700,2018,11,2
C00393652,2192018.0,20,2018,19,2
C00393652,2162018.0,15,2018,16,2
C00393652,2162018.0,250,2018,16,2
C00393652,2212018.0,200,2018,21,2
C00393652,2212018.0,500,2018,21,2
C00393652,2012018.0,50,2018,01,2
C00393652,2262018.0,650,2018,26,2
C00393652,2212018.0,20,2018,21,2
C00393652,2122018.0,20,2018,12,2
C00393652,2242018.0,15,2018,24,2
C00393652,2272018.0,5,2018,27,2
C00393652,2112018.0,750,2018,11,2
C00393652,2222018.0,550,2018,22,2
C00393652,2242018.0,150,2018,24,2
C00393652,2132018.0,11,2018,13,2
C00393652,2272018.0,20,2018,27,2
C00393652,2142018.0,4,2018,14,2
C00393652,2202018.0,100,2018,20,2
C00393652,2242018.0,50,2018,24,2
C00393652,2072018.0,50,2018,07,2
C00393652,2212018.0,50,2018,21,2
C00393652,2082018.0,75,2018,08,2
C00393652,2232018.0,2500,2018,23,2
C00393652,2202018.0,250,2018,20,2
C00393652,2092018.0,15,2018,09,2
C00393652,2072018.0,8,2018,07,2
C00393652,2202018.0,100,2018,20,2
C00393652,2282018.0,100,2018,28,2
C00393652,2262018.0,500,2018,26,2
C00393652,2242018.0,250,2018,24,2
C00393652,2052018.0,500,2018,05,2
C00393652,2252018.0,10,2018,25,2
C00393652,2272018.0,25,2018,27,2
C00393652,2012018.0,50,2018,01,2
C00393652,2142018.0,1000,2018,14,2
C00393652,2222018.0,25,2018,22,2
C00393652,2162018.0,25,2018,16,2
C00393652,2262018.0,20,2018,26,2
C00393652,2062018.0,1200,2018,06,2
C00393652,2202018.0,100,2018,20,2
C00393652,2012018.0,100,2018,01,2
C00393652,2282018.0,75,2018,28,2
C00393652,2062018.0,250,2018,06,2
C00393652,2222018.0,50,2018,22,2
C00393652,2282018.0,100,2018,28,2
C00393652,2282018.0,500,2018,28,2
C00393652,2122018.0,50,2018,12,2
C00393652,2272018.0,25,2018,27,2
C00393652,2262018.0,1000,2018,26,2
C00393652,2152018.0,100,2018,15,2
C00393652,2082018.0,250,2018,08,2
C00393652,2192018.0,50,2018,19,2
C00393652,2222018.0,50,2018,22,2
C00393652,2282018.0,100,2018,28,2
C00393652,2212018.0,500,2018,21,2
C00393652,2202018.0,20,2018,20,2
C00393652,2202018.0,100,2018,20,2
C00393652,2282018.0,25,2018,28,2
C00393652,2112018.0,2200,2018,11,2
C00393652,2112018.0,300,2018,11,2
C00393652,2092018.0,10,2018,09,2
C00393652,2282018.0,6,2018,28,2
C00393652,2212018.0,25,2018,21,2
C00393652,2222018.0,2700,2018,22,2
C00393652,2072018.0,50,2018,07,2
C00393652,2062018.0,500,2018,06,2
C00393652,2272018.0,100,2018,27,2
C00393652,2202018.0,150,2018,20,2
C00393652,2062018.0,25,2018,06,2
C00393652,2212018.0,20,2018,21,2
C00393652,2262018.0,5,2018,26,2
C00393652,2232018.0,25,2018,23,2
C00393652,2272018.0,500,2018,27,2
C00393652,2272018.0,500,2018,27,2
C00393652,2012018.0,5,2018,01,2
C00393652,2012018.0,5,2018,01,2
C00393652,2072018.0,5,2018,07,2
C00393652,2262018.0,500,2018,26,2
C00393652,2262018.0,200,2018,26,2
C00393652,2082018.0,100,2018,08,2
C00393652,2012018.0,75,2018,01,2
C00393652,2212018.0,25,2018,21,2
C00393652,2102018.0,250,2018,10,2
C00393652,2062018.0,40,2018,06,2
C00393652,2282018.0,500,2018,28,2
C00393652,2132018.0,30,2018,13,2
C00393652,2272018.0,1000,2018,27,2
C00393652,2062018.0,25,2018,06,2
C00393652,2012018.0,750,2018,01,2
C00393652,2282018.0,100,2018,28,2
C00393652,2092018.0,500,2018,09,2
C00393652,2172018.0,20,2018,17,2
C00393652,2202018.0,6,2018,20,2
C00393652,2212018.0,25,2018,21,2
C00393652,2202018.0,500,2018,20,2
C00393652,2212018.0,200,2018,21,2
C00393652,2072018.0,50,2018,07,2
C00393652,2112018.0,2500,2018,11,2
C00393652,2012018.0,1000,2018,01,2
C00393652,2262018.0,250,2018,26,2
C00393652,2082018.0,250,2018,08,2
C00393652,2232018.0,25,2018,23,2
C00393652,2192018.0,25,2018,19,2
C00393652,2232018.0,300,2018,23,2
C00393652,2282018.0,25,2018,28,2
C00393652,2172018.0,5,2018,17,2
C00393652,2012018.0,35,2018,01,2
C00393652,2012018.0,2700,2018,01,2
C00393652,2222018.0,50,2018,22,2
C00393652,2072018.0,25,2018,07,2
C00393652,2282018.0,25,2018,28,2
C00393652,2052018.0,200,2018,05,2
C00393652,2072018.0,250,2018,07,2
C00393652,2222018.0,200,2018,22,2
C00393652,2272018.0,20,2018,27,2
C00393652,2102018.0,10,2018,10,2
C00393652,2012018.0,100,2018,01,2
C00393652,2062018.0,1000,2018,06,2
C00393652,2232018.0,25,2018,23,2
C00393652,2282018.0,25,2018,28,2
C00393652,2082018.0,100,2018,08,2
C00393652,2142018.0,50,2018,14,2
C00393652,2012018.0,500,2018,01,2
C00393652,2232018.0,2,2018,23,2
C00393652,2252018.0,2,2018,25,2
C00393652,2122018.0,100,2018,12,2
C00393652,2032018.0,1000,2018,03,2
C00393652,2272018.0,2700,2018,27,2
C00393652,2192018.0,1000,2018,19,2
C00393652,2192018.0,2,2018,19,2
C00393652,2202018.0,2,2018,20,2
C00393652,2222018.0,1,2018,22,2
C00393652,2232018.0,1,2018,23,2
C00393652,2022018.0,100,2018,02,2
C00393652,2282018.0,100,2018,28,2
C00393652,2272018.0,25,2018,27,2
C00393652,2212018.0,15,2018,21,2
C00393652,2282018.0,50,2018,28,2
C00393652,2192018.0,19,2018,19,2
C00393652,2222018.0,19,2018,22,2
C00393652,2222018.0,19,2018,22,2
C00393652,2242018.0,19,2018,24,2
C00393652,2242018.0,19,2018,24,2
C00393652,2202018.0,25,2018,20,2
C00393652,2242018.0,15,2018,24,2
C00393652,2232018.0,25,2018,23,2
C00393652,2012018.0,50,2018,01,2
C00393652,2112018.0,250,2018,11,2
C00393652,2222018.0,25,2018,22,2
C00393652,2062018.0,25,2018,06,2
C00393652,2162018.0,100,2018,16,2
C00393652,2222018.0,35,2018,22,2
C00393652,2272018.0,5,2018,27,2
C00393652,2212018.0,500,2018,21,2
C00393652,2072018.0,25,2018,07,2
C00393652,2262018.0,1000,2018,26,2
C00393652,2272018.0,500,2018,27,2
C00393652,2072018.0,10,2018,07,2
C00393652,2132018.0,4,2018,13,2
C00393652,2012018.0,100,2018,01,2
C00393652,2192018.0,50,2018,19,2
C00393652,2052018.0,25,2018,05,2
C00393652,2212018.0,1513,2018,21,2
C00393652,2212018.0,486,2018,21,2
C00393652,2272018.0,500,2018,27,2
C00393652,2132018.0,500,2018,13,2
C00393652,2152018.0,500,2018,15,2
C00393652,2022018.0,20,2018,02,2
C00393652,2242018.0,250,2018,24,2
C00393652,2232018.0,25,2018,23,2
C00393652,2212018.0,2700,2018,21,2
C00393652,2112018.0,500,2018,11,2
C00393652,2232018.0,250,2018,23,2
C00393652,2042018.0,5,2018,04,2
C00393652,2212018.0,1000,2018,21,2
C00393652,2072018.0,1000,2018,07,2
C00393652,2192018.0,500,2018,19,2
C00393652,2052018.0,25,2018,05,2
C00393652,2142018.0,250,2018,14,2
C00393652,2232018.0,5,2018,23,2
C00393652,2262018.0,5,2018,26,2
C00393652,2222018.0,100,2018,22,2
C00393652,2262018.0,2500,2018,26,2
C00393652,2012018.0,25,2018,01,2
C00393652,2262018.0,5,2018,26,2
C00393652,2122018.0,20,2018,12,2
C00393652,2062018.0,100,2018,06,2
C00393652,2122018.0,100,2018,12,2
C00393652,2072018.0,2700,2018,07,2
C00393652,2262018.0,100,2018,26,2
C00393652,2222018.0,50,2018,22,2
C00393652,2062018.0,250,2018,06,2
C00393652,2222018.0,500,2018,22,2
C00393652,2232018.0,35,2018,23,2
C00393652,2012018.0,100,2018,01,2
C00393652,2072018.0,25,2018,07,2
C00393652,2132018.0,1000,2018,13,2
C00393652,2112018.0,250,2018,11,2
C00393652,2222018.0,100,2018,22,2
C00393652,2272018.0,500,2018,27,2
C00393652,2212018.0,50,2018,21,2
C00393652,2262018.0,50,2018,26,2
C00393652,2222018.0,250,2018,22,2
C00393652,2212018.0,10,2018,21,2
C00393652,2232018.0,100,2018,23,2
C00393652,2272018.0,50,2018,27,2
C00393652,2162018.0,26,2018,16,2
C00393652,2272018.0,1000,2018,27,2
C00393652,2112018.0,250,2018,11,2
C00393652,2072018.0,50,2018,07,2
C00393652,2062018.0,14,2018,06,2
C00393652,2192018.0,3,2018,19,2
C00393652,2202018.0,100,2018,20,2
C00393652,2012018.0,35,2018,01,2
C00393652,2072018.0,250,2018,07,2
C00393652,2082018.0,10,2018,08,2
C00393652,2132018.0,100,2018,13,2
C00393652,2282018.0,600,2018,28,2
C00393652,2082018.0,250,2018,08,2
C00393652,2282018.0,1000,2018,28,2
C00393652,2082018.0,25,2018,08,2
C00393652,2272018.0,25,2018,27,2
C00393652,2052018.0,40,2018,05,2
C00393652,2192018.0,25,2018,19,2
C00393652,2262018.0,500,2018,26,2
C00393652,2082018.0,250,2018,08,2
C00393652,2202018.0,250,2018,20,2
C00393652,2162018.0,25,2018,16,2
C00393652,2142018.0,1000,2018,14,2
C00393652,2112018.0,50,2018,11,2
C00393652,2112018.0,1000,2018,11,2
C00393652,2222018.0,200,2018,22,2
C00393652,2152018.0,100,2018,15,2
C00393652,2222018.0,500,2018,22,2
C00393652,2262018.0,1000,2018,26,2
C00393652,2152018.0,25,2018,15,2
C00393652,2252018.0,6,2018,25,2
C00393652,2252018.0,250,2018,25,2
C00393652,2212018.0,20,2018,21,2
C00393652,2202018.0,125,2018,20,2
C00393652,2242018.0,25,2018,24,2
C00393652,2122018.0,100,2018,12,2
C00393652,2072018.0,2700,2018,07,2
C00393652,2222018.0,500,2018,22,2
C00393652,2142018.0,50,2018,14,2
C00393652,2182018.0,100,2018,18,2
C00393652,2262018.0,500,2018,26,2
C00393652,2122018.0,1000,2018,12,2
C00393652,2202018.0,250,2018,20,2
C00393652,2282018.0,200,2018,28,2
C00393652,2142018.0,500,2018,14,2
C00393652,2262018.0,1800,2018,26,2
C00393652,2112018.0,1500,2018,11,2
C00393652,2152018.0,25,2018,15,2
C00393652,2012018.0,200,2018,01,2
C00393652,2262018.0,500,2018,26,2
C00393652,2222018.0,277,2018,22,2
C00393652,2262018.0,1000,2018,26,2
C00393652,2102018.0,25,2018,10,2
C00393652,2272018.0,25,2018,27,2
C00393652,2122018.0,100,2018,12,2
C00393652,2222018.0,1000,2018,22,2
C00393652,2172018.0,200,2018,17,2
C00393652,2162018.0,2700,2018,16,2
C00393652,2112018.0,750,2018,11,2
C00393652,2232018.0,50,2018,23,2
C00393652,2282018.0,25,2018,28,2
C00393652,2202018.0,250,2018,20,2
C00393652,2102018.0,6,2018,10,2
C00393652,2212018.0,25,2018,21,2
C00393652,2112018.0,250,2018,11,2
C00393652,2282018.0,1000,2018,28,2
C00393652,2262018.0,1000,2018,26,2
C00393652,2112018.0,1000,2018,11,2
C00393652,2202018.0,125,2018,20,2
C00393652,2062018.0,100,2018,06,2
C00393652,2192018.0,250,2018,19,2
C00393652,2092018.0,1000,2018,09,2
C00393652,2282018.0,100,2018,28,2
C00393652,2272018.0,125,2018,27,2
C00393652,2282018.0,150,2018,28,2
C00393652,2142018.0,15,2018,14,2
C00393652,2142018.0,200,2018,14,2
C00393652,2262018.0,500,2018,26,2
C00393652,2272018.0,15,2018,27,2
C00393652,2282018.0,15,2018,28,2
C00393652,2282018.0,16,2018,28,2
C00393652,2192018.0,25,2018,19,2
C00393652,2282018.0,25,2018,28,2
C00393652,2182018.0,25,2018,18,2
C00393652,2012018.0,250,2018,01,2
C00393652,2282018.0,100,2018,28,2
C00393652,2282018.0,250,2018,28,2
C00393652,2122018.0,25,2018,12,2
C00393652,2262018.0,500,2018,26,2
C00393652,2282018.0,26,2018,28,2
C00393652,2142018.0,30,2018,14,2
C00393652,2162018.0,25,2018,16,2
C00393652,2272018.0,100,2018,27,2
C00393652,2132018.0,2450,2018,13,2
C00393652,2132018.0,250,2018,13,2
C00393652,2212018.0,100,2018,21,2
C00393652,2152018.0,10,2018,15,2
C00393652,2112018.0,100,2018,11,2
C00393652,2072018.0,50,2018,07,2
C00393652,2172018.0,50,2018,17,2
C00393652,2232018.0,5,2018,23,2
C00393652,2222018.0,25,2018,22,2
C00393652,2232018.0,2700,2018,23,2
C00393652,2092018.0,1000,2018,09,2
C00393652,2212018.0,50,2018,21,2
C00393652,2262018.0,500,2018,26,2
C00393652,2282018.0,25,2018,28,2
C00393652,2172018.0,50,2018,17,2
C00393652,2132018.0,500,2018,13,2
C00393652,2032018.0,50,2018,03,2
C00393652,2022018.0,5,2018,02,2
C00393652,2242018.0,15,2018,24,2
C00393652,2282018.0,15,2018,28,2
C00393652,2152018.0,25,2018,15,2
C00393652,2062018.0,1000,2018,06,2
C00393652,2072018.0,50,2018,07,2
C00393652,2282018.0,10,2018,28,2
C00393652,2202018.0,100,2018,20,2
C00393652,2262018.0,50,2018,26,2
C00393652,2282018.0,50,2018,28,2
C00393652,2062018.0,1350,2018,06,2
C00393652,2092018.0,200,2018,09,2
C00393652,2192018.0,50,2018,19,2
C00393652,2242018.0,50,2018,24,2
C00393652,2112018.0,250,2018,11,2
C00393652,2222018.0,700,2018,22,2
C00393652,2262018.0,25,2018,26,2
C00393652,2162018.0,50,2018,16,2
C00393652,2112018.0,750,2018,11,2
C00393652,2152018.0,1000,2018,15,2
C00393652,2272018.0,25,2018,27,2
C00393652,2012018.0,250,2018,01,2
C00393652,2232018.0,200,2018,23,2
C00393652,2222018.0,100,2018,22,2
C00393652,2072018.0,2700,2018,07,2
C00393652,2032018.0,5,2018,03,2
C00393652,2112018.0,250,2018,11,2
C00393652,2062018.0,100,2018,06,2
C00393652,2062018.0,35,2018,06,2
C00393652,2202018.0,1000,2018,20,2
C00393652,2212018.0,100,2018,21,2
C00393652,2112018.0,250,2018,11,2
C00393652,2222018.0,10,2018,22,2
C00393652,2042018.0,25,2018,04,2
C00393652,2232018.0,100,2018,23,2
C00393652,2262018.0,750,2018,26,2
C00393652,2012018.0,500,2018,01,2
C00393652,2282018.0,2700,2018,28,2
C00393652,2092018.0,25,2018,09,2
C00393652,2072018.0,20,2018,07,2
C00393652,2222018.0,25,2018,22,2
C00393652,2262018.0,100,2018,26,2
C00393652,2132018.0,100,2018,13,2
C00393652,2072018.0,25,2018,07,2
C00393652,2272018.0,2500,2018,27,2
C00393652,2222018.0,450,2018,22,2
C00393652,2212018.0,75,2018,21,2
C00393652,2282018.0,25,2018,28,2
C00393652,2282018.0,25,2018,28,2
C00393652,2162018.0,100,2018,16,2
C00393652,2262018.0,100,2018,26,2
C00393652,2212018.0,200,2018,21,2
C00393652,2112018.0,1000,2018,11,2
C00393652,2152018.0,1000,2018,15,2
C00393652,2222018.0,1200,2018,22,2
C00393652,2222018.0,300,2018,22,2
C00393652,2212018.0,100,2018,21,2
C00393652,2072018.0,2700,2018,07,2
C00393652,2062018.0,25,2018,06,2
C00393652,2072018.0,2700,2018,07,2
C00393652,2082018.0,500,2018,08,2
C00393652,2162018.0,20,2018,16,2
C00393652,2052018.0,50,2018,05,2
C00393652,2282018.0,25,2018,28,2
C00393652,2042018.0,200,2018,04,2
C00393652,2112018.0,250,2018,11,2
C00393652,2202018.0,200,2018,20,2
C00393652,2282018.0,20,2018,28,2
C00393652,2152018.0,25,2018,15,2
C00393652,2112018.0,100,2018,11,2
C00393652,2012018.0,100,2018,01,2
C00393652,2282018.0,1000,2018,28,2
C00393652,2162018.0,50,2018,16,2
C00393652,2112018.0,2500,2018,11,2
C00393652,2112018.0,2500,2018,11,2
C00393652,2222018.0,100,2018,22,2
C00393652,2222018.0,25,2018,22,2
C00393652,2282018.0,50,2018,28,2
C00393652,2072018.0,75,2018,07,2
C00393652,2172018.0,5,2018,17,2
C00393652,2152018.0,6,2018,15,2
C00393652,2142018.0,6,2018,14,2
C00393652,2282018.0,25,2018,28,2
C00393652,2202018.0,250,2018,20,2
C00393652,2222018.0,250,2018,22,2
C00393652,2062018.0,35,2018,06,2
C00393652,2282018.0,25,2018,28,2
C00393652,2232018.0,50,2018,23,2
C00393652,2132018.0,4,2018,13,2
C00393652,2092018.0,25,2018,09,2
C00393652,2212018.0,25,2018,21,2
C00393652,2212018.0,200,2018,21,2
C00393652,2162018.0,50,2018,16,2
C00393652,2262018.0,500,2018,26,2
C00393652,2282018.0,25,2018,28,2
C00393652,2282018.0,25,2018,28,2
C00393652,2202018.0,50,2018,20,2
C00393652,2202018.0,1000,2018,20,2
C00393652,2172018.0,200,2018,17,2
C00393652,2102018.0,500,2018,10,2
C00393652,2122018.0,100,2018,12,2
C00393652,2122018.0,50,2018,12,2
C00393652,2282018.0,50,2018,28,2
C00393652,2282018.0,25,2018,28,2
C00393652,2272018.0,100,2018,27,2
C00393652,2232018.0,200,2018,23,2
C00393652,2212018.0,100,2018,21,2
C00393652,2062018.0,100,2018,06,2
C00393652,2062018.0,100,2018,06,2
C00393652,2062018.0,25,2018,06,2
C00393652,2282018.0,200,2018,28,2
C00393652,2212018.0,4,2018,21,2
C00393652,2192018.0,25,2018,19,2
C00393652,2262018.0,1000,2018,26,2
C00393652,2262018.0,2700,2018,26,2
C00393652,2112018.0,2200,2018,11,2
C00393652,2112018.0,300,2018,11,2
C00393652,2232018.0,200,2018,23,2
C00393652,2212018.0,75,2018,21,2
C00393652,2012018.0,50,2018,01,2
C00393652,2232018.0,25,2018,23,2
C00393652,2172018.0,100,2018,17,2
C00393652,2202018.0,500,2018,20,2
C00393652,2262018.0,500,2018,26,2
C00393652,2152018.0,1500,2018,15,2
C00393652,2222018.0,10,2018,22,2
C00393652,2282018.0,25,2018,28,2
C00393652,2202018.0,200,2018,20,2
C00393652,2112018.0,1000,2018,11,2
C00393652,2172018.0,7,2018,17,2
C00393652,2232018.0,5,2018,23,2
C00393652,2192018.0,50,2018,19,2
C00393652,2262018.0,2000,2018,26,2
C00393652,2222018.0,300,2018,22,2
C00393652,2172018.0,6,2018,17,2
C00393652,2262018.0,500,2018,26,2
C00393652,2202018.0,200,2018,20,2
C00393652,2162018.0,19,2018,16,2
C00393652,2202018.0,35,2018,20,2
C00393652,2252018.0,1000,2018,25,2
C00393652,2042018.0,25,2018,04,2
C00393652,2202018.0,500,2018,20,2
C00393652,2202018.0,25,2018,20,2
C00393652,2282018.0,25,2018,28,2
C00393652,2212018.0,250,2018,21,2
C00393652,2012018.0,100,2018,01,2
C00393652,2232018.0,100,2018,23,2
C00393652,2162018.0,250,2018,16,2
C00393652,2272018.0,25,2018,27,2
C00393652,2272018.0,1,2018,27,2
C00393652,2272018.0,1,2018,27,2
C00393652,2282018.0,1,2018,28,2
C00393652,2282018.0,1,2018,28,2
C00393652,2272018.0,25,2018,27,2
C00393652,2092018.0,500,2018,09,2
C00393652,2202018.0,250,2018,20,2
C00393652,2182018.0,5,2018,18,2
C00393652,2262018.0,25,2018,26,2
C00393652,2262018.0,200,2018,26,2
C00393652,2242018.0,1,2018,24,2
C00393652,2262018.0,1,2018,26,2
C00393652,2272018.0,25,2018,27,2
C00393652,2232018.0,50,2018,23,2
C00393652,2082018.0,500,2018,08,2
C00393652,2212018.0,50,2018,21,2
C00393652,2212018.0,50,2018,21,2
C00393652,2072018.0,5,2018,07,2
C00393652,2112018.0,26,2018,11,2
C00393652,2212018.0,50,2018,21,2
C00393652,2262018.0,1000,2018,26,2
C00393652,2272018.0,26,2018,27,2
C00393652,2072018.0,1000,2018,07,2
C00393652,2212018.0,100,2018,21,2
C00393652,2212018.0,250,2018,21,2
C00393652,2022018.0,10,2018,02,2
C00393652,2112018.0,750,2018,11,2
C00393652,2262018.0,500,2018,26,2
C00393652,2022018.0,100,2018,02,2
C00393652,2062018.0,50,2018,06,2
C00393652,2262018.0,200,2018,26,2
C00393652,2272018.0,25,2018,27,2
C00393652,2202018.0,1000,2018,20,2
C00393652,2252018.0,500,2018,25,2
C00393652,2162018.0,19,2018,16,2
C00393652,2272018.0,25,2018,27,2
C00393652,2082018.0,100,2018,08,2
C00393652,2202018.0,200,2018,20,2
C00393652,2202018.0,500,2018,20,2
C00393652,2242018.0,5,2018,24,2
C00393652,2202018.0,19,2018,20,2
C00393652,2282018.0,20,2018,28,2
C00393652,2272018.0,10,2018,27,2
C00393652,2062018.0,25,2018,06,2
C00393652,2172018.0,20,2018,17,2
C00393652,2262018.0,100,2018,26,2
C00393652,2062018.0,250,2018,06,2
C00393652,2272018.0,200,2018,27,2
C00393652,2102018.0,250,2018,10,2
C00393652,2262018.0,50,2018,26,2
C00393652,2262018.0,50,2018,26,2
C00393652,2012018.0,35,2018,01,2
C00393652,2052018.0,100,2018,05,2
C00393652,2262018.0,500,2018,26,2
C00393652,2222018.0,100,2018,22,2
C00393652,2172018.0,150,2018,17,2
C00393652,2022018.0,1200,2018,02,2
C00393652,2242018.0,25,2018,24,2
C00393652,2152018.0,10,2018,15,2
C00393652,2222018.0,250,2018,22,2
C00393652,2262018.0,1000,2018,26,2
C00393652,2222018.0,1700,2018,22,2
C00393652,2192018.0,50,2018,19,2
C00393652,2202018.0,1250,2018,20,2
C00393652,2112018.0,500,2018,11,2
C00393652,2052018.0,100,2018,05,2
C00393652,2132018.0,333,2018,13,2
C00393652,2272018.0,125,2018,27,2
C00393652,2052018.0,10,2018,05,2
C00393652,2242018.0,250,2018,24,2
C00393652,2212018.0,2700,2018,21,2
C00393652,2112018.0,2700,2018,11,2
C00393652,2212018.0,2700,2018,21,2
C00393652,2232018.0,5,2018,23,2
C00393652,2012018.0,100,2018,01,2
C00393652,2272018.0,700,2018,27,2
C00393652,2272018.0,300,2018,27,2
C00393652,2012018.0,2600,2018,01,2
C00393652,2112018.0,400,2018,11,2
C00393652,2072018.0,10,2018,07,2
C00393652,2072018.0,25,2018,07,2
C00393652,2132018.0,4,2018,13,2
C00393652,2202018.0,20,2018,20,2
C00393652,2262018.0,50,2018,26,2
C00393652,2272018.0,100,2018,27,2
C00393652,2112018.0,25,2018,11,2
C00393652,2092018.0,19,2018,09,2
C00393652,2272018.0,50,2018,27,2
C00393652,2132018.0,150,2018,13,2
C00393652,2062018.0,25,2018,06,2
C00393652,2122018.0,50,2018,12,2
C00393652,2182018.0,50,2018,18,2
C00393652,2282018.0,5,2018,28,2
C00393652,2272018.0,100,2018,27,2
C00393652,2172018.0,100,2018,17,2
C00393652,2112018.0,250,2018,11,2
C00393652,2272018.0,50,2018,27,2
C00393652,2162018.0,25,2018,16,2
C00393652,2232018.0,15,2018,23,2
C00393652,2262018.0,100,2018,26,2
C00393652,2262018.0,50,2018,26,2
C00393652,2212018.0,50,2018,21,2
C00393652,2172018.0,25,2018,17,2
C00393652,2172018.0,500,2018,17,2
C00393652,2112018.0,50,2018,11,2
C00393652,2162018.0,25,2018,16,2
C00393652,2282018.0,250,2018,28,2
C00393652,2152018.0,2700,2018,15,2
C00393652,2152018.0,2700,2018,15,2
C00393652,2262018.0,100,2018,26,2
C00393652,2092018.0,35,2018,09,2
C00393652,2122018.0,1000,2018,12,2
C00393652,2222018.0,150,2018,22,2
C00393652,2132018.0,50,2018,13,2
C00393652,2162018.0,5,2018,16,2
C00393652,2112018.0,2500,2018,11,2
C00393652,2202018.0,25,2018,20,2
C00393652,2262018.0,100,2018,26,2
C00393652,2192018.0,38,2018,19,2
C00393652,2272018.0,10,2018,27,2
C00393652,2262018.0,100,2018,26,2
C00393652,2032018.0,100,2018,03,2
C00393652,2082018.0,2500,2018,08,2
C00393652,2262018.0,1800,2018,26,2
C00393652,2222018.0,2700,2018,22,2
C00393652,2272018.0,12,2018,27,2
C00393652,2272018.0,19,2018,27,2
C00393652,2272018.0,19,2018,27,2
C00393652,2152018.0,500,2018,15,2
C00393652,2232018.0,1,2018,23,2
C00393652,2122018.0,5,2018,12,2
C00393652,2242018.0,10,2018,24,2
C00393652,2222018.0,2700,2018,22,2
C00393652,2272018.0,10,2018,27,2
C00393652,2022018.0,10,2018,02,2
C00393652,2282018.0,10,2018,28,2
C00393652,2162018.0,100,2018,16,2
C00393652,2262018.0,25,2018,26,2
C00393652,2282018.0,25,2018,28,2
C00393652,2282018.0,25,2018,28,2
C00393652,2262018.0,10,2018,26,2
C00393652,2262018.0,300,2018,26,2
C00393652,2202018.0,500,2018,20,2
C00393652,2162018.0,250,2018,16,2
C00393652,2092018.0,250,2018,09,2
C00393652,2092018.0,15,2018,09,2
C00393652,2202018.0,25,2018,20,2
C00393652,2212018.0,100,2018,21,2
C00393652,2262018.0,100,2018,26,2
C00393652,2202018.0,500,2018,20,2
C00393652,2282018.0,10,2018,28,2
C00393652,2032018.0,25,2018,03,2
C00393652,2262018.0,65,2018,26,2
C00651208,2272018.0,2700,2018,27,2
C00651208,2272018.0,500,2018,27,2
C00651208,2282018.0,500,2018,28,2
C00651208,2152018.0,500,2018,15,2
C00651208,2282018.0,500,2018,28,2
C00651208,2072018.0,250,2018,07,2
C00651208,2192018.0,500,2018,19,2
C00651208,2272018.0,300,2018,27,2
C00651208,2282018.0,300,2018,28,2
C00651208,2052018.0,250,2018,05,2
C00651208,2282018.0,50,2018,28,2
C00651208,2282018.0,100,2018,28,2
C00651208,2112018.0,250,2018,11,2
C00651208,2102018.0,1000,2018,10,2
C00651208,2072018.0,1000,2018,07,2
C00651208,2282018.0,250,2018,28,2
C00651208,2262018.0,2700,2018,26,2
C00651208,2262018.0,5400,2018,26,2
C00651208,2262018.0,-2700,2018,26,2
C00651208,2152018.0,500,2018,15,2
C00651208,2282018.0,250,2018,28,2
C00651208,2272018.0,100,2018,27,2
C00651208,2112018.0,300,2018,11,2
C00651208,2082018.0,500,2018,08,2
C00651208,2272018.0,250,2018,27,2
C00651208,2072018.0,1000,2018,07,2
C00651208,2092018.0,1000,2018,09,2
C00651208,2282018.0,1000,2018,28,2
C00651208,2022018.0,250,2018,02,2
C00651208,2272018.0,703,2018,27,2
C00651208,2122018.0,200,2018,12,2
C00651208,2072018.0,250,2018,07,2
C00651208,2012018.0,250,2018,01,2
C00651208,2282018.0,500,2018,28,2
C00651208,2202018.0,250,2018,20,2
C00651208,2162018.0,1000,2018,16,2
C00651208,2072018.0,500,2018,07,2
C00651208,2022018.0,500,2018,02,2
C00651208,2282018.0,100,2018,28,2
C00651208,2072018.0,250,2018,07,2
C00651208,2162018.0,250,2018,16,2
C00651208,2282018.0,250,2018,28,2
C00651208,2162018.0,500,2018,16,2
C00651208,2072018.0,1000,2018,07,2
C00651208,2282018.0,250,2018,28,2
C00651208,2282018.0,250,2018,28,2
C00651208,2072018.0,1000,2018,07,2
C00651208,2162018.0,250,2018,16,2
C00651208,2232018.0,250,2018,23,2
C00651208,2122018.0,1200,2018,12,2
C00651208,2152018.0,250,2018,15,2
C00651208,2092018.0,5000,2018,09,2
C00651208,2092018.0,-2300,2018,09,2
C00651208,2092018.0,2300,2018,09,2
C00651208,2142018.0,2000,2018,14,2
C00651208,2082018.0,2000,2018,08,2
C00651208,2082018.0,-300,2018,08,2
C00651208,2082018.0,300,2018,08,2
C00651208,2122018.0,250,2018,12,2
C00651208,2272018.0,500,2018,27,2
C00651208,2152018.0,250,2018,15,2
C00651208,2212018.0,250,2018,21,2
C00651208,2272018.0,500,2018,27,2
C00651208,2152018.0,50,2018,15,2
C00651208,2072018.0,500,2018,07,2
C00651208,2072018.0,5400,2018,07,2
C00651208,2072018.0,-2700,2018,07,2
C00651208,2072018.0,2700,2018,07,2
C00651208,2272018.0,250,2018,27,2
C00651208,2012018.0,250,2018,01,2
C00651208,2282018.0,250,2018,28,2
C00651208,2282018.0,500,2018,28,2
C00651208,2192018.0,1000,2018,19,2
C00651208,2202018.0,200,2018,20,2
C00651208,2282018.0,250,2018,28,2
C00651208,2162018.0,1000,2018,16,2
C00651208,2122018.0,1000,2018,12,2
C00651208,2142018.0,250,2018,14,2
C00651208,2142018.0,300,2018,14,2
C00651208,2232018.0,500,2018,23,2
C00651208,2232018.0,250,2018,23,2
C00651208,2052018.0,1000,2018,05,2
C00651208,2282018.0,25,2018,28,2
C00651208,2022018.0,500,2018,02,2
C00651208,2072018.0,250,2018,07,2
C00651208,2282018.0,50,2018,28,2
C00651208,2072018.0,250,2018,07,2
C00651208,2082018.0,700,2018,08,2
C00651208,2152018.0,500,2018,15,2
C00651208,2272018.0,500,2018,27,2
C00651208,2162018.0,50,2018,16,2
C00651208,2272018.0,100,2018,27,2
C00651208,2062018.0,2000,2018,06,2
C00651208,2072018.0,250,2018,07,2
C00651208,2232018.0,250,2018,23,2
C00651208,2152018.0,500,2018,15,2
C00651208,2072018.0,1000,2018,07,2
C00651208,2152018.0,250,2018,15,2
C00651208,2062018.0,500,2018,06,2
C00651208,2142018.0,1000,2018,14,2
C00651208,2242018.0,250,2018,24,2
C00651208,2172018.0,500,2018,17,2
C00651208,2152018.0,500,2018,15,2
C00651208,2082018.0,100,2018,08,2
C00651208,2282018.0,500,2018,28,2
C00651208,2202018.0,250,2018,20,2
C00651208,2092018.0,500,2018,09,2
C00651208,2272018.0,250,2018,27,2
C00651208,2272018.0,250,2018,27,2
C00651208,2072018.0,250,2018,07,2
C00651208,2272018.0,500,2018,27,2
C00651208,2132018.0,500,2018,13,2
C00651208,2282018.0,500,2018,28,2
C00651208,2232018.0,250,2018,23,2
C00651208,2072018.0,250,2018,07,2
C00651208,2232018.0,300,2018,23,2
C00651208,2022018.0,350,2018,02,2
C00651208,2232018.0,250,2018,23,2
C00651208,2282018.0,300,2018,28,2
C00651208,2232018.0,1000,2018,23,2
C00651208,2212018.0,1000,2018,21,2
C00651208,2232018.0,1000,2018,23,2
C00651208,2072018.0,1000,2018,07,2
C00651208,2232018.0,35,2018,23,2
C00651208,2132018.0,500,2018,13,2
C00651208,2222018.0,250,2018,22,2
C00651208,2072018.0,250,2018,07,2
C00651208,2152018.0,500,2018,15,2
C00651208,2282018.0,250,2018,28,2
C00651208,2232018.0,250,2018,23,2
C00651208,2272018.0,500,2018,27,2
C00651208,2272018.0,250,2018,27,2
C00651208,2222018.0,250,2018,22,2
C00651208,2162018.0,250,2018,16,2
C00651208,2022018.0,500,2018,02,2
C00651208,2082018.0,500,2018,08,2
C00651208,2282018.0,50,2018,28,2
C00651208,2072018.0,250,2018,07,2
C00651208,2122018.0,5000,2018,12,2
C00651208,2122018.0,-2300,2018,12,2
C00651208,2122018.0,2300,2018,12,2
C00651208,2202018.0,305,2018,20,2
C00651208,2272018.0,100,2018,27,2
C00651208,2272018.0,500,2018,27,2
C00651208,2142018.0,2000,2018,14,2
C00651208,2282018.0,250,2018,28,2
C00651208,2082018.0,250,2018,08,2
C00651208,2192018.0,1500,2018,19,2
C00651208,2142018.0,250,2018,14,2
C00651208,2142018.0,500,2018,14,2
C00651208,2192018.0,2700,2018,19,2
C00651208,2192018.0,-1500,2018,19,2
C00651208,2072018.0,1000,2018,07,2
C00651208,2072018.0,250,2018,07,2
C00651208,2282018.0,250,2018,28,2
C00651208,2022018.0,250,2018,02,2
C00651208,2122018.0,250,2018,12,2
C00651208,2282018.0,250,2018,28,2
C00651208,2072018.0,1000,2018,07,2
C00651208,2032018.0,1000,2018,03,2
C00651208,2282018.0,2700,2018,28,2
C00651208,2032018.0,100,2018,03,2
C00651208,2272018.0,50,2018,27,2
C00651208,2272018.0,250,2018,27,2
C00651208,2212018.0,500,2018,21,2
C00651208,2282018.0,250,2018,28,2
C00651208,2072018.0,500,2018,07,2
C00651208,2282018.0,250,2018,28,2
C00651208,2272018.0,250,2018,27,2
C00651208,2122018.0,1000,2018,12,2
C00651208,2192018.0,250,2018,19,2
C00651208,2272018.0,100,2018,27,2
C00651208,2062018.0,250,2018,06,2
C00651208,2262018.0,500,2018,26,2
C00651208,2262018.0,100,2018,26,2
C00651208,2142018.0,1000,2018,14,2
C00651208,2072018.0,1000,2018,07,2
C00651208,2072018.0,250,2018,07,2
C00651208,2072018.0,1000,2018,07,2
C00651208,2212018.0,250,2018,21,2
C00651208,2192018.0,250,2018,19,2
C00651208,2072018.0,500,2018,07,2
C00651208,2212018.0,250,2018,21,2
C00651208,2072018.0,1000,2018,07,2
C00651208,2202018.0,2700,2018,20,2
C00651208,2152018.0,250,2018,15,2
C00651208,2072018.0,250,2018,07,2
C00651208,2202018.0,1000,2018,20,2
C00651208,2062018.0,500,2018,06,2
C00651208,2192018.0,1000,2018,19,2
C00651208,2072018.0,250,2018,07,2
C00651208,2022018.0,250,2018,02,2
C00651208,2192018.0,250,2018,19,2
C00651208,2072018.0,1000,2018,07,2
C00651208,2222018.0,1000,2018,22,2
C00651208,2152018.0,5400,2018,15,2
C00651208,2152018.0,-2700,2018,15,2
C00651208,2152018.0,2700,2018,15,2
C00651208,2072018.0,500,2018,07,2
C00651208,2282018.0,300,2018,28,2
C00651208,2202018.0,100,2018,20,2
C00651208,2012018.0,250,2018,01,2
C00651208,2012018.0,200,2018,01,2
C00651208,2272018.0,250,2018,27,2
C00651208,2282018.0,500,2018,28,2
C00651208,2282018.0,1000,2018,28,2
C00651208,2172018.0,500,2018,17,2
C00651208,2012018.0,250,2018,01,2
C00651208,2082018.0,240,2018,08,2
C00654822,2192018.0,0,2018,19,2
C00393652,2202018.0,-12,2018,20,2
C00540500,2162018.0,25,2018,16,2
C00540500,2092018.0,15,2018,09,2
C00540500,2052018.0,5400,2018,05,2
C00540500,2152018.0,-2700,2018,15,2
C00540500,2152018.0,2700,2018,15,2
C00540500,2162018.0,1000,2018,16,2
C00540500,2052018.0,25,2018,05,2
C00540500,2282018.0,15,2018,28,2
C00540500,2022018.0,50,2018,02,2
C00540500,2092018.0,25,2018,09,2
C00540500,2062018.0,15,2018,06,2
C00540500,2252018.0,12,2018,25,2
C00540500,2172018.0,10,2018,17,2
C00540500,2062018.0,25,2018,06,2
C00540500,2212018.0,100,2018,21,2
C00540500,2222018.0,100,2018,22,2
C00540500,2232018.0,5,2018,23,2
C00540500,2242018.0,15,2018,24,2
C00540500,2192018.0,500,2018,19,2
C00540500,2272018.0,25,2018,27,2
C00540500,2252018.0,25,2018,25,2
C00540500,2282018.0,15,2018,28,2
C00540500,2282018.0,25,2018,28,2
C00540500,2082018.0,25,2018,08,2
C00540500,2212018.0,15,2018,21,2
C00540500,2092018.0,10,2018,09,2
C00540500,2282018.0,10,2018,28,2
C00540500,2092018.0,25,2018,09,2
C00540500,2282018.0,25,2018,28,2
C00540500,2032018.0,25,2018,03,2
C00540500,2282018.0,15,2018,28,2
C00540500,2012018.0,5,2018,01,2
C00540500,2242018.0,10,2018,24,2
C00540500,2282018.0,25,2018,28,2
C00540500,2272018.0,25,2018,27,2
C00540500,2212018.0,100,2018,21,2
C00540500,2152018.0,100,2018,15,2
C00540500,2282018.0,38,2018,28,2
C00540500,2282018.0,25,2018,28,2
C00540500,2042018.0,50,2018,04,2
C00540500,2102018.0,25,2018,10,2
C00540500,2282018.0,200,2018,28,2
C00540500,2212018.0,50,2018,21,2
C00540500,2282018.0,10,2018,28,2
C00540500,2062018.0,25,2018,06,2
C00540500,2062018.0,500,2018,06,2
C00540500,2262018.0,1000,2018,26,2
C00540500,2162018.0,500,2018,16,2
C00540500,2132018.0,1000,2018,13,2
C00540500,2192018.0,500,2018,19,2
C00540500,2052018.0,100,2018,05,2
C00540500,2272018.0,25,2018,27,2
C00540500,2012018.0,50,2018,01,2
C00540500,2152018.0,-1800,2018,15,2
C00540500,2022018.0,2000,2018,02,2
C00540500,2062018.0,2500,2018,06,2
C00540500,2152018.0,350,2018,15,2
C00540500,2252018.0,250,2018,25,2
C00540500,2252018.0,250,2018,25,2
C00540500,2102018.0,50,2018,10,2
C00540500,2202018.0,50,2018,20,2
C00540500,2232018.0,25,2018,23,2
C00540500,2032018.0,5,2018,03,2
C00540500,2282018.0,15,2018,28,2
C00540500,2252018.0,25,2018,25,2
C00540500,2282018.0,25,2018,28,2
C00540500,2072018.0,25,2018,07,2
C00540500,2172018.0,10,2018,17,2
C00540500,2012018.0,150,2018,01,2
C00540500,2122018.0,150,2018,12,2
C00540500,2072018.0,15,2018,07,2
C00540500,2082018.0,25,2018,08,2
C00540500,2282018.0,15,2018,28,2
C00540500,2092018.0,50,2018,09,2
C00540500,2042018.0,10,2018,04,2
C00540500,2282018.0,10,2018,28,2
C00540500,2262018.0,15,2018,26,2
C00540500,2262018.0,25,2018,26,2
C00540500,2042018.0,50,2018,04,2
C00540500,2132018.0,10,2018,13,2
C00540500,2262018.0,10,2018,26,2
C00540500,2212018.0,50,2018,21,2
C00540500,2272018.0,15,2018,27,2
C00540500,2122018.0,12,2018,12,2
C00540500,2192018.0,25,2018,19,2
C00540500,2192018.0,100,2018,19,2
C00540500,2212018.0,10,2018,21,2
C00540500,2162018.0,25,2018,16,2
C00540500,2262018.0,18,2018,26,2
C00540500,2102018.0,25,2018,10,2
C00540500,2162018.0,100,2018,16,2
C00540500,2272018.0,25,2018,27,2
C00540500,2262018.0,50,2018,26,2
C00540500,2282018.0,25,2018,28,2
C00540500,2272018.0,15,2018,27,2
C00540500,2092018.0,25,2018,09,2
C00540500,2172018.0,12,2018,17,2
C00540500,2012018.0,2000,2018,01,2
C00540500,2132018.0,25,2018,13,2
C00540500,2112018.0,15,2018,11,2
C00540500,2112018.0,12,2018,11,2
C00540500,2102018.0,5,2018,10,2
C00540500,2282018.0,100,2018,28,2
C00540500,2212018.0,400,2018,21,2
C00540500,2232018.0,25,2018,23,2
C00540500,2082018.0,20,2018,08,2
C00540500,2122018.0,25,2018,12,2
C00540500,2042018.0,15,2018,04,2
C00540500,2202018.0,300,2018,20,2
C00540500,2122018.0,25,2018,12,2
C00540500,2262018.0,25,2018,26,2
C00540500,2252018.0,15,2018,25,2
C00540500,2262018.0,500,2018,26,2
C00540500,2112018.0,19,2018,11,2
C00540500,2182018.0,25,2018,18,2
C00540500,2262018.0,25,2018,26,2
C00540500,2082018.0,25,2018,08,2
C00540500,2192018.0,25,2018,19,2
C00540500,2252018.0,10,2018,25,2
C00540500,2212018.0,500,2018,21,2
C00540500,2112018.0,25,2018,11,2
C00540500,2082018.0,500,2018,08,2
C00540500,2082018.0,500,2018,08,2
C00540500,2072018.0,1000,2018,07,2
C00540500,2022018.0,100,2018,02,2
C00540500,2172018.0,15,2018,17,2
C00540500,2032018.0,350,2018,03,2
C00540500,2282018.0,25,2018,28,2
C00540500,2212018.0,400,2018,21,2
C00540500,2022018.0,19,2018,02,2
C00540500,2282018.0,25,2018,28,2
C00540500,2262018.0,20,2018,26,2
C00540500,2092018.0,100,2018,09,2
C00540500,2212018.0,500,2018,21,2
C00540500,2012018.0,15,2018,01,2
C00540500,2282018.0,10,2018,28,2
C00540500,2252018.0,50,2018,25,2
C00540500,2042018.0,25,2018,04,2
C00540500,2102018.0,100,2018,10,2
C00540500,2032018.0,100,2018,03,2
C00540500,2022018.0,25,2018,02,2
C00540500,2232018.0,25,2018,23,2
C00540500,2092018.0,25,2018,09,2
C00540500,2212018.0,1000,2018,21,2
C00540500,2192018.0,350,2018,19,2
C00540500,2232018.0,15,2018,23,2
C00540500,2092018.0,25,2018,09,2
C00540500,2282018.0,50,2018,28,2
C00540500,2282018.0,25,2018,28,2
C00540500,2212018.0,15,2018,21,2
C00540500,2012018.0,10,2018,01,2
C00540500,2112018.0,25,2018,11,2
C00540500,2062018.0,10,2018,06,2
C00540500,2202018.0,10,2018,20,2
C00540500,2272018.0,10,2018,27,2
C00540500,2062018.0,500,2018,06,2
C00540500,2162018.0,15,2018,16,2
C00540500,2042018.0,15,2018,04,2
C00540500,2222018.0,15,2018,22,2
C00540500,2282018.0,15,2018,28,2
C00540500,2082018.0,10,2018,08,2
C00540500,2232018.0,10,2018,23,2
C00540500,2282018.0,10,2018,28,2
C00540500,2162018.0,25,2018,16,2
C00540500,2282018.0,10,2018,28,2
C00540500,2282018.0,50,2018,28,2
C00540500,2282018.0,50,2018,28,2
C00540500,2242018.0,15,2018,24,2
C00540500,2222018.0,15,2018,22,2
C00540500,2012018.0,1000,2018,01,2
C00540500,2022018.0,15,2018,02,2
C00540500,2252018.0,5,2018,25,2
C00540500,2222018.0,20,2018,22,2
C00540500,2012018.0,11,2018,01,2
C00540500,2082018.0,25,2018,08,2
C00540500,2102018.0,11,2018,10,2
C00540500,2172018.0,25,2018,17,2
C00540500,2022018.0,25,2018,02,2
C00540500,2282018.0,25,2018,28,2
C00540500,2282018.0,100,2018,28,2
C00540500,2282018.0,25,2018,28,2
C00540500,2282018.0,25,2018,28,2
C00540500,2012018.0,15,2018,01,2
C00540500,2012018.0,25,2018,01,2
C00540500,2012018.0,100,2018,01,2
C00540500,2132018.0,500,2018,13,2
C00540500,2222018.0,25,2018,22,2
C00540500,2272018.0,15,2018,27,2
C00540500,2052018.0,10,2018,05,2
C00540500,2032018.0,10,2018,03,2
C00540500,2182018.0,25,2018,18,2
C00540500,2222018.0,500,2018,22,2
C00540500,2012018.0,15,2018,01,2
C00540500,2192018.0,25,2018,19,2
C00540500,2082018.0,250,2018,08,2
C00540500,2022018.0,100,2018,02,2
C00540500,2132018.0,25,2018,13,2
C00540500,2012018.0,15,2018,01,2
C00540500,2212018.0,50,2018,21,2
C00540500,2072018.0,2700,2018,07,2
C00540500,2252018.0,25,2018,25,2
C00540500,2262018.0,25,2018,26,2
C00540500,2202018.0,25,2018,20,2
C00540500,2132018.0,15,2018,13,2
C00540500,2082018.0,25,2018,08,2
C00540500,2152018.0,1800,2018,15,2
C00540500,2022018.0,25,2018,02,2
C00540500,2212018.0,25,2018,21,2
C00540500,2202018.0,50,2018,20,2
C00540500,2022018.0,10,2018,02,2
C00540500,2242018.0,15,2018,24,2
C00540500,2072018.0,10,2018,07,2
C00540500,2072018.0,25,2018,07,2
C00540500,2082018.0,8,2018,08,2
C00540500,2012018.0,100,2018,01,2
C00540500,2092018.0,100,2018,09,2
C00540500,2242018.0,50,2018,24,2
C00540500,2042018.0,100,2018,04,2
C00540500,2092018.0,100,2018,09,2
C00540500,2072018.0,100,2018,07,2
C00540500,2042018.0,25,2018,04,2
C00540500,2252018.0,10,2018,25,2
C00540500,2192018.0,10,2018,19,2
C00540500,2242018.0,10,2018,24,2
C00540500,2282018.0,15,2018,28,2
C00540500,2122018.0,2000,2018,12,2
C00540500,2252018.0,-1300,2018,25,2
C00540500,2252018.0,1300,2018,25,2
C00540500,2172018.0,25,2018,17,2
C00540500,2272018.0,25,2018,27,2
C00540500,2222018.0,500,2018,22,2
C00540500,2022018.0,700,2018,02,2
C00540500,2192018.0,5,2018,19,2
C00540500,2012018.0,1000,2018,01,2
C00540500,2282018.0,25,2018,28,2
C00540500,2192018.0,10,2018,19,2
C00540500,2272018.0,10,2018,27,2
C00540500,2282018.0,10,2018,28,2
C00540500,2132018.0,5,2018,13,2
C00540500,2242018.0,15,2018,24,2
C00540500,2282018.0,10,2018,28,2
C00540500,2252018.0,15,2018,25,2
C00540500,2282018.0,100,2018,28,2
C00540500,2282018.0,15,2018,28,2
C00540500,2082018.0,15,2018,08,2
C00540500,2042018.0,10,2018,04,2
C00540500,2282018.0,100,2018,28,2
C00540500,2062018.0,350,2018,06,2
C00540500,2062018.0,15,2018,06,2
C00540500,2282018.0,50,2018,28,2
C00540500,2062018.0,25,2018,06,2
C00540500,2062018.0,250,2018,06,2
C00540500,2212018.0,500,2018,21,2
C00540500,2192018.0,50,2018,19,2
C00540500,2212018.0,25,2018,21,2
C00540500,2042018.0,350,2018,04,2
C00540500,2032018.0,10,2018,03,2
C00540500,2192018.0,25,2018,19,2
C00540500,2062018.0,15,2018,06,2
C00540500,2242018.0,15,2018,24,2
C00540500,2162018.0,25,2018,16,2
C00540500,2092018.0,25,2018,09,2
C00540500,2182018.0,25,2018,18,2
C00540500,2282018.0,54,2018,28,2
C00540500,2142018.0,1500,2018,14,2
C00540500,2282018.0,15,2018,28,2
C00540500,2192018.0,100,2018,19,2
C00540500,2142018.0,100,2018,14,2
C00540500,2202018.0,25,2018,20,2
C00540500,2282018.0,7,2018,28,2
C00540500,2192018.0,15,2018,19,2
C00540500,2272018.0,25,2018,27,2
C00540500,2012018.0,5,2018,01,2
C00540500,2262018.0,3,2018,26,2
C00540500,2182018.0,15,2018,18,2
C00540500,2212018.0,10,2018,21,2
C00540500,2192018.0,1000,2018,19,2
C00540500,2152018.0,25,2018,15,2
C00540500,2062018.0,25,2018,06,2
C00540500,2282018.0,200,2018,28,2
C00540500,2172018.0,25,2018,17,2
C00540500,2272018.0,25,2018,27,2
C00540500,2282018.0,25,2018,28,2
C00540500,2062018.0,25,2018,06,2
C00540500,2162018.0,10,2018,16,2
C00540500,2092018.0,25,2018,09,2
C00540500,2132018.0,25,2018,13,2
C00540500,2122018.0,350,2018,12,2
C00540500,2152018.0,15,2018,15,2
C00540500,2122018.0,250,2018,12,2
C00540500,2172018.0,25,2018,17,2
C00540500,2252018.0,12,2018,25,2
C00540500,2282018.0,25,2018,28,2
C00540500,2032018.0,10,2018,03,2
C00540500,2252018.0,25,2018,25,2
C00540500,2012018.0,25,2018,01,2
C00540500,2092018.0,1000,2018,09,2
C00540500,2202018.0,25,2018,20,2
C00540500,2272018.0,10,2018,27,2
C00540500,2182018.0,10,2018,18,2
C00540500,2202018.0,10,2018,20,2
C00540500,2282018.0,50,2018,28,2
C00540500,2212018.0,1000,2018,21,2
C00540500,2212018.0,1000,2018,21,2
C00540500,2132018.0,25,2018,13,2
C00540500,2242018.0,2700,2018,24,2
C00540500,2212018.0,200,2018,21,2
C00540500,2082018.0,25,2018,08,2
C00540500,2152018.0,1000,2018,15,2
C00540500,2202018.0,200,2018,20,2
C00540500,2122018.0,25,2018,12,2
C00540500,2162018.0,10,2018,16,2
C00540500,2102018.0,250,2018,10,2
C00540500,2282018.0,25,2018,28,2
C00540500,2172018.0,1000,2018,17,2
C00540500,2242018.0,250,2018,24,2
C00540500,2072018.0,500,2018,07,2
C00540500,2052018.0,15,2018,05,2
C00540500,2192018.0,10,2018,19,2
C00540500,2182018.0,25,2018,18,2
C00540500,2282018.0,35,2018,28,2
C00540500,2282018.0,25,2018,28,2
C00540500,2012018.0,10,2018,01,2
C00540500,2282018.0,10,2018,28,2
C00540500,2042018.0,15,2018,04,2
C00540500,2042018.0,15,2018,04,2
C00540500,2112018.0,350,2018,11,2
C00540500,2212018.0,25,2018,21,2
C00540500,2142018.0,500,2018,14,2
C00540500,2182018.0,15,2018,18,2
C00540500,2212018.0,25,2018,21,2
C00540500,2142018.0,1000,2018,14,2
C00540500,2212018.0,1000,2018,21,2
C00540500,2112018.0,25,2018,11,2
C00540500,2062018.0,15,2018,06,2
C00540500,2072018.0,350,2018,07,2
C00540500,2012018.0,25,2018,01,2
C00540500,2252018.0,25,2018,25,2
C00540500,2042018.0,25,2018,04,2
C00540500,2142018.0,100,2018,14,2
C00540500,2012018.0,10,2018,01,2
C00540500,2112018.0,10,2018,11,2
C00540500,2062018.0,25,2018,06,2
C00540500,2282018.0,5,2018,28,2
C00540500,2032018.0,15,2018,03,2
C00540500,2202018.0,15,2018,20,2
C00540500,2152018.0,25,2018,15,2
C00540500,2092018.0,25,2018,09,2
C00540500,2252018.0,1000,2018,25,2
C00540500,2012018.0,25,2018,01,2
C00540500,2142018.0,500,2018,14,2
C00540500,2032018.0,100,2018,03,2
C00540500,2262018.0,25,2018,26,2
C00540500,2142018.0,25,2018,14,2
C00540500,2082018.0,25,2018,08,2
C00540500,2212018.0,1000,2018,21,2
C00540500,2282018.0,500,2018,28,2
C00540500,2122018.0,25,2018,12,2
C00540500,2102018.0,25,2018,10,2
C00540500,2202018.0,500,2018,20,2
C00540500,2282018.0,25,2018,28,2
C00540500,2282018.0,10,2018,28,2
C00540500,2152018.0,15,2018,15,2
C00540500,2282018.0,25,2018,28,2
C00540500,2272018.0,15,2018,27,2
C00540500,2212018.0,50,2018,21,2
C00540500,2282018.0,100,2018,28,2
C00540500,2012018.0,25,2018,01,2
C00540500,2012018.0,10,2018,01,2
C00540500,2162018.0,10,2018,16,2
C00540500,2272018.0,25,2018,27,2
C00540500,2072018.0,25,2018,07,2
C00540500,2012018.0,200,2018,01,2
C00540500,2022018.0,15,2018,02,2
C00540500,2162018.0,25,2018,16,2
C00540500,2092018.0,15,2018,09,2
C00540500,2102018.0,10,2018,10,2
C00540500,2282018.0,15,2018,28,2
C00540500,2142018.0,1000,2018,14,2
C00540500,2072018.0,25,2018,07,2
C00540500,2282018.0,25,2018,28,2
C00540500,2262018.0,25,2018,26,2
C00540500,2142018.0,100,2018,14,2
C00540500,2142018.0,25,2018,14,2
C00540500,2012018.0,10,2018,01,2
C00540500,2162018.0,10,2018,16,2
C00540500,2032018.0,25,2018,03,2
C00540500,2012018.0,5,2018,01,2
C00540500,2062018.0,10,2018,06,2
C00540500,2252018.0,15,2018,25,2
C00540500,2282018.0,15,2018,28,2
C00540500,2032018.0,5,2018,03,2
C00540500,2282018.0,10,2018,28,2
C00540500,2012018.0,25,2018,01,2
C00540500,2242018.0,25,2018,24,2
C00540500,2192018.0,500,2018,19,2
C00540500,2102018.0,25,2018,10,2
C00540500,2142018.0,100,2018,14,2
C00540500,2182018.0,25,2018,18,2
C00540500,2252018.0,500,2018,25,2
C00540500,2142018.0,25,2018,14,2
C00540500,2092018.0,100,2018,09,2
C00540500,2042018.0,25,2018,04,2
C00540500,2042018.0,10,2018,04,2
C00540500,2122018.0,10,2018,12,2
C00540500,2012018.0,5,2018,01,2
C00540500,2102018.0,5,2018,10,2
C00540500,2072018.0,10,2018,07,2
C00540500,2252018.0,25,2018,25,2
C00540500,2052018.0,25,2018,05,2
C00540500,2232018.0,10,2018,23,2
C00540500,2252018.0,10,2018,25,2
C00540500,2212018.0,15,2018,21,2
C00540500,2012018.0,25,2018,01,2
C00540500,2272018.0,25,2018,27,2
C00540500,2262018.0,25,2018,26,2
C00540500,2152018.0,500,2018,15,2
C00540500,2022018.0,15,2018,02,2
C00540500,2172018.0,20,2018,17,2
C00540500,2272018.0,25,2018,27,2
C00540500,2232018.0,25,2018,23,2
C00540500,2262018.0,25,2018,26,2
C00540500,2232018.0,100,2018,23,2
C00540500,2072018.0,25,2018,07,2
C00540500,2282018.0,250,2018,28,2
C00540500,2042018.0,50,2018,04,2
C00540500,2032018.0,15,2018,03,2
C00540500,2172018.0,15,2018,17,2
C00540500,2202018.0,15,2018,20,2
C00540500,2272018.0,5,2018,27,2
C00540500,2222018.0,1000,2018,22,2
C00540500,2282018.0,15,2018,28,2
C00540500,2242018.0,12,2018,24,2
C00540500,2282018.0,10,2018,28,2
C00540500,2052018.0,25,2018,05,2
C00540500,2282018.0,100,2018,28,2
C00540500,2072018.0,15,2018,07,2
C00540500,2022018.0,100,2018,02,2
C00540500,2222018.0,75,2018,22,2
C00540500,2092018.0,10,2018,09,2
C00540500,2182018.0,10,2018,18,2
C00540500,2092018.0,25,2018,09,2
C00540500,2262018.0,5400,2018,26,2
C00540500,2262018.0,-2700,2018,26,2
C00540500,2262018.0,2700,2018,26,2
C00540500,2072018.0,27,2018,07,2
C00540500,2062018.0,3700,2018,06,2
C00540500,2152018.0,-1000,2018,15,2
C00540500,2152018.0,1000,2018,15,2
C00540500,2102018.0,100,2018,10,2
C00540500,2072018.0,50,2018,07,2
C00540500,2212018.0,100,2018,21,2
C00540500,2192018.0,50,2018,19,2
C00540500,2082018.0,10,2018,08,2
C00540500,2172018.0,15,2018,17,2
C00540500,2142018.0,700,2018,14,2
C00540500,2072018.0,25,2018,07,2
C00540500,2062018.0,3,2018,06,2
C00540500,2092018.0,15,2018,09,2
C00540500,2032018.0,25,2018,03,2
C00540500,2122018.0,25,2018,12,2
C00540500,2232018.0,15,2018,23,2
C00540500,2242018.0,10,2018,24,2
C00540500,2172018.0,10,2018,17,2
C00540500,2282018.0,50,2018,28,2
C00540500,2062018.0,10,2018,06,2
C00540500,2122018.0,1000,2018,12,2
C00540500,2272018.0,15,2018,27,2
C00540500,2122018.0,25,2018,12,2
C00540500,2272018.0,15,2018,27,2
C00540500,2252018.0,100,2018,25,2
C00540500,2252018.0,25,2018,25,2
C00540500,2282018.0,25,2018,28,2
C00540500,2282018.0,25,2018,28,2
C00540500,2132018.0,250,2018,13,2
C00540500,2082018.0,300,2018,08,2
C00540500,2082018.0,300,2018,08,2
C00540500,2122018.0,25,2018,12,2
C00540500,2242018.0,25,2018,24,2
C00540500,2082018.0,10,2018,08,2
C00540500,2212018.0,5,2018,21,2
C00540500,2262018.0,10,2018,26,2
C00540500,2272018.0,11,2018,27,2
C00540500,2132018.0,1000,2018,13,2
C00540500,2022018.0,1000,2018,02,2
C00540500,2262018.0,2700,2018,26,2
C00540500,2072018.0,100,2018,07,2
C00540500,2022018.0,2000,2018,02,2
C00540500,2032018.0,10,2018,03,2
C00540500,2092018.0,10,2018,09,2
C00540500,2112018.0,12,2018,11,2
C00540500,2072018.0,50,2018,07,2
C00540500,2222018.0,25,2018,22,2
C00540500,2222018.0,25,2018,22,2
C00540500,2232018.0,15,2018,23,2
C00540500,2212018.0,1000,2018,21,2
C00540500,2282018.0,25,2018,28,2
C00540500,2052018.0,25,2018,05,2
C00540500,2082018.0,10,2018,08,2
C00540500,2132018.0,10,2018,13,2
C00540500,2152018.0,5,2018,15,2
C00540500,2282018.0,50,2018,28,2
C00540500,2242018.0,15,2018,24,2
C00540500,2022018.0,15,2018,02,2
C00540500,2072018.0,10,2018,07,2
C00540500,2142018.0,10,2018,14,2
C00540500,2042018.0,25,2018,04,2
C00540500,2262018.0,15,2018,26,2
C00540500,2282018.0,25,2018,28,2
C00540500,2252018.0,12,2018,25,2
C00540500,2232018.0,50,2018,23,2
C00540500,2272018.0,100,2018,27,2
C00540500,2282018.0,75,2018,28,2
C00540500,2282018.0,10,2018,28,2
C00540500,2132018.0,25,2018,13,2
C00540500,2242018.0,10,2018,24,2
C00540500,2052018.0,10,2018,05,2
C00540500,2012018.0,10800,2018,01,2
C00540500,2012018.0,-8100,2018,01,2
C00540500,2012018.0,2700,2018,01,2
C00540500,2012018.0,2700,2018,01,2
C00540500,2012018.0,2700,2018,01,2
C00540500,2232018.0,15,2018,23,2
C00540500,2062018.0,10,2018,06,2
C00540500,2082018.0,10,2018,08,2
C00540500,2202018.0,11,2018,20,2
C00540500,2212018.0,5,2018,21,2
C00540500,2192018.0,10,2018,19,2
C00540500,2192018.0,15,2018,19,2
C00540500,2192018.0,100,2018,19,2
C00540500,2202018.0,25,2018,20,2
C00540500,2112018.0,25,2018,11,2
C00540500,2272018.0,50,2018,27,2
C00540500,2252018.0,10,2018,25,2
C00540500,2222018.0,15,2018,22,2
C00540500,2012018.0,25,2018,01,2
C00540500,2072018.0,100,2018,07,2
C00540500,2012018.0,10,2018,01,2
C00540500,2142018.0,10,2018,14,2
C00540500,2282018.0,25,2018,28,2
C00540500,2272018.0,25,2018,27,2
C00540500,2212018.0,1000,2018,21,2
C00540500,2212018.0,15,2018,21,2
C00540500,2022018.0,25,2018,02,2
C00540500,2262018.0,250,2018,26,2
C00540500,2282018.0,10,2018,28,2
C00540500,2282018.0,10,2018,28,2
C00540500,2112018.0,15,2018,11,2
C00540500,2252018.0,25,2018,25,2
C00540500,2282018.0,25,2018,28,2
C00540500,2032018.0,15,2018,03,2
C00540500,2012018.0,10,2018,01,2
C00540500,2262018.0,25,2018,26,2
C00540500,2072018.0,15,2018,07,2
C00540500,2202018.0,25,2018,20,2
C00540500,2202018.0,500,2018,20,2
C00540500,2272018.0,250,2018,27,2
C00540500,2022018.0,5,2018,02,2
C00540500,2022018.0,2500,2018,02,2
C00540500,2282018.0,10,2018,28,2
C00540500,2222018.0,15,2018,22,2
C00540500,2242018.0,10,2018,24,2
C00540500,2202018.0,500,2018,20,2
C00540500,2092018.0,10,2018,09,2
C00540500,2172018.0,25,2018,17,2
C00540500,2012018.0,700,2018,01,2
C00540500,2172018.0,25,2018,17,2
C00540500,2012018.0,1000,2018,01,2
C00540500,2012018.0,1000,2018,01,2
C00540500,2222018.0,15,2018,22,2
C00540500,2222018.0,25,2018,22,2
C00540500,2052018.0,25,2018,05,2
C00540500,2262018.0,1000,2018,26,2
C00540500,2072018.0,10,2018,07,2
C00540500,2222018.0,50,2018,22,2
C00540500,2082018.0,25,2018,08,2
C00540500,2082018.0,15,2018,08,2
C00540500,2282018.0,10,2018,28,2
C00540500,2282018.0,15,2018,28,2
C00540500,2222018.0,25,2018,22,2
C00540500,2182018.0,25,2018,18,2
C00540500,2222018.0,38,2018,22,2
C00540500,2182018.0,5,2018,18,2
C00540500,2022018.0,200,2018,02,2
C00540500,2202018.0,300,2018,20,2
C00540500,2022018.0,10,2018,02,2
C00540500,2172018.0,10,2018,17,2
C00540500,2262018.0,15,2018,26,2
C00540500,2272018.0,500,2018,27,2
C00540500,2202018.0,350,2018,20,2
C00540500,2282018.0,15,2018,28,2
C00540500,2172018.0,25,2018,17,2
C00540500,2252018.0,25,2018,25,2
C00540500,2132018.0,25,2018,13,2
C00540500,2152018.0,300,2018,15,2
C00540500,2052018.0,500,2018,05,2
C00540500,2152018.0,-300,2018,15,2
C00540500,2282018.0,100,2018,28,2
C00540500,2252018.0,25,2018,25,2
C00540500,2282018.0,10,2018,28,2
C00540500,2262018.0,10,2018,26,2
C00540500,2032018.0,15,2018,03,2
C00540500,2092018.0,25,2018,09,2
C00540500,2022018.0,25,2018,02,2
C00540500,2282018.0,25,2018,28,2
C00540500,2282018.0,50,2018,28,2
C00540500,2042018.0,350,2018,04,2
C00540500,2122018.0,15,2018,12,2
C00540500,2122018.0,15,2018,12,2
C00540500,2222018.0,25,2018,22,2
C00540500,2222018.0,50,2018,22,2
C00540500,2042018.0,100,2018,04,2
C00540500,2272018.0,19,2018,27,2
C00540500,2092018.0,10,2018,09,2
C00540500,2162018.0,10,2018,16,2
C00540500,2282018.0,11,2018,28,2
C00540500,2252018.0,10,2018,25,2
C00540500,2282018.0,25,2018,28,2
C00540500,2172018.0,25,2018,17,2
C00540500,2282018.0,15,2018,28,2
C00540500,2122018.0,15,2018,12,2
C00540500,2282018.0,25,2018,28,2
C00540500,2252018.0,50,2018,25,2
C00540500,2232018.0,10,2018,23,2
C00540500,2062018.0,500,2018,06,2
C00540500,2062018.0,500,2018,06,2
C00540500,2252018.0,15,2018,25,2
C00540500,2152018.0,100,2018,15,2
C00540500,2222018.0,25,2018,22,2
C00540500,2262018.0,25,2018,26,2
C00540500,2222018.0,15,2018,22,2
C00540500,2262018.0,25,2018,26,2
C00540500,2282018.0,100,2018,28,2
C00540500,2282018.0,25,2018,28,2
C00540500,2092018.0,25,2018,09,2
C00540500,2172018.0,25,2018,17,2
C00540500,2012018.0,25,2018,01,2
C00540500,2282018.0,10,2018,28,2
C00540500,2162018.0,10,2018,16,2
C00540500,2102018.0,5,2018,10,2
C00540500,2152018.0,5,2018,15,2
C00540500,2222018.0,10,2018,22,2
C00540500,2162018.0,300,2018,16,2
C00540500,2152018.0,200,2018,15,2
C00540500,2282018.0,25,2018,28,2
C00540500,2282018.0,10,2018,28,2
C00540500,2262018.0,15,2018,26,2
C00540500,2012018.0,25,2018,01,2
C00540500,2272018.0,1000,2018,27,2
C00540500,2142018.0,250,2018,14,2
C00540500,2102018.0,25,2018,10,2
C00540500,2282018.0,15,2018,28,2
C00540500,2242018.0,50,2018,24,2
C00540500,2282018.0,3,2018,28,2
C00540500,2062018.0,25,2018,06,2
C00540500,2172018.0,250,2018,17,2
C00540500,2072018.0,25,2018,07,2
C00540500,2212018.0,10,2018,21,2
C00540500,2282018.0,50,2018,28,2
C00540500,2212018.0,500,2018,21,2
C00540500,2182018.0,10,2018,18,2
C00540500,2212018.0,11,2018,21,2
C00540500,2042018.0,100,2018,04,2
C00540500,2062018.0,15,2018,06,2
C00540500,2022018.0,-2700,2018,02,2
C00540500,2022018.0,2700,2018,02,2
C00540500,2272018.0,15,2018,27,2
C00540500,2282018.0,25,2018,28,2
C00540500,2212018.0,300,2018,21,2
C00540500,2202018.0,100,2018,20,2
C00540500,2272018.0,100,2018,27,2
C00540500,2182018.0,15,2018,18,2
C00540500,2072018.0,25,2018,07,2
C00540500,2282018.0,50,2018,28,2
C00540500,2162018.0,250,2018,16,2
C00540500,2212018.0,25,2018,21,2
C00540500,2262018.0,15,2018,26,2
C00540500,2152018.0,1000,2018,15,2
C00540500,2162018.0,1000,2018,16,2
C00540500,2132018.0,25,2018,13,2
C00540500,2022018.0,15,2018,02,2
C00540500,2272018.0,15,2018,27,2
C00540500,2182018.0,15,2018,18,2
C00540500,2132018.0,15,2018,13,2
C00540500,2092018.0,100,2018,09,2
C00540500,2252018.0,2700,2018,25,2
C00540500,2272018.0,500,2018,27,2
C00540500,2282018.0,25,2018,28,2
C00540500,2282018.0,15,2018,28,2
C00540500,2262018.0,10,2018,26,2
C00540500,2232018.0,15,2018,23,2
C00540500,2242018.0,15,2018,24,2
C00540500,2012018.0,25,2018,01,2
C00540500,2012018.0,50,2018,01,2
C00540500,2252018.0,25,2018,25,2
C00540500,2212018.0,500,2018,21,2
C00540500,2102018.0,25,2018,10,2
C00540500,2092018.0,12,2018,09,2
C00540500,2282018.0,15,2018,28,2
C00540500,2282018.0,25,2018,28,2
C00540500,2282018.0,15,2018,28,2
C00540500,2202018.0,300,2018,20,2
C00540500,2032018.0,50,2018,03,2
C00540500,2172018.0,25,2018,17,2
C00540500,2012018.0,25,2018,01,2
C00540500,2212018.0,15,2018,21,2
C00540500,2172018.0,15,2018,17,2
C00540500,2282018.0,19,2018,28,2
C00540500,2272018.0,19,2018,27,2
C00540500,2242018.0,25,2018,24,2
C00540500,2212018.0,50,2018,21,2
C00540500,2282018.0,15,2018,28,2
C00540500,2222018.0,250,2018,22,2
C00540500,2182018.0,15,2018,18,2
C00540500,2272018.0,25,2018,27,2
C00540500,2092018.0,38,2018,09,2
C00540500,2052018.0,10,2018,05,2
C00540500,2282018.0,50,2018,28,2
C00540500,2052018.0,25,2018,05,2
C00540500,2162018.0,15,2018,16,2
C00540500,2062018.0,10,2018,06,2
C00540500,2272018.0,15,2018,27,2
C00540500,2222018.0,50,2018,22,2
C00540500,2032018.0,15,2018,03,2
C00540500,2222018.0,25,2018,22,2
C00540500,2102018.0,25,2018,10,2
C00540500,2022018.0,5400,2018,02,2
C00540500,2082018.0,-2700,2018,08,2
C00540500,2082018.0,2700,2018,08,2
C00540500,2282018.0,25,2018,28,2
C00540500,2262018.0,50,2018,26,2
C00540500,2272018.0,25,2018,27,2
C00540500,2202018.0,25,2018,20,2
C00540500,2162018.0,15,2018,16,2
C00540500,2202018.0,2700,2018,20,2
C00540500,2022018.0,25,2018,02,2
C00540500,2152018.0,250,2018,15,2
C00540500,2142018.0,500,2018,14,2
C00540500,2262018.0,10,2018,26,2
C00540500,2272018.0,10,2018,27,2
C00540500,2022018.0,15,2018,02,2
C00540500,2132018.0,15,2018,13,2
C00540500,2022018.0,25,2018,02,2
C00540500,2112018.0,5,2018,11,2
C00540500,2092018.0,10,2018,09,2
C00540500,2182018.0,5,2018,18,2
C00540500,2272018.0,10,2018,27,2
C00540500,2012018.0,1000,2018,01,2
C00540500,2032018.0,25,2018,03,2
C00540500,2202018.0,50,2018,20,2
C00540500,2262018.0,25,2018,26,2
C00540500,2242018.0,50,2018,24,2
C00540500,2022018.0,5000,2018,02,2
C00540500,2022018.0,-2300,2018,02,2
C00540500,2282018.0,15,2018,28,2
C00540500,2022018.0,2300,2018,02,2
C00540500,2012018.0,1000,2018,01,2
C00540500,2182018.0,15,2018,18,2
C00540500,2202018.0,10,2018,20,2
C00540500,2282018.0,10,2018,28,2
C00540500,2252018.0,25,2018,25,2
C00540500,2282018.0,15,2018,28,2
C00540500,2092018.0,10,2018,09,2
C00540500,2162018.0,15,2018,16,2
C00540500,2162018.0,15,2018,16,2
C00540500,2272018.0,10,2018,27,2
C00540500,2092018.0,10,2018,09,2
C00540500,2282018.0,25,2018,28,2
C00540500,2282018.0,19,2018,28,2
C00540500,2272018.0,25,2018,27,2
C00540500,2282018.0,25,2018,28,2
C00540500,2112018.0,25,2018,11,2
C00540500,2232018.0,15,2018,23,2
C00540500,2252018.0,15,2018,25,2
C00540500,2252018.0,15,2018,25,2
C00540500,2052018.0,10,2018,05,2
C00540500,2142018.0,250,2018,14,2
C00540500,2212018.0,200,2018,21,2
C00540500,2052018.0,50,2018,05,2
C00540500,2282018.0,50,2018,28,2
C00540500,2182018.0,25,2018,18,2
C00540500,2212018.0,50,2018,21,2
C00540500,2262018.0,25,2018,26,2
C00540500,2282018.0,25,2018,28,2
C00540500,2252018.0,25,2018,25,2
C00540500,2262018.0,10,2018,26,2
C00540500,2252018.0,15,2018,25,2
C00540500,2052018.0,15,2018,05,2
C00540500,2022018.0,2500,2018,02,2
C00540500,2212018.0,500,2018,21,2
C00540500,2262018.0,25,2018,26,2
C00540500,2082018.0,500,2018,08,2
C00540500,2122018.0,250,2018,12,2
C00540500,2282018.0,250,2018,28,2
C00540500,2172018.0,15,2018,17,2
C00540500,2272018.0,15,2018,27,2
C00540500,2202018.0,25,2018,20,2
C00540500,2222018.0,25,2018,22,2
C00540500,2282018.0,20,2018,28,2
C00540500,2282018.0,25,2018,28,2
C00540500,2012018.0,25,2018,01,2
C00540500,2152018.0,200,2018,15,2
C00540500,2052018.0,25,2018,05,2
C00540500,2242018.0,25,2018,24,2
C00540500,2142018.0,50,2018,14,2
C00540500,2152018.0,50,2018,15,2
C00540500,2152018.0,10,2018,15,2
C00540500,2142018.0,100,2018,14,2
C00540500,2052018.0,25,2018,05,2
C00540500,2202018.0,600,2018,20,2
C00540500,2092018.0,5,2018,09,2
C00540500,2282018.0,3,2018,28,2
C00540500,2212018.0,25,2018,21,2
C00540500,2232018.0,250,2018,23,2
C00540500,2232018.0,250,2018,23,2
C00540500,2072018.0,1000,2018,07,2
C00540500,2012018.0,5,2018,01,2
C00540500,2072018.0,1000,2018,07,2
C00540500,2252018.0,10,2018,25,2
C00540500,2062018.0,25,2018,06,2
C00540500,2282018.0,10,2018,28,2
C00540500,2222018.0,1000,2018,22,2
C00540500,2182018.0,25,2018,18,2
C00540500,2282018.0,15,2018,28,2
C00540500,2062018.0,500,2018,06,2
C00540500,2272018.0,20,2018,27,2
C00540500,2172018.0,10,2018,17,2
C00540500,2082018.0,25,2018,08,2
C00540500,2142018.0,15,2018,14,2
C00540500,2262018.0,1000,2018,26,2
C00540500,2222018.0,250,2018,22,2
C00540500,2012018.0,15,2018,01,2
C00540500,2242018.0,25,2018,24,2
C00540500,2272018.0,25,2018,27,2
C00540500,2182018.0,25,2018,18,2
C00540500,2022018.0,10,2018,02,2
C00540500,2282018.0,15,2018,28,2
C00540500,2062018.0,500,2018,06,2
C00540500,2192018.0,25,2018,19,2
C00540500,2202018.0,500,2018,20,2
C00540500,2182018.0,50,2018,18,2
C00540500,2132018.0,15,2018,13,2
C00540500,2262018.0,25,2018,26,2
C00540500,2102018.0,25,2018,10,2
C00540500,2042018.0,15,2018,04,2
C00540500,2282018.0,15,2018,28,2
C00540500,2102018.0,15,2018,10,2
C00540500,2262018.0,10,2018,26,2
C00540500,2262018.0,10,2018,26,2
C00540500,2232018.0,15,2018,23,2
C00540500,2092018.0,10,2018,09,2
C00540500,2282018.0,5,2018,28,2
C00540500,2282018.0,15,2018,28,2
C00540500,2102018.0,25,2018,10,2
C00540500,2242018.0,15,2018,24,2
C00540500,2182018.0,500,2018,18,2
C00540500,2082018.0,250,2018,08,2
C00540500,2122018.0,500,2018,12,2
C00540500,2282018.0,10,2018,28,2
C00540500,2062018.0,2700,2018,06,2
C00540500,2252018.0,25,2018,25,2
C00540500,2012018.0,15,2018,01,2
C00540500,2082018.0,50,2018,08,2
C00540500,2042018.0,15,2018,04,2
C00540500,2212018.0,250,2018,21,2
C00540500,2282018.0,25,2018,28,2
C00540500,2202018.0,25,2018,20,2
C00540500,2272018.0,1000,2018,27,2
C00540500,2092018.0,25,2018,09,2
C00540500,2262018.0,15,2018,26,2
C00540500,2162018.0,1000,2018,16,2
C00540500,2022018.0,10,2018,02,2
C00540500,2262018.0,15,2018,26,2
C00540500,2162018.0,25,2018,16,2
C00540500,2022018.0,25,2018,02,2
C00540500,2152018.0,10,2018,15,2
C00540500,2262018.0,2700,2018,26,2
C00540500,2252018.0,25,2018,25,2
C00540500,2252018.0,25,2018,25,2
C00540500,2132018.0,25,2018,13,2
C00540500,2022018.0,10,2018,02,2
C00540500,2062018.0,10,2018,06,2
C00540500,2262018.0,25,2018,26,2
C00540500,2032018.0,15,2018,03,2
C00540500,2282018.0,15,2018,28,2
C00540500,2102018.0,25,2018,10,2
C00540500,2012018.0,5,2018,01,2
C00540500,2032018.0,25,2018,03,2
C00540500,2022018.0,5,2018,02,2
C00540500,2012018.0,5,2018,01,2
C00540500,2012018.0,1000,2018,01,2
C00540500,2032018.0,15,2018,03,2
C00540500,2282018.0,10,2018,28,2
C00540500,2142018.0,25,2018,14,2
C00540500,2212018.0,25,2018,21,2
C00540500,2092018.0,50,2018,09,2
C00540500,2202018.0,25,2018,20,2
C00540500,2132018.0,1000,2018,13,2
C00540500,2272018.0,25,2018,27,2
C00540500,2272018.0,10,2018,27,2
C00540500,2102018.0,15,2018,10,2
C00540500,2012018.0,25,2018,01,2
C00540500,2062018.0,15,2018,06,2
C00540500,2022018.0,100,2018,02,2
C00540500,2282018.0,100,2018,28,2
C00540500,2102018.0,1000,2018,10,2
C00540500,2152018.0,-300,2018,15,2
C00540500,2152018.0,300,2018,15,2
C00540500,2042018.0,25,2018,04,2
C00540500,2152018.0,25,2018,15,2
C00540500,2252018.0,50,2018,25,2
C00540500,2092018.0,40,2018,09,2
C00540500,2202018.0,1000,2018,20,2
C00540500,2222018.0,25,2018,22,2
C00540500,2142018.0,500,2018,14,2
C00540500,2232018.0,250,2018,23,2
C00540500,2232018.0,250,2018,23,2
C00540500,2132018.0,25,2018,13,2
C00540500,2082018.0,15,2018,08,2
C00540500,2222018.0,25,2018,22,2
C00540500,2082018.0,-100,2018,08,2
C00540500,2082018.0,100,2018,08,2
C00540500,2282018.0,25,2018,28,2
C00540500,2172018.0,10,2018,17,2
C00540500,2282018.0,25,2018,28,2
C00540500,2102018.0,25,2018,10,2
C00540500,2252018.0,50,2018,25,2
C00540500,2282018.0,100,2018,28,2
C00540500,2132018.0,50,2018,13,2
C00540500,2022018.0,25,2018,02,2
C00540500,2282018.0,15,2018,28,2
C00540500,2012018.0,10,2018,01,2
C00540500,2052018.0,15,2018,05,2
C00540500,2282018.0,15,2018,28,2
C00540500,2052018.0,25,2018,05,2
C00540500,2202018.0,500,2018,20,2
C00540500,2232018.0,2700,2018,23,2
C00540500,2092018.0,250,2018,09,2
C00540500,2152018.0,10,2018,15,2
C00540500,2012018.0,25,2018,01,2
C00540500,2232018.0,500,2018,23,2
C00540500,2092018.0,50,2018,09,2
C00540500,2112018.0,25,2018,11,2
C00540500,2282018.0,25,2018,28,2
C00540500,2282018.0,500,2018,28,2
C00540500,2282018.0,3,2018,28,2
C00540500,2152018.0,500,2018,15,2
C00540500,2282018.0,25,2018,28,2
C00540500,2102018.0,10,2018,10,2
C00540500,2222018.0,5,2018,22,2
C00540500,2142018.0,500,2018,14,2
C00540500,2012018.0,50,2018,01,2
C00540500,2022018.0,10,2018,02,2
C00540500,2262018.0,15,2018,26,2
C00540500,2282018.0,10,2018,28,2
C00540500,2142018.0,500,2018,14,2
C00540500,2012018.0,20,2018,01,2
C00540500,2282018.0,15,2018,28,2
C00540500,2282018.0,50,2018,28,2
C00540500,2182018.0,50,2018,18,2
C00540500,2092018.0,10,2018,09,2
C00540500,2082018.0,10,2018,08,2
C00540500,2282018.0,10,2018,28,2
C00540500,2242018.0,25,2018,24,2
C00540500,2192018.0,25,2018,19,2
C00540500,2282018.0,25,2018,28,2
C00540500,2162018.0,3,2018,16,2
C00540500,2202018.0,5,2018,20,2
C00540500,2252018.0,5,2018,25,2
C00540500,2282018.0,10,2018,28,2
C00540500,2282018.0,25,2018,28,2
C00540500,2232018.0,15,2018,23,2
C00540500,2222018.0,100,2018,22,2
C00540500,2192018.0,25,2018,19,2
C00540500,2122018.0,1000,2018,12,2
C00540500,2132018.0,25,2018,13,2
C00540500,2092018.0,10,2018,09,2
C00540500,2022018.0,10,2018,02,2
C00540500,2202018.0,10,2018,20,2
C00540500,2012018.0,25,2018,01,2
C00540500,2262018.0,25,2018,26,2
C00540500,2122018.0,25,2018,12,2
C00540500,2282018.0,25,2018,28,2
C00540500,2242018.0,25,2018,24,2
C00540500,2112018.0,15,2018,11,2
C00540500,2172018.0,15,2018,17,2
C00540500,2022018.0,250,2018,02,2
C00540500,2282018.0,15,2018,28,2
C00540500,2282018.0,11,2018,28,2
C00540500,2282018.0,100,2018,28,2
C00540500,2282018.0,10,2018,28,2
C00540500,2252018.0,10,2018,25,2
C00540500,2262018.0,100,2018,26,2
C00540500,2032018.0,100,2018,03,2
C00540500,2212018.0,100,2018,21,2
C00540500,2212018.0,500,2018,21,2
C00540500,2032018.0,350,2018,03,2
C00540500,2202018.0,38,2018,20,2
C00540500,2052018.0,350,2018,05,2
C00540500,2272018.0,25,2018,27,2
C00540500,2242018.0,750,2018,24,2
C00540500,2092018.0,10,2018,09,2
C00540500,2202018.0,19,2018,20,2
C00540500,2282018.0,25,2018,28,2
C00540500,2282018.0,25,2018,28,2
C00540500,2252018.0,50,2018,25,2
C00540500,2212018.0,25,2018,21,2
C00540500,2202018.0,19,2018,20,2
C00540500,2252018.0,12,2018,25,2
C00540500,2042018.0,5,2018,04,2
C00540500,2102018.0,5,2018,10,2
C00540500,2252018.0,5,2018,25,2
C00540500,2262018.0,5,2018,26,2
C00540500,2282018.0,5,2018,28,2
C00540500,2282018.0,5,2018,28,2
C00540500,2262018.0,5,2018,26,2
C00540500,2252018.0,250,2018,25,2
C00540500,2282018.0,15,2018,28,2
C00540500,2072018.0,500,2018,07,2
C00540500,2232018.0,10,2018,23,2
C00540500,2012018.0,10,2018,01,2
C00540500,2282018.0,1000,2018,28,2
C00540500,2262018.0,50,2018,26,2
C00540500,2082018.0,10,2018,08,2
C00540500,2012018.0,10,2018,01,2
C00540500,2212018.0,10,2018,21,2
C00540500,2282018.0,15,2018,28,2
C00540500,2272018.0,15,2018,27,2
C00540500,2092018.0,5400,2018,09,2
C00540500,2102018.0,125,2018,10,2
C00540500,2152018.0,-2700,2018,15,2
C00540500,2152018.0,2700,2018,15,2
C00540500,2072018.0,1000,2018,07,2
C00540500,2072018.0,20,2018,07,2
C00540500,2252018.0,25,2018,25,2
C00540500,2252018.0,50,2018,25,2
C00540500,2082018.0,9,2018,08,2
C00540500,2082018.0,25,2018,08,2
C00540500,2082018.0,25,2018,08,2
C00540500,2082018.0,25,2018,08,2
C00540500,2082018.0,25,2018,08,2
C00540500,2062018.0,2700,2018,06,2
C00540500,2152018.0,100,2018,15,2
C00540500,2252018.0,100,2018,25,2
C00540500,2082018.0,10,2018,08,2
C00540500,2082018.0,7,2018,08,2
C00540500,2252018.0,250,2018,25,2
C00540500,2252018.0,20,2018,25,2
C00540500,2082018.0,10,2018,08,2
C00540500,2012018.0,125,2018,01,2
C00540500,2082018.0,25,2018,08,2
C00540500,2082018.0,15,2018,08,2
C00540500,2082018.0,25,2018,08,2
C00540500,2082018.0,2000,2018,08,2
C00540500,2272018.0,100,2018,27,2
C00540500,2282018.0,400,2018,28,2
C00540500,2282018.0,1000,2018,28,2
C00540500,2082018.0,200,2018,08,2
C00540500,2252018.0,15,2018,25,2
C00540500,2082018.0,48,2018,08,2
C00540500,2082018.0,25,2018,08,2
C00540500,2082018.0,25,2018,08,2
C00540500,2082018.0,50,2018,08,2
C00540500,2082018.0,25,2018,08,2
C00540500,2082018.0,25,2018,08,2
C00540500,2082018.0,38,2018,08,2
C00540500,2082018.0,50,2018,08,2
C00540500,2082018.0,25,2018,08,2
C00540500,2082018.0,10,2018,08,2
C00540500,2082018.0,25,2018,08,2
C00540500,2082018.0,10,2018,08,2
C00540500,2082018.0,75,2018,08,2
C00540500,2082018.0,7,2018,08,2
C00540500,2082018.0,10,2018,08,2
C00540500,2082018.0,100,2018,08,2
C00540500,2082018.0,10,2018,08,2
C00540500,2082018.0,19,2018,08,2
C00540500,2082018.0,5,2018,08,2
C00540500,2252018.0,5,2018,25,2
C00540500,2082018.0,25,2018,08,2
C00540500,2082018.0,10,2018,08,2
C00540500,2252018.0,2,2018,25,2
C00540500,2152018.0,300,2018,15,2
C00434563,2092018.0,10,2018,09,2
C00434563,2082018.0,50,2018,08,2
C00434563,2242018.0,10,2018,24,2
C00434563,2282018.0,25,2018,28,2
C00434563,2072018.0,38,2018,07,2
C00434563,2282018.0,25,2018,28,2
C00434563,2162018.0,10,2018,16,2
C00434563,2012018.0,250,2018,01,2
C00434563,2062018.0,50,2018,06,2
C00434563,2192018.0,50,2018,19,2
C00434563,2182018.0,75,2018,18,2
C00434563,2272018.0,56,2018,27,2
C00434563,2012018.0,50,2018,01,2
C00434563,2122018.0,250,2018,12,2
C00434563,2102018.0,50,2018,10,2
C00434563,2092018.0,10,2018,09,2
C00434563,2102018.0,25,2018,10,2
C00434563,2272018.0,38,2018,27,2
C00434563,2152018.0,25,2018,15,2
C00434563,2222018.0,10,2018,22,2
C00434563,2172018.0,5,2018,17,2
C00434563,2042018.0,10,2018,04,2
C00434563,2202018.0,10,2018,20,2
C00434563,2282018.0,10,2018,28,2
C00434563,2132018.0,25,2018,13,2
C00434563,2282018.0,50,2018,28,2
C00434563,2152018.0,1000,2018,15,2
C00434563,2272018.0,50,2018,27,2
C00434563,2282018.0,10,2018,28,2
C00434563,2282018.0,38,2018,28,2
C00434563,2182018.0,10,2018,18,2
C00434563,2192018.0,10,2018,19,2
C00434563,2282018.0,10,2018,28,2
C00434563,2272018.0,75,2018,27,2
C00434563,2202018.0,10,2018,20,2
C00434563,2282018.0,50,2018,28,2
C00434563,2262018.0,500,2018,26,2
C00434563,2262018.0,500,2018,26,2
C00434563,2182018.0,50,2018,18,2
C00434563,2262018.0,100,2018,26,2
C00434563,2212018.0,1000,2018,21,2
C00434563,2222018.0,1000,2018,22,2
C00434563,2282018.0,25,2018,28,2
C00434563,2212018.0,10,2018,21,2
C00434563,2212018.0,10,2018,21,2
C00434563,2072018.0,5,2018,07,2
C00434563,2162018.0,5,2018,16,2
C00434563,2122018.0,25,2018,12,2
C00434563,2232018.0,1000,2018,23,2
C00434563,2162018.0,19,2018,16,2
C00434563,2212018.0,50,2018,21,2
C00434563,2182018.0,25,2018,18,2
C00434563,2062018.0,100,2018,06,2
C00434563,2172018.0,25,2018,17,2
C00434563,2132018.0,25,2018,13,2
C00434563,2212018.0,25,2018,21,2
C00434563,2282018.0,15,2018,28,2
C00434563,2262018.0,700,2018,26,2
C00434563,2052018.0,20,2018,05,2
C00434563,2202018.0,5,2018,20,2
C00434563,2202018.0,500,2018,20,2
C00434563,2252018.0,50,2018,25,2
C00434563,2132018.0,10,2018,13,2
C00434563,2042018.0,50,2018,04,2
C00434563,2222018.0,10,2018,22,2
C00434563,2262018.0,38,2018,26,2
C00434563,2232018.0,250,2018,23,2
C00434563,2192018.0,25,2018,19,2
C00434563,2062018.0,2700,2018,06,2
C00434563,2112018.0,1700,2018,11,2
C00434563,2272018.0,25,2018,27,2
C00434563,2172018.0,25,2018,17,2
C00434563,2282018.0,10,2018,28,2
C00434563,2282018.0,50,2018,28,2
C00434563,2282018.0,25,2018,28,2
C00434563,2192018.0,50,2018,19,2
C00434563,2242018.0,25,2018,24,2
C00434563,2222018.0,10,2018,22,2
C00434563,2282018.0,50,2018,28,2
C00434563,2282018.0,50,2018,28,2
C00434563,2182018.0,25,2018,18,2
C00434563,2212018.0,25,2018,21,2
C00434563,2232018.0,25,2018,23,2
C00434563,2092018.0,25,2018,09,2
C00434563,2012018.0,100,2018,01,2
C00434563,2132018.0,25,2018,13,2
C00434563,2282018.0,50,2018,28,2
C00434563,2212018.0,50,2018,21,2
C00434563,2012018.0,5,2018,01,2
C00434563,2282018.0,15,2018,28,2
C00434563,2282018.0,27,2018,28,2
C00434563,2282018.0,25,2018,28,2
C00434563,2152018.0,25,2018,15,2
C00434563,2222018.0,15,2018,22,2
C00434563,2232018.0,27,2018,23,2
C00434563,2072018.0,500,2018,07,2
C00434563,2232018.0,100,2018,23,2
C00434563,2142018.0,25,2018,14,2
C00434563,2172018.0,25,2018,17,2
C00434563,2272018.0,50,2018,27,2
C00434563,2212018.0,700,2018,21,2
C00434563,2282018.0,50,2018,28,2
C00434563,2062018.0,25,2018,06,2
C00434563,2062018.0,1000,2018,06,2
C00434563,2122018.0,1000,2018,12,2
C00434563,2282018.0,10,2018,28,2
C00434563,2232018.0,500,2018,23,2
C00434563,2232018.0,500,2018,23,2
C00434563,2282018.0,10,2018,28,2
C00434563,2282018.0,25,2018,28,2
C00434563,2122018.0,1000,2018,12,2
C00434563,2232018.0,1000,2018,23,2
C00434563,2142018.0,15,2018,14,2
C00434563,2262018.0,500,2018,26,2
C00434563,2262018.0,2000,2018,26,2
C00434563,2262018.0,250,2018,26,2
C00434563,2102018.0,50,2018,10,2
C00434563,2282018.0,50,2018,28,2
C00434563,2042018.0,25,2018,04,2
C00434563,2282018.0,5,2018,28,2
C00434563,2222018.0,500,2018,22,2
C00434563,2182018.0,25,2018,18,2
C00434563,2282018.0,100,2018,28,2
C00434563,2212018.0,300,2018,21,2
C00434563,2162018.0,25,2018,16,2
C00434563,2282018.0,50,2018,28,2
C00434563,2282018.0,56,2018,28,2
C00434563,2142018.0,25,2018,14,2
C00434563,2162018.0,25,2018,16,2
C00434563,2212018.0,10,2018,21,2
C00434563,2282018.0,10,2018,28,2
C00434563,2192018.0,25,2018,19,2
C00434563,2282018.0,19,2018,28,2
C00434563,2272018.0,20,2018,27,2
C00434563,2282018.0,27,2018,28,2
C00434563,2262018.0,500,2018,26,2
C00434563,2262018.0,500,2018,26,2
C00434563,2262018.0,450,2018,26,2
C00434563,2262018.0,50,2018,26,2
C00434563,2052018.0,10,2018,05,2
C00434563,2212018.0,2700,2018,21,2
C00434563,2112018.0,1000,2018,11,2
C00434563,2282018.0,25,2018,28,2
C00434563,2262018.0,100,2018,26,2
C00434563,2072018.0,10,2018,07,2
C00434563,2232018.0,75,2018,23,2
C00434563,2282018.0,25,2018,28,2
C00434563,2192018.0,25,2018,19,2
C00434563,2282018.0,100,2018,28,2
C00434563,2282018.0,50,2018,28,2
C00434563,2232018.0,500,2018,23,2
C00434563,2202018.0,50,2018,20,2
C00434563,2212018.0,27,2018,21,2
C00434563,2272018.0,75,2018,27,2
C00434563,2062018.0,50,2018,06,2
C00434563,2162018.0,50,2018,16,2
C00434563,2232018.0,1000,2018,23,2
C00434563,2212018.0,25,2018,21,2
C00434563,2282018.0,50,2018,28,2
C00434563,2052018.0,25,2018,05,2
C00434563,2282018.0,50,2018,28,2
C00434563,2022018.0,15,2018,02,2
C00434563,2242018.0,50,2018,24,2
C00434563,2162018.0,10,2018,16,2
C00434563,2202018.0,10,2018,20,2
C00434563,2232018.0,25,2018,23,2
C00434563,2282018.0,10,2018,28,2
C00434563,2282018.0,25,2018,28,2
C00434563,2182018.0,25,2018,18,2
C00434563,2172018.0,50,2018,17,2
C00434563,2282018.0,5,2018,28,2
C00434563,2182018.0,19,2018,18,2
C00434563,2282018.0,25,2018,28,2
C00434563,2012018.0,38,2018,01,2
C00434563,2082018.0,25,2018,08,2
C00434563,2212018.0,50,2018,21,2
C00434563,2262018.0,25,2018,26,2
C00434563,2142018.0,25,2018,14,2
C00434563,2082018.0,25,2018,08,2
C00434563,2172018.0,14,2018,17,2
C00434563,2242018.0,10,2018,24,2
C00434563,2132018.0,50,2018,13,2
C00434563,2272018.0,27,2018,27,2
C00434563,2152018.0,25,2018,15,2
C00434563,2212018.0,100,2018,21,2
C00434563,2242018.0,10,2018,24,2
C00434563,2252018.0,10,2018,25,2
C00434563,2182018.0,100,2018,18,2
C00434563,2282018.0,25,2018,28,2
C00434563,2272018.0,5,2018,27,2
C00434563,2282018.0,10,2018,28,2
C00434563,2162018.0,10,2018,16,2
C00434563,2172018.0,10,2018,17,2
C00434563,2202018.0,5,2018,20,2
C00434563,2142018.0,25,2018,14,2
C00434563,2282018.0,10,2018,28,2
C00434563,2282018.0,5,2018,28,2
C00434563,2142018.0,75,2018,14,2
C00434563,2092018.0,5,2018,09,2
C00434563,2142018.0,75,2018,14,2
C00434563,2222018.0,25,2018,22,2
C00434563,2042018.0,25,2018,04,2
C00434563,2092018.0,50,2018,09,2
C00434563,2152018.0,10,2018,15,2
C00434563,2282018.0,10,2018,28,2
C00434563,2262018.0,500,2018,26,2
C00434563,2172018.0,100,2018,17,2
C00434563,2022018.0,50,2018,02,2
C00434563,2132018.0,25,2018,13,2
C00434563,2062018.0,50,2018,06,2
C00434563,2032018.0,10,2018,03,2
C00434563,2102018.0,10,2018,10,2
C00434563,2152018.0,10,2018,15,2
C00434563,2142018.0,25,2018,14,2
C00434563,2282018.0,10,2018,28,2
C00434563,2172018.0,250,2018,17,2
C00434563,2162018.0,25,2018,16,2
C00434563,2012018.0,75,2018,01,2
C00434563,2282018.0,25,2018,28,2
C00434563,2232018.0,50,2018,23,2
C00434563,2282018.0,25,2018,28,2
C00434563,2282018.0,100,2018,28,2
C00434563,2272018.0,500,2018,27,2
C00434563,2162018.0,20,2018,16,2
C00434563,2282018.0,5,2018,28,2
C00434563,2122018.0,25,2018,12,2
C00434563,2052018.0,10,2018,05,2
C00434563,2282018.0,10,2018,28,2
C00434563,2222018.0,25,2018,22,2
C00434563,2072018.0,25,2018,07,2
C00434563,2282018.0,25,2018,28,2
C00434563,2282018.0,25,2018,28,2
C00434563,2062018.0,2700,2018,06,2
C00434563,2262018.0,100,2018,26,2
C00434563,2282018.0,100,2018,28,2
C00434563,2282018.0,10,2018,28,2
C00434563,2272018.0,250,2018,27,2
C00434563,2192018.0,25,2018,19,2
C00434563,2282018.0,10,2018,28,2
C00434563,2112018.0,25,2018,11,2
C00434563,2242018.0,10,2018,24,2
C00434563,2222018.0,50,2018,22,2
C00434563,2202018.0,10,2018,20,2
C00434563,2222018.0,35,2018,22,2
C00434563,2212018.0,25,2018,21,2
C00434563,2152018.0,10,2018,15,2
C00434563,2032018.0,10,2018,03,2
C00434563,2172018.0,25,2018,17,2
C00434563,2242018.0,50,2018,24,2
C00434563,2032018.0,10,2018,03,2
C00434563,2082018.0,5,2018,08,2
C00434563,2282018.0,100,2018,28,2
C00434563,2182018.0,20,2018,18,2
C00434563,2262018.0,90,2018,26,2
C00434563,2202018.0,25,2018,20,2
C00434563,2132018.0,25,2018,13,2
C00434563,2282018.0,27,2018,28,2
C00434563,2152018.0,5,2018,15,2
C00434563,2282018.0,10,2018,28,2
C00434563,2272018.0,27,2018,27,2
C00434563,2212018.0,25,2018,21,2
C00434563,2122018.0,5,2018,12,2
C00434563,2162018.0,10,2018,16,2
C00434563,2282018.0,10,2018,28,2
C00434563,2222018.0,25,2018,22,2
C00434563,2262018.0,25,2018,26,2
C00434563,2282018.0,10,2018,28,2
C00434563,2282018.0,25,2018,28,2
C00434563,2232018.0,50,2018,23,2
C00434563,2272018.0,50,2018,27,2
C00434563,2282018.0,250,2018,28,2
C00434563,2272018.0,50,2018,27,2
C00434563,2162018.0,25,2018,16,2
C00434563,2212018.0,10,2018,21,2
C00434563,2182018.0,10,2018,18,2
C00434563,2162018.0,25,2018,16,2
C00434563,2282018.0,25,2018,28,2
C00434563,2282018.0,50,2018,28,2
C00434563,2042018.0,100,2018,04,2
C00434563,2222018.0,1000,2018,22,2
C00434563,2272018.0,100,2018,27,2
C00434563,2142018.0,10,2018,14,2
C00434563,2282018.0,25,2018,28,2
C00434563,2142018.0,38,2018,14,2
C00434563,2142018.0,10,2018,14,2
C00434563,2232018.0,5,2018,23,2
C00434563,2262018.0,25,2018,26,2
C00434563,2082018.0,25,2018,08,2
C00434563,2282018.0,6,2018,28,2
C00434563,2172018.0,10,2018,17,2
C00434563,2212018.0,250,2018,21,2
C00434563,2282018.0,50,2018,28,2
C00434563,2052018.0,2700,2018,05,2
C00434563,2262018.0,1000,2018,26,2
C00434563,2062018.0,1000,2018,06,2
C00434563,2142018.0,1000,2018,14,2
C00434563,2262018.0,250,2018,26,2
C00434563,2162018.0,10,2018,16,2
C00434563,2282018.0,10,2018,28,2
C00434563,2232018.0,75,2018,23,2
C00434563,2192018.0,10,2018,19,2
C00434563,2282018.0,10,2018,28,2
C00434563,2272018.0,5,2018,27,2
C00434563,2142018.0,50,2018,14,2
C00434563,2072018.0,10,2018,07,2
C00434563,2042018.0,50,2018,04,2
C00434563,2212018.0,100,2018,21,2
C00434563,2282018.0,10,2018,28,2
C00434563,2282018.0,38,2018,28,2
C00434563,2282018.0,40,2018,28,2
C00434563,2052018.0,2700,2018,05,2
C00434563,2062018.0,25,2018,06,2
C00434563,2132018.0,25,2018,13,2
C00434563,2212018.0,25,2018,21,2
C00434563,2212018.0,10,2018,21,2
C00434563,2282018.0,25,2018,28,2
C00434563,2282018.0,5,2018,28,2
C00434563,2282018.0,5,2018,28,2
C00434563,2112018.0,2,2018,11,2
C00434563,2102018.0,10,2018,10,2
C00434563,2142018.0,10,2018,14,2
C00434563,2252018.0,5,2018,25,2
C00434563,2092018.0,100,2018,09,2
C00434563,2042018.0,-9,2018,04,2
C00434563,2162018.0,10,2018,16,2
C00434563,2212018.0,50,2018,21,2
C00434563,2282018.0,50,2018,28,2
C00434563,2152018.0,25,2018,15,2
C00434563,2172018.0,50,2018,17,2
C00434563,2052018.0,50,2018,05,2
C00434563,2012018.0,200,2018,01,2
C00434563,2102018.0,50,2018,10,2
C00434563,2172018.0,10,2018,17,2
C00434563,2142018.0,75,2018,14,2
C00434563,2262018.0,100,2018,26,2
C00434563,2222018.0,100,2018,22,2
C00434563,2282018.0,10,2018,28,2
C00434563,2222018.0,500,2018,22,2
C00434563,2282018.0,75,2018,28,2
C00434563,2132018.0,50,2018,13,2
C00434563,2282018.0,25,2018,28,2
C00434563,2282018.0,19,2018,28,2
C00434563,2262018.0,27,2018,26,2
C00434563,2162018.0,10,2018,16,2
C00434563,2032018.0,10,2018,03,2
C00434563,2222018.0,3,2018,22,2
C00434563,2152018.0,10,2018,15,2
C00434563,2262018.0,10,2018,26,2
C00434563,2282018.0,10,2018,28,2
C00434563,2052018.0,5,2018,05,2
C00434563,2282018.0,10,2018,28,2
C00434563,2282018.0,10,2018,28,2
C00434563,2062018.0,100,2018,06,2
C00434563,2272018.0,10,2018,27,2
C00434563,2182018.0,38,2018,18,2
C00434563,2282018.0,75,2018,28,2
C00434563,2262018.0,500,2018,26,2
C00434563,2092018.0,100,2018,09,2
C00434563,2162018.0,100,2018,16,2
C00434563,2282018.0,50,2018,28,2
C00434563,2282018.0,50,2018,28,2
C00434563,2012018.0,25,2018,01,2
C00434563,2232018.0,1000,2018,23,2
C00434563,2212018.0,27,2018,21,2
C00434563,2062018.0,10,2018,06,2
C00434563,2282018.0,10,2018,28,2
C00434563,2182018.0,10,2018,18,2
C00434563,2102018.0,200,2018,10,2
C00434563,2122018.0,500,2018,12,2
C00434563,2282018.0,25,2018,28,2
C00434563,2012018.0,75,2018,01,2
C00434563,2282018.0,10,2018,28,2
C00434563,2152018.0,25,2018,15,2
C00434563,2232018.0,25,2018,23,2
C00434563,2232018.0,10,2018,23,2
C00434563,2242018.0,10,2018,24,2
C00434563,2082018.0,6,2018,08,2
C00434563,2272018.0,75,2018,27,2
C00434563,2282018.0,500,2018,28,2
C00434563,2152018.0,20,2018,15,2
C00434563,2132018.0,25,2018,13,2
C00434563,2132018.0,25,2018,13,2
C00434563,2182018.0,19,2018,18,2
C00434563,2132018.0,10,2018,13,2
C00434563,2282018.0,2,2018,28,2
C00434563,2142018.0,38,2018,14,2
C00434563,2282018.0,50,2018,28,2
C00434563,2052018.0,5,2018,05,2
C00434563,2202018.0,25,2018,20,2
C00434563,2282018.0,19,2018,28,2
C00434563,2282018.0,10,2018,28,2
C00434563,2182018.0,10,2018,18,2
C00434563,2282018.0,50,2018,28,2
C00434563,2122018.0,50,2018,12,2
C00434563,2202018.0,10,2018,20,2
C00434563,2262018.0,600,2018,26,2
C00434563,2082018.0,2000,2018,08,2
C00434563,2022018.0,20,2018,02,2
C00434563,2212018.0,1000,2018,21,2
C00434563,2042018.0,150,2018,04,2
C00434563,2222018.0,10,2018,22,2
C00434563,2212018.0,1000,2018,21,2
C00434563,2092018.0,5,2018,09,2
C00434563,2162018.0,25,2018,16,2
C00434563,2012018.0,100,2018,01,2
C00434563,2162018.0,10,2018,16,2
C00434563,2012018.0,25,2018,01,2
C00434563,2162018.0,50,2018,16,2
C00434563,2282018.0,50,2018,28,2
C00434563,2172018.0,10,2018,17,2
C00434563,2032018.0,25,2018,03,2
C00434563,2162018.0,50,2018,16,2
C00434563,2282018.0,10,2018,28,2
C00434563,2282018.0,25,2018,28,2
C00434563,2012018.0,100,2018,01,2
C00434563,2202018.0,1000,2018,20,2
C00434563,2052018.0,5,2018,05,2
C00434563,2052018.0,10,2018,05,2
C00434563,2262018.0,10,2018,26,2
C00434563,2282018.0,10,2018,28,2
C00434563,2072018.0,27,2018,07,2
C00434563,2082018.0,5,2018,08,2
C00434563,2132018.0,10,2018,13,2
C00434563,2262018.0,500,2018,26,2
C00434563,2162018.0,27,2018,16,2
C00434563,2262018.0,50,2018,26,2
C00434563,2012018.0,1000,2018,01,2
C00434563,2262018.0,1000,2018,26,2
C00434563,2072018.0,10,2018,07,2
C00434563,2202018.0,500,2018,20,2
C00434563,2132018.0,25,2018,13,2
C00434563,2122018.0,12,2018,12,2
C00434563,2182018.0,25,2018,18,2
C00434563,2282018.0,15,2018,28,2
C00434563,2152018.0,100,2018,15,2
C00434563,2092018.0,100,2018,09,2
C00434563,2182018.0,10,2018,18,2
C00434563,2162018.0,10,2018,16,2
C00434563,2282018.0,10,2018,28,2
C00434563,2242018.0,25,2018,24,2
C00434563,2282018.0,25,2018,28,2
C00434563,2082018.0,6,2018,08,2
C00434563,2112018.0,25,2018,11,2
C00434563,2202018.0,25,2018,20,2
C00434563,2282018.0,25,2018,28,2
C00434563,2032018.0,25,2018,03,2
C00434563,2282018.0,25,2018,28,2
C00434563,2052018.0,10,2018,05,2
C00434563,2192018.0,5,2018,19,2
C00434563,2282018.0,25,2018,28,2
C00434563,2182018.0,25,2018,18,2
C00434563,2132018.0,5,2018,13,2
C00434563,2112018.0,10,2018,11,2
C00434563,2212018.0,5,2018,21,2
C00434563,2282018.0,5,2018,28,2
C00434563,2172018.0,10,2018,17,2
C00434563,2132018.0,10,2018,13,2
C00434563,2132018.0,5,2018,13,2
C00434563,2242018.0,38,2018,24,2
C00434563,2282018.0,50,2018,28,2
C00434563,2162018.0,1000,2018,16,2
C00434563,2212018.0,1500,2018,21,2
C00434563,2072018.0,10,2018,07,2
C00434563,2172018.0,20,2018,17,2
C00434563,2052018.0,25,2018,05,2
C00434563,2022018.0,10,2018,02,2
C00434563,2212018.0,6,2018,21,2
C00434563,2082018.0,5,2018,08,2
C00434563,2122018.0,15,2018,12,2
C00434563,2282018.0,10,2018,28,2
C00434563,2202018.0,10,2018,20,2
C00434563,2232018.0,75,2018,23,2
C00434563,2142018.0,5,2018,14,2
C00434563,2092018.0,10,2018,09,2
C00434563,2192018.0,5,2018,19,2
C00434563,2182018.0,25,2018,18,2
C00434563,2282018.0,76,2018,28,2
C00434563,2142018.0,25,2018,14,2
C00434563,2282018.0,50,2018,28,2
C00434563,2152018.0,25,2018,15,2
C00434563,2172018.0,10,2018,17,2
C00434563,2272018.0,5,2018,27,2
C00434563,2022018.0,10,2018,02,2
C00434563,2062018.0,5,2018,06,2
C00434563,2282018.0,5,2018,28,2
C00434563,2282018.0,10,2018,28,2
C00434563,2072018.0,100,2018,07,2
C00434563,2102018.0,25,2018,10,2
C00434563,2282018.0,10,2018,28,2
C00434563,2282018.0,10,2018,28,2
C00434563,2282018.0,25,2018,28,2
C00434563,2232018.0,25,2018,23,2
C00434563,2102018.0,150,2018,10,2
C00434563,2212018.0,100,2018,21,2
C00434563,2212018.0,750,2018,21,2
C00434563,2162018.0,25,2018,16,2
C00434563,2262018.0,10,2018,26,2
C00434563,2212018.0,250,2018,21,2
C00434563,2232018.0,10,2018,23,2
C00434563,2022018.0,25,2018,02,2
C00434563,2282018.0,225,2018,28,2
C00434563,2182018.0,25,2018,18,2
C00434563,2102018.0,12,2018,10,2
C00434563,2172018.0,100,2018,17,2
C00434563,2252018.0,25,2018,25,2
C00434563,2282018.0,25,2018,28,2
C00434563,2162018.0,25,2018,16,2
C00434563,2182018.0,50,2018,18,2
C00434563,2282018.0,25,2018,28,2
C00434563,2222018.0,1000,2018,22,2
C00434563,2042018.0,500,2018,04,2
C00434563,2202018.0,25,2018,20,2
C00434563,2012018.0,100,2018,01,2
C00434563,2152018.0,25,2018,15,2
C00434563,2012018.0,19,2018,01,2
C00434563,2262018.0,500,2018,26,2
C00434563,2272018.0,100,2018,27,2
C00434563,2282018.0,25,2018,28,2
C00434563,2152018.0,10,2018,15,2
C00434563,2182018.0,100,2018,18,2
C00434563,2282018.0,10,2018,28,2
C00434563,2152018.0,25,2018,15,2
C00434563,2282018.0,25,2018,28,2
C00434563,2142018.0,25,2018,14,2
C00434563,2082018.0,50,2018,08,2
C00434563,2162018.0,50,2018,16,2
C00434563,2282018.0,27,2018,28,2
C00434563,2072018.0,5,2018,07,2
C00434563,2162018.0,5,2018,16,2
C00434563,2202018.0,5,2018,20,2
C00434563,2172018.0,20,2018,17,2
C00434563,2152018.0,25,2018,15,2
C00434563,2282018.0,15,2018,28,2
C00434563,2162018.0,10,2018,16,2
C00434563,2202018.0,25,2018,20,2
C00434563,2192018.0,500,2018,19,2
C00434563,2012018.0,25,2018,01,2
C00434563,2142018.0,50,2018,14,2
C00434563,2182018.0,25,2018,18,2
C00434563,2252018.0,10,2018,25,2
C00434563,2252018.0,10,2018,25,2
C00434563,2282018.0,25,2018,28,2
C00434563,2232018.0,75,2018,23,2
C00434563,2092018.0,10,2018,09,2
C00434563,2212018.0,27,2018,21,2
C00434563,2272018.0,25,2018,27,2
C00434563,2012018.0,25,2018,01,2
C00434563,2082018.0,5,2018,08,2
C00434563,2092018.0,10,2018,09,2
C00434563,2192018.0,50,2018,19,2
C00434563,2202018.0,1000,2018,20,2
C00434563,2282018.0,25,2018,28,2
C00434563,2272018.0,25,2018,27,2
C00434563,2262018.0,50,2018,26,2
C00434563,2282018.0,25,2018,28,2
C00434563,2142018.0,10,2018,14,2
C00434563,2202018.0,4,2018,20,2
C00434563,2262018.0,16,2018,26,2
C00434563,2152018.0,20,2018,15,2
C00434563,2272018.0,27,2018,27,2
C00434563,2272018.0,25,2018,27,2
C00434563,2272018.0,27,2018,27,2
C00434563,2162018.0,50,2018,16,2
C00434563,2232018.0,10,2018,23,2
C00434563,2212018.0,10,2018,21,2
C00434563,2012018.0,5,2018,01,2
C00434563,2272018.0,25,2018,27,2
C00434563,2022018.0,25,2018,02,2
C00434563,2272018.0,75,2018,27,2
C00434563,2132018.0,10,2018,13,2
C00434563,2212018.0,100,2018,21,2
C00434563,2212018.0,100,2018,21,2
C00434563,2092018.0,12,2018,09,2
C00434563,2282018.0,25,2018,28,2
C00434563,2202018.0,10,2018,20,2
C00434563,2282018.0,50,2018,28,2
C00434563,2222018.0,100,2018,22,2
C00434563,2282018.0,10,2018,28,2
C00434563,2282018.0,100,2018,28,2
C00434563,2282018.0,75,2018,28,2
C00434563,2282018.0,50,2018,28,2
C00434563,2102018.0,25,2018,10,2
C00434563,2192018.0,100,2018,19,2
C00434563,2142018.0,1000,2018,14,2
C00434563,2062018.0,10,2018,06,2
C00434563,2182018.0,25,2018,18,2
C00434563,2222018.0,25,2018,22,2
C00434563,2222018.0,50,2018,22,2
C00434563,2222018.0,10,2018,22,2
C00434563,2092018.0,25,2018,09,2
C00434563,2182018.0,19,2018,18,2
C00434563,2282018.0,100,2018,28,2
C00578013,2242018.0,300,2018,24,2
C00578013,2102018.0,300,2018,10,2
C00578013,2092018.0,500,2018,09,2
C00578013,2242018.0,1000,2018,24,2
C00578013,2102018.0,350,2018,10,2
C00578013,2242018.0,400,2018,24,2
C00578013,2242018.0,500,2018,24,2
C00578013,2102018.0,500,2018,10,2
C00578013,2242018.0,350,2018,24,2
C00578013,2102018.0,250,2018,10,2
C00578013,2222018.0,300,2018,22,2
C00578013,2092018.0,750,2018,09,2
C00578013,2102018.0,250,2018,10,2
C00578013,2092018.0,500,2018,09,2
C00578013,2242018.0,500,2018,24,2
C00578013,2242018.0,250,2018,24,2
C00495358,2282018.0,0,2018,28,2
C00344473,2042018.0,25,2018,04,2
C00344473,2012018.0,100,2018,01,2
C00344473,2262018.0,25,2018,26,2
C00344473,2012018.0,300,2018,01,2
C00344473,2092018.0,1700,2018,09,2
C00344473,2212018.0,25,2018,21,2
C00344473,2052018.0,100,2018,05,2
C00344473,2132018.0,150,2018,13,2
C00344473,2082018.0,200,2018,08,2
C00344473,2012018.0,100,2018,01,2
C00344473,2022018.0,250,2018,02,2
C00344473,2062018.0,10,2018,06,2
C00344473,2282018.0,50,2018,28,2
C00344473,2272018.0,100,2018,27,2
C00344473,2282018.0,100,2018,28,2
C00344473,2092018.0,250,2018,09,2
C00344473,2122018.0,10,2018,12,2
C00344473,2182018.0,100,2018,18,2
C00344473,2272018.0,10,2018,27,2
C00344473,2172018.0,1000,2018,17,2
C00344473,2112018.0,15,2018,11,2
C00344473,2262018.0,25,2018,26,2
C00344473,2232018.0,15,2018,23,2
C00344473,2052018.0,100,2018,05,2
C00344473,2202018.0,50,2018,20,2
C00344473,2152018.0,50,2018,15,2
C00344473,2272018.0,25,2018,27,2
C00344473,2222018.0,100,2018,22,2
C00344473,2022018.0,15,2018,02,2
C00344473,2012018.0,100,2018,01,2
C00344473,2232018.0,500,2018,23,2
C00344473,2202018.0,10,2018,20,2
C00344473,2202018.0,15,2018,20,2
C00344473,2122018.0,250,2018,12,2
C00344473,2262018.0,50,2018,26,2
C00344473,2282018.0,25,2018,28,2
C00344473,2272018.0,100,2018,27,2
C00344473,2072018.0,500,2018,07,2
C00344473,2122018.0,50,2018,12,2
C00344473,2232018.0,50,2018,23,2
C00344473,2212018.0,200,2018,21,2
C00344473,2282018.0,30,2018,28,2
C00344473,2122018.0,100,2018,12,2
C00344473,2232018.0,300,2018,23,2
C00344473,2242018.0,250,2018,24,2
C00344473,2052018.0,200,2018,05,2
C00344473,2262018.0,150,2018,26,2
C00344473,2012018.0,500,2018,01,2
C00344473,2202018.0,500,2018,20,2
C00344473,2192018.0,1,2018,19,2
C00344473,2262018.0,30,2018,26,2
C00344473,2052018.0,50,2018,05,2
C00344473,2102018.0,25,2018,10,2
C00344473,2012018.0,50,2018,01,2
C00344473,2022018.0,35,2018,02,2
C00344473,2262018.0,50,2018,26,2
C00344473,2262018.0,15,2018,26,2
C00344473,2082018.0,50,2018,08,2
C00344473,2032018.0,5,2018,03,2
C00344473,2052018.0,50,2018,05,2
C00344473,2142018.0,25,2018,14,2
C00344473,2012018.0,50,2018,01,2
C00344473,2262018.0,35,2018,26,2
C00344473,2242018.0,18,2018,24,2
C00344473,2282018.0,6,2018,28,2
C00344473,2102018.0,250,2018,10,2
C00344473,2202018.0,50,2018,20,2
C00344473,2082018.0,100,2018,08,2
C00344473,2022018.0,10,2018,02,2
C00344473,2262018.0,700,2018,26,2
C00344473,2132018.0,15,2018,13,2
C00344473,2082018.0,100,2018,08,2
C00344473,2022018.0,200,2018,02,2
C00344473,2242018.0,250,2018,24,2
C00344473,2132018.0,25,2018,13,2
C00344473,2262018.0,100,2018,26,2
C00344473,2122018.0,50,2018,12,2
C00344473,2282018.0,25,2018,28,2
C00344473,2262018.0,35,2018,26,2
C00344473,2132018.0,25,2018,13,2
C00344473,2012018.0,1000,2018,01,2
C00344473,2282018.0,10,2018,28,2
C00344473,2052018.0,200,2018,05,2
C00344473,2042018.0,500,2018,04,2
C00344473,2032018.0,10,2018,03,2
C00344473,2082018.0,20,2018,08,2
C00344473,2222018.0,50,2018,22,2
C00344473,2242018.0,25,2018,24,2
C00344473,2242018.0,100,2018,24,2
C00344473,2052018.0,300,2018,05,2
C00344473,2052018.0,50,2018,05,2
C00344473,2082018.0,250,2018,08,2
C00344473,2212018.0,50,2018,21,2
C00344473,2202018.0,25,2018,20,2
C00344473,2232018.0,50,2018,23,2
C00344473,2122018.0,35,2018,12,2
C00344473,2282018.0,200,2018,28,2
C00344473,2052018.0,35,2018,05,2
C00344473,2072018.0,100,2018,07,2
C00344473,2282018.0,50,2018,28,2
C00344473,2032018.0,500,2018,03,2
C00344473,2262018.0,50,2018,26,2
C00344473,2202018.0,25,2018,20,2
C00344473,2152018.0,300,2018,15,2
C00344473,2152018.0,1000,2018,15,2
C00344473,2082018.0,25,2018,08,2
C00344473,2162018.0,15,2018,16,2
C00344473,2082018.0,100,2018,08,2
C00344473,2012018.0,25,2018,01,2
C00344473,2052018.0,50,2018,05,2
C00344473,2122018.0,750,2018,12,2
C00344473,2012018.0,200,2018,01,2
C00344473,2232018.0,100,2018,23,2
C00344473,2112018.0,10,2018,11,2
C00344473,2202018.0,100,2018,20,2
C00344473,2272018.0,100,2018,27,2
C00344473,2082018.0,100,2018,08,2
C00344473,2282018.0,250,2018,28,2
C00344473,2242018.0,50,2018,24,2
C00344473,2052018.0,250,2018,05,2
C00344473,2052018.0,18,2018,05,2
C00344473,2172018.0,10,2018,17,2
C00344473,2052018.0,500,2018,05,2
C00344473,2282018.0,50,2018,28,2
C00344473,2272018.0,1000,2018,27,2
C00344473,2022018.0,35,2018,02,2
C00344473,2242018.0,250,2018,24,2
C00344473,2022018.0,150,2018,02,2
C00344473,2052018.0,500,2018,05,2
C00344473,2142018.0,50,2018,14,2
C00344473,2112018.0,15,2018,11,2
C00344473,2262018.0,50,2018,26,2
C00344473,2012018.0,50,2018,01,2
C00344473,2082018.0,150,2018,08,2
C00344473,2022018.0,100,2018,02,2
C00344473,2132018.0,20,2018,13,2
C00344473,2242018.0,100,2018,24,2
C00344473,2272018.0,25,2018,27,2
C00344473,2092018.0,200,2018,09,2
C00344473,2282018.0,500,2018,28,2
C00344473,2282018.0,100,2018,28,2
C00344473,2052018.0,25,2018,05,2
C00344473,2172018.0,50,2018,17,2
C00344473,2262018.0,25,2018,26,2
C00344473,2172018.0,50,2018,17,2
C00344473,2222018.0,25,2018,22,2
C00344473,2052018.0,100,2018,05,2
C00344473,2062018.0,290,2018,06,2
C00344473,2012018.0,1000,2018,01,2
C00344473,2102018.0,250,2018,10,2
C00344473,2192018.0,20,2018,19,2
C00344473,2012018.0,100,2018,01,2
C00344473,2202018.0,100,2018,20,2
C00344473,2232018.0,25,2018,23,2
C00344473,2282018.0,15,2018,28,2
C00344473,2192018.0,500,2018,19,2
C00344473,2172018.0,25,2018,17,2
C00344473,2282018.0,25,2018,28,2
C00344473,2192018.0,20,2018,19,2
C00344473,2022018.0,250,2018,02,2
C00344473,2242018.0,250,2018,24,2
C00344473,2092018.0,5,2018,09,2
C00344473,2122018.0,500,2018,12,2
C00344473,2252018.0,100,2018,25,2
C00344473,2242018.0,100,2018,24,2
C00344473,2152018.0,50,2018,15,2
C00344473,2282018.0,25,2018,28,2
C00344473,2222018.0,50,2018,22,2
C00344473,2122018.0,50,2018,12,2
C00344473,2232018.0,15,2018,23,2
C00344473,2072018.0,50,2018,07,2
C00344473,2272018.0,25,2018,27,2
C00344473,2012018.0,35,2018,01,2
C00344473,2232018.0,35,2018,23,2
C00344473,2242018.0,100,2018,24,2
C00344473,2162018.0,500,2018,16,2
C00344473,2222018.0,100,2018,22,2
C00344473,2052018.0,250,2018,05,2
C00344473,2172018.0,250,2018,17,2
C00344473,2122018.0,1200,2018,12,2
C00344473,2012018.0,200,2018,01,2
C00344473,2202018.0,50,2018,20,2
C00344473,2122018.0,250,2018,12,2
C00344473,2142018.0,35,2018,14,2
C00344473,2242018.0,250,2018,24,2
C00344473,2202018.0,30,2018,20,2
C00344473,2052018.0,100,2018,05,2
C00344473,2072018.0,200,2018,07,2
C00344473,2282018.0,500,2018,28,2
C00344473,2282018.0,50,2018,28,2
C00344473,2012018.0,100,2018,01,2
C00344473,2232018.0,250,2018,23,2
C00344473,2142018.0,250,2018,14,2
C00344473,2022018.0,50,2018,02,2
C00344473,2262018.0,100,2018,26,2
C00344473,2122018.0,100,2018,12,2
C00344473,2022018.0,25,2018,02,2
C00344473,2052018.0,100,2018,05,2
C00344473,2262018.0,50,2018,26,2
C00344473,2272018.0,25,2018,27,2
C00344473,2052018.0,20,2018,05,2
C00344473,2262018.0,100,2018,26,2
C00344473,2242018.0,25,2018,24,2
C00344473,2282018.0,100,2018,28,2
C00344473,2122018.0,50,2018,12,2
C00344473,2282018.0,25,2018,28,2
C00344473,2262018.0,250,2018,26,2
C00344473,2122018.0,50,2018,12,2
C00344473,2272018.0,250,2018,27,2
C00344473,2232018.0,100,2018,23,2
C00344473,2012018.0,100,2018,01,2
C00344473,2052018.0,50,2018,05,2
C00344473,2252018.0,250,2018,25,2
C00344473,2242018.0,50,2018,24,2
C00344473,2172018.0,25,2018,17,2
C00344473,2192018.0,718,2018,19,2
C00344473,2052018.0,1000,2018,05,2
C00344473,2262018.0,35,2018,26,2
C00344473,2122018.0,100,2018,12,2
C00344473,2052018.0,500,2018,05,2
C00344473,2162018.0,200,2018,16,2
C00344473,2242018.0,18,2018,24,2
C00344473,2232018.0,1000,2018,23,2
C00344473,2082018.0,25,2018,08,2
C00344473,2262018.0,50,2018,26,2
C00344473,2012018.0,100,2018,01,2
C00344473,2262018.0,35,2018,26,2
C00344473,2052018.0,500,2018,05,2
C00344473,2082018.0,20,2018,08,2
C00344473,2182018.0,500,2018,18,2
C00344473,2012018.0,200,2018,01,2
C00344473,2052018.0,250,2018,05,2
C00344473,2222018.0,15,2018,22,2
C00344473,2232018.0,1000,2018,23,2
C00344473,2032018.0,10,2018,03,2
C00344473,2232018.0,250,2018,23,2
C00344473,2082018.0,100,2018,08,2
C00344473,2202018.0,1000,2018,20,2
C00344473,2192018.0,2200,2018,19,2
C00344473,2172018.0,15,2018,17,2
C00344473,2052018.0,100,2018,05,2
C00344473,2122018.0,1300,2018,12,2
C00344473,2072018.0,100,2018,07,2
C00344473,2012018.0,50,2018,01,2
C00344473,2262018.0,5,2018,26,2
C00344473,2282018.0,150,2018,28,2
C00344473,2232018.0,1000,2018,23,2
C00344473,2282018.0,10,2018,28,2
C00344473,2282018.0,100,2018,28,2
C00344473,2132018.0,25,2018,13,2
C00344473,2072018.0,150,2018,07,2
C00344473,2282018.0,15,2018,28,2
C00344473,2192018.0,100,2018,19,2
C00344473,2022018.0,15,2018,02,2
C00344473,2082018.0,50,2018,08,2
C00344473,2022018.0,250,2018,02,2
C00344473,2152018.0,700,2018,15,2
C00344473,2282018.0,10,2018,28,2
C00344473,2122018.0,25,2018,12,2
C00344473,2232018.0,25,2018,23,2
C00344473,2102018.0,25,2018,10,2
C00344473,2062018.0,5,2018,06,2
C00344473,2262018.0,35,2018,26,2
C00344473,2052018.0,300,2018,05,2
C00344473,2282018.0,250,2018,28,2
C00344473,2112018.0,15,2018,11,2
C00344473,2272018.0,340,2018,27,2
C00344473,2262018.0,50,2018,26,2
C00344473,2282018.0,5,2018,28,2
C00344473,2202018.0,40,2018,20,2
C00344473,2232018.0,15,2018,23,2
C00344473,2052018.0,50,2018,05,2
C00344473,2262018.0,2700,2018,26,2
C00344473,2082018.0,250,2018,08,2
C00344473,2192018.0,35,2018,19,2
C00344473,2142018.0,25,2018,14,2
C00344473,2222018.0,25,2018,22,2
C00344473,2192018.0,500,2018,19,2
C00344473,2202018.0,500,2018,20,2
C00344473,2222018.0,100,2018,22,2
C00344473,2212018.0,1000,2018,21,2
C00344473,2022018.0,35,2018,02,2
C00344473,2022018.0,100,2018,02,2
C00344473,2202018.0,100,2018,20,2
C00344473,2272018.0,25,2018,27,2
C00344473,2152018.0,500,2018,15,2
C00344473,2242018.0,50,2018,24,2
C00344473,2092018.0,150,2018,09,2
C00344473,2272018.0,100,2018,27,2
C00344473,2282018.0,50,2018,28,2
C00344473,2122018.0,100,2018,12,2
C00344473,2202018.0,25,2018,20,2
C00344473,2242018.0,50,2018,24,2
C00344473,2262018.0,50,2018,26,2
C00344473,2022018.0,15,2018,02,2
C00344473,2052018.0,1000,2018,05,2
C00344473,2232018.0,50,2018,23,2
C00344473,2142018.0,100,2018,14,2
C00344473,2122018.0,5,2018,12,2
C00344473,2022018.0,25,2018,02,2
C00344473,2202018.0,25,2018,20,2
C00344473,2012018.0,50,2018,01,2
C00344473,2282018.0,50,2018,28,2
C00344473,2272018.0,25,2018,27,2
C00344473,2232018.0,50,2018,23,2
C00344473,2242018.0,50,2018,24,2
C00344473,2162018.0,50,2018,16,2
C00344473,2262018.0,50,2018,26,2
C00344473,2282018.0,25,2018,28,2
C00344473,2122018.0,2700,2018,12,2
C00344473,2132018.0,200,2018,13,2
C00344473,2102018.0,15,2018,10,2
C00344473,2182018.0,25,2018,18,2
C00344473,2272018.0,15,2018,27,2
C00344473,2012018.0,500,2018,01,2
C00344473,2272018.0,25,2018,27,2
C00344473,2182018.0,15,2018,18,2
C00344473,2262018.0,500,2018,26,2
C00344473,2092018.0,35,2018,09,2
C00344473,2012018.0,100,2018,01,2
C00344473,2082018.0,500,2018,08,2
C00344473,2082018.0,100,2018,08,2
C00344473,2122018.0,10,2018,12,2
C00344473,2192018.0,200,2018,19,2
C00344473,2242018.0,100,2018,24,2
C00344473,2232018.0,25,2018,23,2
C00344473,2072018.0,1000,2018,07,2
C00344473,2282018.0,200,2018,28,2
C00344473,2222018.0,35,2018,22,2
C00344473,2152018.0,100,2018,15,2
C00344473,2052018.0,75,2018,05,2
C00344473,2052018.0,50,2018,05,2
C00344473,2262018.0,50,2018,26,2
C00344473,2262018.0,50,2018,26,2
C00344473,2262018.0,250,2018,26,2
C00344473,2262018.0,700,2018,26,2
C00344473,2242018.0,500,2018,24,2
C00344473,2092018.0,25,2018,09,2
C00344473,2262018.0,35,2018,26,2
C00344473,2262018.0,50,2018,26,2
C00344473,2262018.0,2,2018,26,2
C00344473,2052018.0,250,2018,05,2
C00344473,2122018.0,150,2018,12,2
C00344473,2052018.0,100,2018,05,2
C00344473,2072018.0,100,2018,07,2
C00344473,2282018.0,100,2018,28,2
C00344473,2202018.0,1000,2018,20,2
C00344473,2272018.0,25,2018,27,2
C00344473,2052018.0,35,2018,05,2
C00344473,2282018.0,50,2018,28,2
C00344473,2072018.0,250,2018,07,2
C00344473,2232018.0,30,2018,23,2
C00344473,2202018.0,2000,2018,20,2
C00344473,2122018.0,100,2018,12,2
C00344473,2092018.0,15,2018,09,2
C00344473,2272018.0,50,2018,27,2
C00344473,2242018.0,50,2018,24,2
C00344473,2032018.0,10,2018,03,2
C00344473,2072018.0,50,2018,07,2
C00344473,2132018.0,500,2018,13,2
C00344473,2052018.0,35,2018,05,2
C00344473,2112018.0,18,2018,11,2
C00344473,2012018.0,50,2018,01,2
C00344473,2052018.0,35,2018,05,2
C00344473,2052018.0,50,2018,05,2
C00344473,2092018.0,15,2018,09,2
C00344473,2162018.0,800,2018,16,2
C00344473,2012018.0,200,2018,01,2
C00344473,2012018.0,300,2018,01,2
C00344473,2022018.0,25,2018,02,2
C00344473,2192018.0,50,2018,19,2
C00344473,2232018.0,25,2018,23,2
C00344473,2212018.0,250,2018,21,2
C00344473,2112018.0,250,2018,11,2
C00344473,2202018.0,250,2018,20,2
C00344473,2202018.0,50,2018,20,2
C00344473,2022018.0,100,2018,02,2
C00344473,2122018.0,250,2018,12,2
C00344473,2172018.0,50,2018,17,2
C00344473,2012018.0,100,2018,01,2
C00344473,2012018.0,500,2018,01,2
C00344473,2212018.0,2700,2018,21,2
C00344473,2022018.0,25,2018,02,2
C00344473,2242018.0,50,2018,24,2
C00344473,2062018.0,15,2018,06,2
C00344473,2202018.0,75,2018,20,2
C00344473,2122018.0,100,2018,12,2
C00344473,2202018.0,50,2018,20,2
C00344473,2012018.0,200,2018,01,2
C00344473,2222018.0,100,2018,22,2
C00344473,2042018.0,50,2018,04,2
C00344473,2122018.0,50,2018,12,2
C00344473,2092018.0,100,2018,09,2
C00344473,2012018.0,100,2018,01,2
C00344473,2062018.0,15,2018,06,2
C00344473,2262018.0,2700,2018,26,2
C00344473,2262018.0,50,2018,26,2
C00344473,2142018.0,15,2018,14,2
C00344473,2022018.0,500,2018,02,2
C00344473,2242018.0,1000,2018,24,2
C00344473,2252018.0,18,2018,25,2
C00344473,2012018.0,50,2018,01,2
C00344473,2202018.0,15,2018,20,2
C00344473,2022018.0,50,2018,02,2
C00344473,2012018.0,1000,2018,01,2
C00344473,2062018.0,290,2018,06,2
C00344473,2052018.0,10,2018,05,2
C00344473,2242018.0,200,2018,24,2
C00344473,2052018.0,75,2018,05,2
C00344473,2282018.0,100,2018,28,2
C00344473,2282018.0,25,2018,28,2
C00344473,2262018.0,500,2018,26,2
C00344473,2012018.0,250,2018,01,2
C00344473,2252018.0,25,2018,25,2
C00344473,2012018.0,100,2018,01,2
C00344473,2242018.0,18,2018,24,2
C00344473,2212018.0,25,2018,21,2
C00344473,2212018.0,250,2018,21,2
C00344473,2142018.0,30,2018,14,2
C00344473,2242018.0,250,2018,24,2
C00344473,2062018.0,100,2018,06,2
C00344473,2162018.0,1000,2018,16,2
C00344473,2082018.0,50,2018,08,2
C00344473,2142018.0,250,2018,14,2
C00344473,2122018.0,100,2018,12,2
C00344473,2262018.0,100,2018,26,2
C00344473,2222018.0,10,2018,22,2
C00344473,2052018.0,50,2018,05,2
C00344473,2172018.0,50,2018,17,2
C00344473,2282018.0,2,2018,28,2
C00344473,2092018.0,100,2018,09,2
C00344473,2022018.0,1000,2018,02,2
C00344473,2152018.0,500,2018,15,2
C00344473,2122018.0,125,2018,12,2
C00344473,2262018.0,50,2018,26,2
C00344473,2272018.0,400,2018,27,2
C00344473,2172018.0,15,2018,17,2
C00344473,2232018.0,25,2018,23,2
C00344473,2212018.0,15,2018,21,2
C00344473,2082018.0,250,2018,08,2
C00344473,2022018.0,100,2018,02,2
C00344473,2072018.0,15,2018,07,2
C00344473,2262018.0,250,2018,26,2
C00344473,2192018.0,2700,2018,19,2
C00344473,2232018.0,100,2018,23,2
C00344473,2242018.0,100,2018,24,2
C00344473,2052018.0,30,2018,05,2
C00344473,2052018.0,100,2018,05,2
C00344473,2162018.0,50,2018,16,2
C00344473,2272018.0,300,2018,27,2
C00344473,2072018.0,100,2018,07,2
C00344473,2092018.0,150,2018,09,2
C00344473,2012018.0,150,2018,01,2
C00344473,2022018.0,1000,2018,02,2
C00344473,2052018.0,100,2018,05,2
C00344473,2232018.0,35,2018,23,2
C00344473,2122018.0,100,2018,12,2
C00344473,2242018.0,2700,2018,24,2
C00344473,2122018.0,5,2018,12,2
C00344473,2012018.0,500,2018,01,2
C00344473,2262018.0,50,2018,26,2
C00344473,2092018.0,45,2018,09,2
C00344473,2012018.0,200,2018,01,2
C00344473,2252018.0,18,2018,25,2
C00344473,2122018.0,200,2018,12,2
C00344473,2252018.0,25,2018,25,2
C00344473,2192018.0,250,2018,19,2
C00344473,2152018.0,35,2018,15,2
C00344473,2012018.0,50,2018,01,2
C00344473,2012018.0,25,2018,01,2
C00344473,2232018.0,20,2018,23,2
C00344473,2022018.0,50,2018,02,2
C00344473,2022018.0,100,2018,02,2
C00344473,2122018.0,250,2018,12,2
C00344473,2202018.0,75,2018,20,2
C00344473,2032018.0,15,2018,03,2
C00344473,2092018.0,300,2018,09,2
C00344473,2282018.0,50,2018,28,2
C00344473,2232018.0,200,2018,23,2
C00344473,2072018.0,100,2018,07,2
C00344473,2082018.0,50,2018,08,2
C00344473,2122018.0,250,2018,12,2
C00344473,2052018.0,100,2018,05,2
C00344473,2052018.0,1600,2018,05,2
C00344473,2052018.0,12,2018,05,2
C00344473,2092018.0,15,2018,09,2
C00344473,2182018.0,50,2018,18,2
C00344473,2062018.0,25,2018,06,2
C00344473,2232018.0,200,2018,23,2
C00344473,2262018.0,100,2018,26,2
C00344473,2202018.0,35,2018,20,2
C00344473,2052018.0,25,2018,05,2
C00344473,2052018.0,500,2018,05,2
C00344473,2132018.0,25,2018,13,2
C00344473,2282018.0,250,2018,28,2
C00344473,2252018.0,25,2018,25,2
C00344473,2232018.0,100,2018,23,2
C00344473,2272018.0,100,2018,27,2
C00344473,2052018.0,250,2018,05,2
C00344473,2122018.0,10,2018,12,2
C00344473,2282018.0,25,2018,28,2
C00344473,2222018.0,25,2018,22,2
C00344473,2262018.0,50,2018,26,2
C00344473,2282018.0,200,2018,28,2
C00344473,2232018.0,50,2018,23,2
C00344473,2202018.0,250,2018,20,2
C00344473,2232018.0,50,2018,23,2
C00344473,2072018.0,25,2018,07,2
C00344473,2192018.0,250,2018,19,2
C00344473,2092018.0,100,2018,09,2
C00344473,2052018.0,40,2018,05,2
C00344473,2052018.0,250,2018,05,2
C00344473,2202018.0,250,2018,20,2
C00344473,2122018.0,100,2018,12,2
C00344473,2062018.0,100,2018,06,2
C00344473,2012018.0,25,2018,01,2
C00344473,2012018.0,50,2018,01,2
C00344473,2062018.0,100,2018,06,2
C00344473,2122018.0,15,2018,12,2
C00344473,2252018.0,25,2018,25,2
C00344473,2212018.0,2700,2018,21,2
C00344473,2262018.0,100,2018,26,2
C00344473,2052018.0,50,2018,05,2
C00344473,2262018.0,400,2018,26,2
C00344473,2082018.0,250,2018,08,2
C00344473,2062018.0,5,2018,06,2
C00344473,2082018.0,100,2018,08,2
C00344473,2282018.0,250,2018,28,2
C00344473,2012018.0,100,2018,01,2
C00344473,2242018.0,50,2018,24,2
C00344473,2052018.0,50,2018,05,2
C00344473,2282018.0,15,2018,28,2
C00344473,2022018.0,100,2018,02,2
C00344473,2122018.0,1000,2018,12,2
C00344473,2222018.0,5,2018,22,2
C00344473,2022018.0,150,2018,02,2
C00344473,2242018.0,150,2018,24,2
C00344473,2052018.0,100,2018,05,2
C00344473,2132018.0,10,2018,13,2
C00344473,2022018.0,25,2018,02,2
C00344473,2242018.0,100,2018,24,2
C00344473,2052018.0,50,2018,05,2
C00344473,2062018.0,50,2018,06,2
C00344473,2082018.0,200,2018,08,2
C00344473,2092018.0,15,2018,09,2
C00344473,2152018.0,50,2018,15,2
C00344473,2062018.0,1000,2018,06,2
C00344473,2272018.0,25,2018,27,2
C00344473,2232018.0,100,2018,23,2
C00344473,2052018.0,100,2018,05,2
C00344473,2282018.0,250,2018,28,2
C00344473,2282018.0,100,2018,28,2
C00344473,2282018.0,25,2018,28,2
C00344473,2092018.0,500,2018,09,2
C00344473,2112018.0,500,2018,11,2
C00344473,2282018.0,50,2018,28,2
C00344473,2052018.0,50,2018,05,2
C00344473,2152018.0,50,2018,15,2
C00344473,2062018.0,15,2018,06,2
C00344473,2012018.0,100,2018,01,2
C00344473,2152018.0,500,2018,15,2
C00344473,2172018.0,15,2018,17,2
C00344473,2082018.0,2700,2018,08,2
C00344473,2022018.0,1000,2018,02,2
C00344473,2062018.0,100,2018,06,2
C00344473,2052018.0,250,2018,05,2
C00344473,2152018.0,250,2018,15,2
C00344473,2012018.0,1000,2018,01,2
C00344473,2232018.0,50,2018,23,2
C00344473,2122018.0,50,2018,12,2
C00344473,2272018.0,1000,2018,27,2
C00344473,2052018.0,50,2018,05,2
C00344473,2212018.0,100,2018,21,2
C00344473,2202018.0,25,2018,20,2
C00344473,2052018.0,250,2018,05,2
C00344473,2062018.0,500,2018,06,2
C00344473,2052018.0,35,2018,05,2
C00344473,2202018.0,15,2018,20,2
C00344473,2152018.0,200,2018,15,2
C00344473,2112018.0,25,2018,11,2
C00344473,2052018.0,35,2018,05,2
C00344473,2242018.0,100,2018,24,2
C00344473,2052018.0,100,2018,05,2
C00344473,2152018.0,1000,2018,15,2
C00344473,2282018.0,15,2018,28,2
C00344473,2092018.0,200,2018,09,2
C00344473,2122018.0,50,2018,12,2
C00344473,2242018.0,200,2018,24,2
C00344473,2282018.0,20,2018,28,2
C00344473,2192018.0,50,2018,19,2
C00344473,2242018.0,70,2018,24,2
C00344473,2022018.0,2700,2018,02,2
C00344473,2052018.0,100,2018,05,2
C00344473,2072018.0,100,2018,07,2
C00344473,2062018.0,50,2018,06,2
C00344473,2062018.0,1000,2018,06,2
C00344473,2272018.0,100,2018,27,2
C00344473,2022018.0,50,2018,02,2
C00344473,2052018.0,200,2018,05,2
C00344473,2022018.0,250,2018,02,2
C00344473,2022018.0,200,2018,02,2
C00344473,2122018.0,100,2018,12,2
C00344473,2122018.0,200,2018,12,2
C00344473,2202018.0,50,2018,20,2
C00344473,2222018.0,50,2018,22,2
C00344473,2212018.0,2700,2018,21,2
C00344473,2122018.0,15,2018,12,2
C00344473,2202018.0,35,2018,20,2
C00344473,2072018.0,250,2018,07,2
C00344473,2282018.0,300,2018,28,2
C00344473,2022018.0,50,2018,02,2
C00344473,2262018.0,250,2018,26,2
C00344473,2052018.0,50,2018,05,2
C00344473,2022018.0,50,2018,02,2
C00344473,2122018.0,1000,2018,12,2
C00344473,2042018.0,200,2018,04,2
C00344473,2162018.0,25,2018,16,2
C00344473,2082018.0,200,2018,08,2
C00344473,2052018.0,500,2018,05,2
C00344473,2282018.0,18,2018,28,2
C00344473,2282018.0,25,2018,28,2
C00344473,2262018.0,50,2018,26,2
C00344473,2152018.0,200,2018,15,2
C00344473,2282018.0,2,2018,28,2
C00344473,2072018.0,15,2018,07,2
C00344473,2032018.0,25,2018,03,2
C00344473,2032018.0,15,2018,03,2
C00344473,2022018.0,500,2018,02,2
C00344473,2052018.0,500,2018,05,2
C00344473,2052018.0,50,2018,05,2
C00344473,2192018.0,500,2018,19,2
C00344473,2052018.0,10,2018,05,2
C00344473,2262018.0,1000,2018,26,2
C00344473,2022018.0,50,2018,02,2
C00344473,2242018.0,100,2018,24,2
C00344473,2052018.0,150,2018,05,2
C00344473,2262018.0,35,2018,26,2
C00344473,2232018.0,50,2018,23,2
C00344473,2012018.0,500,2018,01,2
C00344473,2132018.0,1000,2018,13,2
C00344473,2052018.0,100,2018,05,2
C00344473,2072018.0,15,2018,07,2
C00344473,2282018.0,40,2018,28,2
C00344473,2282018.0,50,2018,28,2
C00344473,2212018.0,2700,2018,21,2
C00344473,2202018.0,2700,2018,20,2
C00344473,2262018.0,35,2018,26,2
C00344473,2072018.0,1000,2018,07,2
C00344473,2022018.0,25,2018,02,2
C00344473,2162018.0,1000,2018,16,2
C00344473,2262018.0,35,2018,26,2
C00344473,2052018.0,25,2018,05,2
C00344473,2282018.0,100,2018,28,2
C00344473,2192018.0,250,2018,19,2
C00344473,2132018.0,100,2018,13,2
C00344473,2282018.0,100,2018,28,2
C00344473,2062018.0,35,2018,06,2
C00344473,2272018.0,25,2018,27,2
C00344473,2052018.0,30,2018,05,2
C00344473,2052018.0,500,2018,05,2
C00344473,2242018.0,100,2018,24,2
C00344473,2012018.0,50,2018,01,2
C00344473,2262018.0,15,2018,26,2
C00344473,2122018.0,25,2018,12,2
C00344473,2022018.0,500,2018,02,2
C00344473,2172018.0,50,2018,17,2
C00344473,2242018.0,15,2018,24,2
C00344473,2202018.0,100,2018,20,2
C00344473,2052018.0,100,2018,05,2
C00344473,2072018.0,250,2018,07,2
C00344473,2192018.0,250,2018,19,2
C00344473,2122018.0,100,2018,12,2
C00344473,2272018.0,100,2018,27,2
C00344473,2012018.0,15,2018,01,2
C00344473,2112018.0,15,2018,11,2
C00344473,2082018.0,800,2018,08,2
C00344473,2192018.0,250,2018,19,2
C00344473,2052018.0,40,2018,05,2
C00344473,2092018.0,10,2018,09,2
C00344473,2052018.0,250,2018,05,2
C00344473,2052018.0,250,2018,05,2
C00344473,2122018.0,100,2018,12,2
C00344473,2242018.0,1000,2018,24,2
C00344473,2242018.0,100,2018,24,2
C00344473,2222018.0,250,2018,22,2
C00344473,2212018.0,250,2018,21,2
C00344473,2122018.0,1000,2018,12,2
C00344473,2072018.0,250,2018,07,2
C00344473,2022018.0,2000,2018,02,2
C00344473,2052018.0,50,2018,05,2
C00344473,2152018.0,100,2018,15,2
C00344473,2192018.0,500,2018,19,2
C00344473,2172018.0,150,2018,17,2
C00344473,2272018.0,1000,2018,27,2
C00344473,2012018.0,50,2018,01,2
C00344473,2232018.0,100,2018,23,2
C00344473,2262018.0,100,2018,26,2
C00344473,2092018.0,250,2018,09,2
C00344473,2252018.0,15,2018,25,2
C00344473,2022018.0,50,2018,02,2
C00344473,2222018.0,25,2018,22,2
C00344473,2122018.0,100,2018,12,2
C00344473,2262018.0,35,2018,26,2
C00344473,2162018.0,25,2018,16,2
C00344473,2242018.0,100,2018,24,2
C00344473,2082018.0,25,2018,08,2
C00344473,2262018.0,50,2018,26,2
C00344473,2012018.0,1000,2018,01,2
C00344473,2082018.0,100,2018,08,2
C00344473,2092018.0,50,2018,09,2
C00344473,2102018.0,25,2018,10,2
C00344473,2022018.0,50,2018,02,2
C00344473,2272018.0,25,2018,27,2
C00344473,2122018.0,100,2018,12,2
C00344473,2082018.0,200,2018,08,2
C00344473,2242018.0,50,2018,24,2
C00344473,2022018.0,100,2018,02,2
C00344473,2092018.0,5,2018,09,2
C00344473,2122018.0,15,2018,12,2
C00344473,2262018.0,25,2018,26,2
C00344473,2142018.0,100,2018,14,2
C00344473,2242018.0,100,2018,24,2
C00344473,2012018.0,950,2018,01,2
C00344473,2052018.0,50,2018,05,2
C00344473,2072018.0,50,2018,07,2
C00344473,2262018.0,250,2018,26,2
C00344473,2252018.0,18,2018,25,2
C00344473,2252018.0,75,2018,25,2
C00344473,2062018.0,25,2018,06,2
C00344473,2262018.0,35,2018,26,2
C00344473,2222018.0,15,2018,22,2
C00344473,2022018.0,50,2018,02,2
C00344473,2012018.0,1000,2018,01,2
C00344473,2282018.0,15,2018,28,2
C00344473,2012018.0,50,2018,01,2
C00344473,2242018.0,25,2018,24,2
C00344473,2052018.0,12,2018,05,2
C00344473,2092018.0,25,2018,09,2
C00344473,2232018.0,100,2018,23,2
C00344473,2142018.0,50,2018,14,2
C00344473,2082018.0,2700,2018,08,2
C00344473,2012018.0,200,2018,01,2
C00344473,2242018.0,40,2018,24,2
C00344473,2052018.0,100,2018,05,2
C00344473,2072018.0,50,2018,07,2
C00344473,2022018.0,150,2018,02,2
C00344473,2132018.0,100,2018,13,2
C00344473,2142018.0,500,2018,14,2
C00344473,2052018.0,25,2018,05,2
C00344473,2262018.0,50,2018,26,2
C00344473,2262018.0,300,2018,26,2
C00344473,2262018.0,50,2018,26,2
C00344473,2142018.0,200,2018,14,2
C00344473,2242018.0,500,2018,24,2
C00344473,2012018.0,35,2018,01,2
C00344473,2172018.0,15,2018,17,2
C00344473,2122018.0,250,2018,12,2
C00344473,2032018.0,50,2018,03,2
C00344473,2082018.0,1000,2018,08,2
C00344473,2232018.0,50,2018,23,2
C00344473,2092018.0,1000,2018,09,2
C00344473,2082018.0,500,2018,08,2
C00344473,2282018.0,50,2018,28,2
C00344473,2282018.0,13,2018,28,2
C00344473,2262018.0,15,2018,26,2
C00344473,2082018.0,100,2018,08,2
C00344473,2282018.0,13,2018,28,2
C00344473,2272018.0,25,2018,27,2
C00344473,2072018.0,35,2018,07,2
C00344473,2282018.0,100,2018,28,2
C00344473,2152018.0,1000,2018,15,2
C00344473,2082018.0,25,2018,08,2
C00344473,2052018.0,50,2018,05,2
C00344473,2052018.0,20,2018,05,2
C00344473,2242018.0,100,2018,24,2
C00344473,2152018.0,500,2018,15,2
C00344473,2252018.0,25,2018,25,2
C00344473,2072018.0,15,2018,07,2
C00344473,2262018.0,50,2018,26,2
C00344473,2012018.0,250,2018,01,2
C00344473,2192018.0,15,2018,19,2
C00344473,2202018.0,15,2018,20,2
C00344473,2202018.0,1000,2018,20,2
C00344473,2232018.0,50,2018,23,2
C00344473,2062018.0,2700,2018,06,2
C00344473,2082018.0,250,2018,08,2
C00344473,2202018.0,35,2018,20,2
C00344473,2012018.0,35,2018,01,2
C00344473,2162018.0,500,2018,16,2
C00344473,2232018.0,100,2018,23,2
C00344473,2162018.0,10,2018,16,2
C00344473,2242018.0,50,2018,24,2
C00344473,2282018.0,50,2018,28,2
C00344473,2232018.0,50,2018,23,2
C00344473,2232018.0,35,2018,23,2
C00344473,2082018.0,20,2018,08,2
C00344473,2042018.0,50,2018,04,2
C00344473,2082018.0,15,2018,08,2
C00344473,2022018.0,300,2018,02,2
C00344473,2022018.0,100,2018,02,2
C00344473,2182018.0,500,2018,18,2
C00344473,2282018.0,10,2018,28,2
C00344473,2012018.0,1000,2018,01,2
C00344473,2012018.0,350,2018,01,2
C00344473,2052018.0,100,2018,05,2
C00344473,2132018.0,250,2018,13,2
C00344473,2262018.0,50,2018,26,2
C00344473,2262018.0,1,2018,26,2
C00344473,2122018.0,50,2018,12,2
C00344473,2272018.0,100,2018,27,2
C00344473,2082018.0,250,2018,08,2
C00344473,2282018.0,25,2018,28,2
C00344473,2022018.0,50,2018,02,2
C00344473,2052018.0,200,2018,05,2
C00344473,2152018.0,10,2018,15,2
C00344473,2142018.0,15,2018,14,2
C00344473,2252018.0,25,2018,25,2
C00344473,2282018.0,200,2018,28,2
C00344473,2052018.0,25,2018,05,2
C00344473,2082018.0,200,2018,08,2
C00344473,2012018.0,100,2018,01,2
C00344473,2262018.0,35,2018,26,2
C00344473,2142018.0,15,2018,14,2
C00344473,2092018.0,100,2018,09,2
C00344473,2052018.0,25,2018,05,2
C00344473,2262018.0,50,2018,26,2
C00344473,2282018.0,50,2018,28,2
C00344473,2072018.0,25,2018,07,2
C00344473,2152018.0,10,2018,15,2
C00344473,2202018.0,50,2018,20,2
C00344473,2202018.0,100,2018,20,2
C00344473,2202018.0,100,2018,20,2
C00344473,2202018.0,50,2018,20,2
C00344473,2262018.0,20,2018,26,2
C00344473,2072018.0,15,2018,07,2
C00344473,2142018.0,250,2018,14,2
C00344473,2122018.0,50,2018,12,2
C00344473,2282018.0,25,2018,28,2
C00344473,2052018.0,25,2018,05,2
C00344473,2162018.0,100,2018,16,2
C00344473,2082018.0,150,2018,08,2
C00344473,2052018.0,250,2018,05,2
C00344473,2262018.0,250,2018,26,2
C00344473,2282018.0,250,2018,28,2
C00344473,2122018.0,50,2018,12,2
C00344473,2282018.0,25,2018,28,2
C00344473,2192018.0,500,2018,19,2
C00344473,2242018.0,100,2018,24,2
C00344473,2272018.0,50,2018,27,2
C00344473,2202018.0,50,2018,20,2
C00344473,2232018.0,50,2018,23,2
C00344473,2262018.0,35,2018,26,2
C00344473,2272018.0,50,2018,27,2
C00344473,2152018.0,35,2018,15,2
C00344473,2272018.0,18,2018,27,2
C00344473,2202018.0,18,2018,20,2
C00344473,2022018.0,2000,2018,02,2
C00344473,2202018.0,30,2018,20,2
C00344473,2212018.0,25,2018,21,2
C00344473,2092018.0,1000,2018,09,2
C00344473,2202018.0,100,2018,20,2
C00344473,2082018.0,500,2018,08,2
C00344473,2262018.0,200,2018,26,2
C00344473,2122018.0,50,2018,12,2
C00344473,2072018.0,50,2018,07,2
C00344473,2262018.0,10,2018,26,2
C00344473,2232018.0,25,2018,23,2
C00344473,2242018.0,250,2018,24,2
C00344473,2012018.0,50,2018,01,2
C00344473,2232018.0,163,2018,23,2
C00344473,2152018.0,200,2018,15,2
C00344473,2242018.0,100,2018,24,2
C00344473,2152018.0,10,2018,15,2
C00344473,2092018.0,25,2018,09,2
C00344473,2092018.0,250,2018,09,2
C00344473,2282018.0,50,2018,28,2
C00344473,2232018.0,50,2018,23,2
C00344473,2032018.0,25,2018,03,2
C00344473,2042018.0,25,2018,04,2
C00344473,2212018.0,25,2018,21,2
C00344473,2212018.0,2300,2018,21,2
C00344473,2222018.0,100,2018,22,2
C00344473,2012018.0,25,2018,01,2
C00344473,2202018.0,2700,2018,20,2
C00344473,2052018.0,20,2018,05,2
C00344473,2012018.0,1000,2018,01,2
C00344473,2072018.0,20,2018,07,2
C00344473,2262018.0,20,2018,26,2
C00344473,2212018.0,1000,2018,21,2
C00344473,2022018.0,50,2018,02,2
C00344473,2122018.0,25,2018,12,2
C00344473,2122018.0,50,2018,12,2
C00344473,2152018.0,250,2018,15,2
C00344473,2122018.0,15,2018,12,2
C00344473,2282018.0,25,2018,28,2
C00344473,2232018.0,35,2018,23,2
C00344473,2022018.0,25,2018,02,2
C00344473,2052018.0,200,2018,05,2
C00344473,2012018.0,250,2018,01,2
C00344473,2282018.0,35,2018,28,2
C00344473,2272018.0,50,2018,27,2
C00344473,2262018.0,500,2018,26,2
C00344473,2122018.0,300,2018,12,2
C00344473,2072018.0,100,2018,07,2
C00344473,2052018.0,100,2018,05,2
C00344473,2272018.0,50,2018,27,2
C00344473,2192018.0,2700,2018,19,2
C00344473,2192018.0,25,2018,19,2
C00344473,2222018.0,15,2018,22,2
C00344473,2122018.0,250,2018,12,2
C00344473,2012018.0,100,2018,01,2
C00344473,2122018.0,200,2018,12,2
C00344473,2052018.0,100,2018,05,2
C00344473,2122018.0,15,2018,12,2
C00344473,2082018.0,35,2018,08,2
C00344473,2262018.0,35,2018,26,2
C00344473,2282018.0,50,2018,28,2
C00344473,2272018.0,100,2018,27,2
C00344473,2092018.0,35,2018,09,2
C00344473,2232018.0,50,2018,23,2
C00344473,2012018.0,50,2018,01,2
C00344473,2242018.0,100,2018,24,2
C00344473,2052018.0,250,2018,05,2
C00344473,2282018.0,15,2018,28,2
C00344473,2232018.0,100,2018,23,2
C00344473,2022018.0,25,2018,02,2
C00344473,2052018.0,50,2018,05,2
C00344473,2242018.0,15,2018,24,2
C00344473,2022018.0,50,2018,02,2
C00344473,2282018.0,50,2018,28,2
C00344473,2202018.0,10,2018,20,2
C00344473,2242018.0,25,2018,24,2
C00344473,2242018.0,100,2018,24,2
C00344473,2242018.0,50,2018,24,2
C00344473,2122018.0,25,2018,12,2
C00344473,2122018.0,100,2018,12,2
C00344473,2112018.0,100,2018,11,2
C00344473,2282018.0,50,2018,28,2
C00344473,2022018.0,25,2018,02,2
C00344473,2072018.0,100,2018,07,2
C00344473,2282018.0,100,2018,28,2
C00344473,2052018.0,100,2018,05,2
C00344473,2072018.0,50,2018,07,2
C00344473,2282018.0,25,2018,28,2
C00344473,2212018.0,15,2018,21,2
C00344473,2262018.0,2500,2018,26,2
C00344473,2172018.0,25,2018,17,2
C00344473,2262018.0,50,2018,26,2
C00344473,2192018.0,250,2018,19,2
C00344473,2122018.0,500,2018,12,2
C00344473,2282018.0,100,2018,28,2
C00344473,2202018.0,100,2018,20,2
C00344473,2122018.0,250,2018,12,2
C00344473,2012018.0,50,2018,01,2
C00344473,2242018.0,50,2018,24,2
C00344473,2022018.0,100,2018,02,2
C00344473,2092018.0,100,2018,09,2
C00344473,2202018.0,5,2018,20,2
C00344473,2242018.0,50,2018,24,2
C00344473,2262018.0,100,2018,26,2
C00344473,2122018.0,100,2018,12,2
C00344473,2072018.0,100,2018,07,2
C00344473,2122018.0,100,2018,12,2
C00344473,2202018.0,125,2018,20,2
C00344473,2282018.0,100,2018,28,2
C00344473,2052018.0,300,2018,05,2
C00344473,2092018.0,15,2018,09,2
C00344473,2052018.0,25,2018,05,2
C00344473,2262018.0,250,2018,26,2
C00344473,2082018.0,100,2018,08,2
C00344473,2012018.0,100,2018,01,2
C00344473,2272018.0,100,2018,27,2
C00344473,2012018.0,50,2018,01,2
C00344473,2232018.0,50,2018,23,2
C00344473,2142018.0,100,2018,14,2
C00344473,2052018.0,100,2018,05,2
C00344473,2142018.0,100,2018,14,2
C00344473,2122018.0,50,2018,12,2
C00344473,2182018.0,250,2018,18,2
C00344473,2192018.0,300,2018,19,2
C00344473,2262018.0,50,2018,26,2
C00344473,2012018.0,50,2018,01,2
C00344473,2012018.0,250,2018,01,2
C00344473,2142018.0,250,2018,14,2
C00344473,2282018.0,100,2018,28,2
C00344473,2172018.0,25,2018,17,2
C00344473,2142018.0,50,2018,14,2
C00344473,2242018.0,100,2018,24,2
C00344473,2192018.0,25,2018,19,2
C00344473,2082018.0,100,2018,08,2
C00344473,2212018.0,500,2018,21,2
C00344473,2012018.0,200,2018,01,2
C00344473,2202018.0,250,2018,20,2
C00344473,2222018.0,250,2018,22,2
C00344473,2022018.0,35,2018,02,2
C00344473,2052018.0,100,2018,05,2
C00344473,2262018.0,500,2018,26,2
C00344473,2262018.0,50,2018,26,2
C00344473,2092018.0,25,2018,09,2
C00344473,2232018.0,35,2018,23,2
C00344473,2022018.0,15,2018,02,2
C00344473,2142018.0,100,2018,14,2
C00344473,2062018.0,100,2018,06,2
C00344473,2012018.0,250,2018,01,2
C00344473,2012018.0,100,2018,01,2
C00344473,2252018.0,25,2018,25,2
C00344473,2022018.0,100,2018,02,2
C00344473,2162018.0,1000,2018,16,2
C00344473,2262018.0,1,2018,26,2
C00344473,2212018.0,550,2018,21,2
C00344473,2272018.0,15,2018,27,2
C00344473,2242018.0,100,2018,24,2
C00344473,2072018.0,5,2018,07,2
C00344473,2052018.0,300,2018,05,2
C00344473,2052018.0,250,2018,05,2
C00344473,2042018.0,200,2018,04,2
C00344473,2052018.0,15,2018,05,2
C00344473,2262018.0,50,2018,26,2
C00344473,2192018.0,250,2018,19,2
C00344473,2092018.0,1000,2018,09,2
C00344473,2262018.0,50,2018,26,2
C00344473,2262018.0,35,2018,26,2
C00344473,2232018.0,50,2018,23,2
C00344473,2052018.0,100,2018,05,2
C00344473,2022018.0,500,2018,02,2
C00344473,2072018.0,15,2018,07,2
C00344473,2262018.0,50,2018,26,2
C00344473,2182018.0,25,2018,18,2
C00344473,2262018.0,50,2018,26,2
C00344473,2282018.0,100,2018,28,2
C00344473,2222018.0,25,2018,22,2
C00344473,2202018.0,250,2018,20,2
C00344473,2052018.0,45,2018,05,2
C00344473,2262018.0,200,2018,26,2
C00344473,2212018.0,25,2018,21,2
C00344473,2012018.0,100,2018,01,2
C00344473,2262018.0,50,2018,26,2
C00344473,2202018.0,500,2018,20,2
C00344473,2122018.0,100,2018,12,2
C00344473,2012018.0,250,2018,01,2
C00344473,2142018.0,25,2018,14,2
C00344473,2242018.0,250,2018,24,2
C00344473,2012018.0,25,2018,01,2
C00344473,2212018.0,250,2018,21,2
C00344473,2232018.0,50,2018,23,2
C00344473,2202018.0,25,2018,20,2
C00344473,2012018.0,10,2018,01,2
C00344473,2132018.0,9,2018,13,2
C00344473,2022018.0,600,2018,02,2
C00344473,2142018.0,1000,2018,14,2
C00606939,2212018.0,0,2018,21,2
C00606939,2012018.0,10,2018,01,2
C00606939,2072018.0,0,2018,07,2
C00606939,2272018.0,0,2018,27,2
C00606939,2142018.0,0,2018,14,2
C00606939,2012018.0,3,2018,01,2
C00606939,2042018.0,2,2018,04,2
C00606939,2142018.0,0,2018,14,2
C00606939,2132018.0,50,2018,13,2
C00606939,2142018.0,0,2018,14,2
C00606939,2272018.0,10,2018,27,2
C00606939,2122018.0,0,2018,12,2
C00606939,2042018.0,25,2018,04,2
C00606939,2142018.0,5,2018,14,2
C00606939,2262018.0,20,2018,26,2
C00606939,2252018.0,10,2018,25,2
C00606939,2222018.0,100,2018,22,2
C00606939,2152018.0,0,2018,15,2
C00606939,2102018.0,0,2018,10,2
C00409581,2062018.0,100,2018,06,2
C00409581,2122018.0,300,2018,12,2
C00409581,2162018.0,2300,2018,16,2
C00409581,2212018.0,50,2018,21,2
C00409581,2152018.0,100,2018,15,2
C00409581,2222018.0,40,2018,22,2
C00409581,2122018.0,500,2018,12,2
C00409581,2122018.0,100,2018,12,2
C00409581,2152018.0,1000,2018,15,2
C00409581,2092018.0,150,2018,09,2
C00409581,2092018.0,400,2018,09,2
C00409581,2052018.0,50,2018,05,2
C00409581,2222018.0,200,2018,22,2
C00409581,2082018.0,1000,2018,08,2
C00409581,2092018.0,100,2018,09,2
C00409581,2122018.0,200,2018,12,2
C00409581,2122018.0,100,2018,12,2
C00409581,2122018.0,100,2018,12,2
C00409581,2212018.0,2700,2018,21,2
C00409581,2122018.0,300,2018,12,2
C00409581,2052018.0,250,2018,05,2
C00409581,2092018.0,100,2018,09,2
C00409581,2122018.0,50,2018,12,2
C00409581,2122018.0,500,2018,12,2
C00409581,2122018.0,250,2018,12,2
C00409581,2092018.0,250,2018,09,2
C00409581,2062018.0,200,2018,06,2
C00409581,2152018.0,500,2018,15,2
C00409581,2262018.0,500,2018,26,2
C00409581,2062018.0,100,2018,06,2
C00409581,2202018.0,150,2018,20,2
C00409581,2192018.0,170,2018,19,2
C00409581,2262018.0,50,2018,26,2
C00409581,2192018.0,1000,2018,19,2
C00409581,2052018.0,100,2018,05,2
C00409581,2052018.0,1000,2018,05,2
C00409581,2082018.0,1000,2018,08,2
C00409581,2082018.0,500,2018,08,2
C00409581,2212018.0,400,2018,21,2
C00409581,2052018.0,75,2018,05,2
C00409581,2152018.0,200,2018,15,2
C00409581,2082018.0,1000,2018,08,2
C00409581,2152018.0,200,2018,15,2
C00409581,2222018.0,250,2018,22,2
C00409581,2052018.0,400,2018,05,2
C00409581,2202018.0,400,2018,20,2
C00409581,2202018.0,1600,2018,20,2
C00409581,2152018.0,1300,2018,15,2
C00409581,2052018.0,35,2018,05,2
C00409581,2142018.0,200,2018,14,2
C00409581,2262018.0,100,2018,26,2
C00409581,2192018.0,100,2018,19,2
C00409581,2082018.0,300,2018,08,2
C00409581,2092018.0,75,2018,09,2
C00409581,2092018.0,100,2018,09,2
C00409581,2062018.0,1000,2018,06,2
C00409581,2052018.0,100,2018,05,2
C00409581,2142018.0,2000,2018,14,2
C00409581,2092018.0,100,2018,09,2
C00409581,2052018.0,100,2018,05,2
C00409581,2082018.0,200,2018,08,2
C00409581,2162018.0,500,2018,16,2
C00409581,2162018.0,2000,2018,16,2
C00409581,2262018.0,50,2018,26,2
C00409581,2212018.0,200,2018,21,2
C00409581,2122018.0,100,2018,12,2
C00409581,2212018.0,2700,2018,21,2
C00409581,2052018.0,1000,2018,05,2
C00409581,2092018.0,100,2018,09,2
C00409581,2152018.0,500,2018,15,2
C00409581,2092018.0,100,2018,09,2
C00409581,2152018.0,600,2018,15,2
C00409581,2122018.0,150,2018,12,2
C00409581,2072018.0,250,2018,07,2
C00409581,2192018.0,1000,2018,19,2
C00409581,2092018.0,50,2018,09,2
C00409581,2162018.0,2700,2018,16,2
C00409581,2262018.0,50,2018,26,2
C00409581,2262018.0,50,2018,26,2
C00409581,2142018.0,50,2018,14,2
C00409581,2082018.0,500,2018,08,2
C00409581,2062018.0,100,2018,06,2
C00409581,2082018.0,50,2018,08,2
C00409581,2162018.0,1300,2018,16,2
C00409581,2202018.0,75,2018,20,2
C00409581,2082018.0,200,2018,08,2
C00409581,2052018.0,30,2018,05,2
C00409581,2052018.0,500,2018,05,2
C00409581,2212018.0,100,2018,21,2
C00409581,2192018.0,1000,2018,19,2
C00409581,2092018.0,300,2018,09,2
C00409581,2082018.0,100,2018,08,2
C00409581,2092018.0,1000,2018,09,2
C00409581,2152018.0,100,2018,15,2
C00409581,2202018.0,1000,2018,20,2
C00409581,2142018.0,40,2018,14,2
C00409581,2212018.0,150,2018,21,2
C00409581,2192018.0,55,2018,19,2
C00409581,2212018.0,200,2018,21,2
C00409581,2202018.0,100,2018,20,2
C00409581,2162018.0,700,2018,16,2
C00409581,2082018.0,50,2018,08,2
C00409581,2202018.0,1000,2018,20,2
C00409581,2122018.0,200,2018,12,2
C00409581,2012018.0,50,2018,01,2
C00409581,2212018.0,1000,2018,21,2
C00409581,2262018.0,100,2018,26,2
C00409581,2052018.0,100,2018,05,2
C00409581,2092018.0,1000,2018,09,2
C00409581,2092018.0,100,2018,09,2
C00409581,2072018.0,500,2018,07,2
C00409581,2192018.0,250,2018,19,2
C00409581,2212018.0,2700,2018,21,2
C00409581,2142018.0,1000,2018,14,2
C00409581,2062018.0,500,2018,06,2
C00409581,2212018.0,100,2018,21,2
C00409581,2262018.0,50,2018,26,2
C00409581,2052018.0,250,2018,05,2
C00409581,2212018.0,2300,2018,21,2
C00409581,2052018.0,100,2018,05,2
C00409581,2092018.0,50,2018,09,2
C00409581,2152018.0,250,2018,15,2
C00409581,2152018.0,400,2018,15,2
C00409581,2192018.0,250,2018,19,2
C00409581,2122018.0,1000,2018,12,2
C00409581,2082018.0,1000,2018,08,2
C00409581,2052018.0,250,2018,05,2
C00409581,2232018.0,100,2018,23,2
C00409581,2082018.0,125,2018,08,2
C00409581,2062018.0,2700,2018,06,2
C00409581,2212018.0,2700,2018,21,2
C00409581,2162018.0,250,2018,16,2
C00409581,2142018.0,200,2018,14,2
C00409581,2262018.0,300,2018,26,2
C00409581,2092018.0,10000,2018,09,2
C00409581,2192018.0,100,2018,19,2
C00409581,2062018.0,100,2018,06,2
C00409581,2122018.0,100,2018,12,2
C00409581,2122018.0,75,2018,12,2
C00409581,2082018.0,40,2018,08,2
C00409581,2192018.0,500,2018,19,2
C00409581,2122018.0,400,2018,12,2
C00409581,2082018.0,100,2018,08,2
C00409581,2052018.0,200,2018,05,2
C00409581,2152018.0,700,2018,15,2
C00409581,2212018.0,500,2018,21,2
C00582635,2092018.0,300,2018,09,2
C00582635,2052018.0,13,2018,05,2
C00582635,2072018.0,10,2018,07,2
C00582635,2182018.0,5,2018,18,2
C00582635,2212018.0,2,2018,21,2
C00653147,2222018.0,1000,2018,22,2
C00653147,2082018.0,1000,2018,08,2
C00653147,2202018.0,250,2018,20,2
C00653147,2282018.0,250,2018,28,2
C00653147,2052018.0,100,2018,05,2
C00653147,2222018.0,1000,2018,22,2
C00653147,2152018.0,250,2018,15,2
C00653147,2032018.0,500,2018,03,2
C00653147,2042018.0,250,2018,04,2
C00653147,2092018.0,500,2018,09,2
C00653147,2052018.0,500,2018,05,2
C00653147,2222018.0,1000,2018,22,2
C00653147,2272018.0,400,2018,27,2
C00653147,2222018.0,750,2018,22,2
C00653147,2092018.0,1000,2018,09,2
C00653147,2222018.0,2700,2018,22,2
C00653147,2062018.0,100,2018,06,2
C00653147,2222018.0,1000,2018,22,2
C00653147,2282018.0,1000,2018,28,2
C00458828,2162018.0,1000,2018,16,2
C00458828,2272018.0,1000,2018,27,2
C00458828,2062018.0,500,2018,06,2
C00458828,2062018.0,500,2018,06,2
C00458828,2022018.0,500,2018,02,2
C00458828,2162018.0,1000,2018,16,2
C00458828,2162018.0,1000,2018,16,2
C00458828,2022018.0,250,2018,02,2
C00458828,2062018.0,1000,2018,06,2
C00458828,2202018.0,500,2018,20,2
C00458828,2022018.0,1000,2018,02,2
C00458828,2062018.0,500,2018,06,2
C00458828,2022018.0,1000,2018,02,2
C00458828,2022018.0,1000,2018,02,2
C00458828,2162018.0,1000,2018,16,2
C00458828,2222018.0,1000,2018,22,2
C00458828,2062018.0,500,2018,06,2
C00458828,2162018.0,1000,2018,16,2
C00458828,2022018.0,500,2018,02,2
C00458828,2022018.0,250,2018,02,2
C00458828,2162018.0,1000,2018,16,2
C00458828,2202018.0,30,2018,20,2
C00458828,2162018.0,1000,2018,16,2
C00458828,2022018.0,1000,2018,02,2
C00458828,2102018.0,450,2018,10,2
C00458828,2062018.0,500,2018,06,2
C00458828,2062018.0,500,2018,06,2
C00458828,2022018.0,1000,2018,02,2
C00458828,2132018.0,500,2018,13,2
C00458828,2162018.0,1000,2018,16,2
C00458828,2022018.0,300,2018,02,2
C00458828,2022018.0,1000,2018,02,2
C00458828,2062018.0,500,2018,06,2
C00458828,2162018.0,1000,2018,16,2
C00458828,2022018.0,2700,2018,02,2
C00458828,2062018.0,500,2018,06,2
C00458828,2022018.0,700,2018,02,2
C00458828,2162018.0,5400,2018,16,2
C00458828,2162018.0,-2700,2018,16,2
C00458828,2162018.0,2700,2018,16,2
C00458828,2162018.0,5400,2018,16,2
C00458828,2162018.0,-2700,2018,16,2
C00458828,2162018.0,2700,2018,16,2
C00458828,2202018.0,5400,2018,20,2
C00458828,2092018.0,450,2018,09,2
C00458828,2092018.0,-400,2018,09,2
C00458828,2092018.0,400,2018,09,2
C00458828,2012018.0,1000,2018,01,2
C00458828,2062018.0,500,2018,06,2
C00458828,2182018.0,500,2018,18,2
C00458828,2022018.0,900,2018,02,2
C00458828,2102018.0,450,2018,10,2
C00458828,2022018.0,500,2018,02,2
C00458828,2062018.0,500,2018,06,2
C00458828,2022018.0,300,2018,02,2
C00458828,2162018.0,500,2018,16,2
C00458828,2062018.0,250,2018,06,2
C00458828,2192018.0,50,2018,19,2
C00458828,2162018.0,1000,2018,16,2
C00458828,2162018.0,500,2018,16,2
C00458828,2022018.0,1000,2018,02,2
C00458828,2062018.0,500,2018,06,2
C00458828,2162018.0,500,2018,16,2
C00458828,2062018.0,500,2018,06,2
C00458828,2202018.0,200,2018,20,2
C00458828,2202018.0,1000,2018,20,2
C00458828,2162018.0,1000,2018,16,2
C00458828,2062018.0,500,2018,06,2
C00458828,2272018.0,1000,2018,27,2
C00458828,2062018.0,500,2018,06,2
C00458828,2162018.0,1000,2018,16,2
C00458828,2062018.0,250,2018,06,2
C00458828,2162018.0,1400,2018,16,2
C00458828,2022018.0,1000,2018,02,2
C00458828,2022018.0,1000,2018,02,2
C00458828,2162018.0,2700,2018,16,2
C00458828,2022018.0,1000,2018,02,2
C00458828,2092018.0,450,2018,09,2
C00458828,2102018.0,450,2018,10,2
C00458828,2052018.0,150,2018,05,2
C00458828,2062018.0,1000,2018,06,2
C00458828,2162018.0,250,2018,16,2
